"FSC-A","FSC-H","SSC-A","GFP-A","PI_LSS-mKate-A","mCherry-A"
7.569629,5.329959,2.652362,3.460600,0.509524,0.593758
14.508862,10.311171,4.715773,7.472943,0.627740,2.025329
11.391821,8.119284,2.504426,6.103367,0.483554,2.982804
4.806974,3.188008,1.635739,1.912594,0.229117,1.016260
21.250553,15.092519,14.218931,24.595161,2.228044,2.984456
4.832078,3.166098,1.810264,3.633538,0.758075,1.268083
7.843862,5.541179,2.284255,4.696404,0.408847,5.308803
13.131764,9.487576,5.315465,5.259865,1.111305,8.984111
27.231272,18.459587,16.482454,18.481123,2.453686,4.518179
5.648562,3.997507,2.352798,1.246405,0.385817,1.743149
19.527485,13.898693,4.710491,6.990473,0.691001,2.368770
5.347996,4.009026,2.017305,3.278574,0.091120,0.603702
5.862822,4.257751,2.010632,2.869521,-0.059310,1.062615
8.745293,5.894313,3.196108,3.189324,0.490682,0.636696
26.725979,18.458471,8.520464,12.440840,2.002318,5.205901
12.098647,8.555780,6.579095,6.255611,1.822750,6.781116
6.301887,4.417473,3.612693,3.874177,0.257891,1.059583
13.211967,9.189747,3.916472,5.486831,0.755486,1.101873
6.003667,4.435155,2.952014,4.817802,1.510188,1.986477
10.072990,7.451803,3.655468,2.436756,0.453100,2.355033
6.371554,4.915752,2.226999,2.626365,0.658810,0.532647
9.352057,6.671023,3.848200,5.456795,0.400034,1.103088
30.362505,20.131105,31.190754,34.159969,5.893816,14.122119
3.982832,3.199660,1.935874,1.153971,0.319139,1.597590
11.857262,8.575074,5.611482,6.473602,1.045086,2.643923
8.936601,6.255837,2.870438,4.652293,0.649599,0.153891
10.992892,7.956402,3.698614,3.872436,0.464168,0.943005
6.523047,4.870791,2.308284,2.953804,0.203376,1.370578
10.562428,7.704463,3.668767,3.590876,0.473591,1.316513
15.467926,10.785381,4.829813,4.300374,0.471241,0.480145
16.566442,11.721874,4.391057,6.606623,0.243169,1.809243
4.742727,3.727072,1.957086,2.512513,0.452212,1.062666
12.025869,8.749022,4.154500,3.662605,0.292773,-0.749336
18.295725,13.240078,4.379118,8.592110,1.368085,0.069603
8.661904,5.929728,11.207837,9.650065,1.591965,1.094187
16.791962,11.789935,6.761147,6.676968,0.830636,2.585024
10.964067,7.927706,4.030015,1.715532,0.799051,0.865443
5.058674,3.828192,1.907455,2.826823,0.428893,1.516800
18.649780,13.002845,4.497859,7.400723,1.486081,2.568060
4.623421,3.504023,2.062252,0.986050,0.492254,1.236188
7.340641,4.920848,3.732347,5.965508,1.000335,0.916086
44.622166,26.347780,48.790257,62.696495,9.663129,16.002060
14.260050,10.367765,4.951221,5.087425,1.100935,0.259180
14.007239,9.863438,4.262784,5.351599,1.300963,1.292047
19.117840,13.629262,6.110983,7.701127,0.899524,1.904871
10.643454,7.933367,3.478847,4.318439,0.853609,1.801780
10.253719,7.165677,3.016647,3.650075,0.472359,1.313414
6.498627,4.474128,2.414186,2.496688,0.688312,1.055725
15.063114,11.133245,4.914554,3.613110,0.699448,2.254853
31.312817,20.793079,7.745507,12.579473,1.398534,5.511655
7.545336,5.170926,2.431319,2.535898,0.355360,0.251575
7.495814,5.343834,2.672197,1.931186,0.472129,0.853134
12.532909,8.613593,4.103322,5.093290,0.698871,-0.347825
19.896502,14.353811,9.013364,13.799151,1.291178,2.934406
5.671325,4.090048,2.005817,2.555705,0.716272,0.486912
14.239149,10.407294,5.110081,7.234663,0.761620,1.427295
7.606464,5.413378,2.672526,2.607797,1.028066,8.559235
4.650980,3.367301,1.692038,3.139959,0.055823,0.698608
7.915286,5.625510,2.734698,5.012070,0.835988,-0.388647
5.555459,4.097893,1.753899,2.459966,0.522949,0.256314
4.621414,3.538627,1.753641,1.326633,0.333516,-0.263592
11.178890,7.639551,3.268224,3.969885,0.540294,1.873439
7.464684,5.575869,2.949214,2.425263,0.169715,1.248610
14.102136,5.636985,5.203271,4.820136,0.451417,1.287621
12.709514,5.002356,5.050371,4.836915,0.713362,1.412706
5.964625,4.190668,2.073205,2.690730,0.111700,1.086250
17.362045,12.355534,3.922543,5.852394,1.004962,1.198784
19.343584,13.925749,5.210352,6.416605,1.125703,2.719050
7.100645,5.264652,2.504506,2.737722,0.291443,0.597324
7.346047,5.225545,2.850042,1.609653,0.704435,1.290442
5.831557,4.284902,2.285839,1.619648,0.121899,2.146929
13.360123,9.487959,4.082105,3.827892,0.470921,5.390205
18.830984,13.195170,4.522963,5.727883,1.133093,0.988147
4.324875,3.337526,1.829189,2.155700,0.177201,0.747360
11.766429,8.216571,4.794003,4.004188,0.660837,-0.219546
12.190608,8.881122,4.079265,5.495972,1.178097,0.436398
4.602069,3.320702,1.532822,1.837885,0.104430,-0.646195
5.848567,4.513925,2.556312,2.088241,0.459840,0.237260
4.298635,3.381949,1.606784,1.212033,0.582640,1.778716
7.105823,5.350550,2.337346,3.208596,0.788037,0.685799
4.873261,3.554906,2.192629,2.495342,0.366153,1.625959
20.017628,13.696425,18.284237,21.760132,3.300269,7.258485
4.429626,2.970569,1.785640,2.115707,0.232688,0.990567
6.790726,4.843239,2.437693,2.444704,0.232386,0.298791
9.465764,6.754284,3.344743,4.377625,0.841425,1.204845
8.925983,6.489059,3.145997,1.840003,0.691257,-0.241967
10.407224,7.370081,2.745133,3.752863,0.501754,0.947501
33.765965,21.881998,22.766472,25.052931,3.746865,8.382661
11.986753,9.071695,3.855546,4.271857,0.652840,1.095294
5.734333,4.322363,2.175324,2.992433,0.760775,1.140067
10.169864,7.634975,2.774899,5.447795,0.680517,1.808071
6.302536,4.723927,2.452771,1.858680,-0.106251,0.035666
12.385840,8.931764,3.591153,4.199022,0.385245,1.910323
24.352520,17.440372,7.022224,7.249225,1.502292,2.216617
22.213535,15.666123,5.738148,5.776778,0.894909,2.084274
12.905011,8.929590,4.180628,8.562549,1.251497,0.621455
5.107739,3.717751,1.925335,1.505460,0.558312,-0.639634
7.149996,5.130198,2.494786,2.869031,0.714380,1.847316
24.357407,16.769995,7.935956,9.676700,1.282384,2.688532
14.947762,10.590689,4.417310,3.489783,0.929763,1.336546
8.234596,5.889896,2.875840,2.955310,0.843707,1.157010
15.360647,10.785194,3.736060,6.643319,1.772836,1.664677
4.785343,3.328307,2.091151,1.485923,0.648696,-0.192695
4.320405,3.288327,1.494346,2.618836,0.248325,2.064058
5.233881,3.907181,1.703435,0.071622,0.445444,1.788148
6.051806,4.422738,2.079621,2.435310,0.462472,0.462899
10.770640,7.891509,3.153578,4.531065,0.980554,-0.227119
7.268583,5.065509,2.036736,2.168566,0.488261,0.506645
10.191253,7.046715,2.886674,6.445467,0.730021,0.094385
13.553802,9.569478,3.289216,4.479690,0.859330,0.858262
6.268027,4.889440,1.968603,4.041810,0.659913,0.038599
13.753082,10.127088,3.795579,7.542511,1.722770,1.500586
16.518047,12.204454,4.958457,4.568592,1.570020,7.475994
31.553984,16.354254,12.114980,17.995346,2.612382,10.499174
14.259467,10.152795,3.562197,4.504828,0.481336,1.513019
7.185572,5.734630,1.954640,4.210843,0.991506,5.022691
5.638346,4.115967,1.978614,2.002635,0.454598,-0.452492
8.241405,5.980970,2.467707,2.862073,0.708223,0.906392
8.799187,6.645317,3.092489,3.472753,0.339491,0.411036
15.050521,10.624524,3.994541,6.414125,1.739753,2.333014
18.359188,13.146601,4.512245,5.448689,1.073528,0.133824
5.852365,4.274058,1.871997,0.618647,0.440249,0.215857
21.469275,15.136872,6.947119,7.363644,1.366019,1.157684
6.472797,5.171430,1.742381,2.490485,0.540853,-0.511030
5.895064,4.557912,2.526242,3.121113,1.147266,5.389805
13.558679,10.024667,3.955360,4.994584,0.991898,1.424406
13.610793,9.886859,4.081013,4.513555,0.539966,5.257339
7.657419,5.472412,3.271726,3.869148,1.427648,10.444203
14.890750,10.805324,3.901517,6.444951,1.181451,1.705492
62.410946,32.664680,41.152443,53.006981,7.641916,14.991154
10.035967,7.309232,3.480652,4.659146,1.194422,3.239778
14.541357,10.677951,6.469190,8.206055,1.844491,3.769848
5.813011,4.445025,1.915262,0.878468,1.078935,2.161759
13.738801,9.855245,4.818253,5.837848,0.699024,1.234425
6.496491,5.108261,2.268703,1.359485,0.381627,-0.107538
7.410832,5.541504,3.468666,2.540755,0.049318,0.778904
16.716793,12.198421,3.976242,6.818713,1.367427,1.474924
22.334551,16.496058,6.037544,9.168810,1.490877,5.170659
10.543816,7.493413,3.856239,4.953504,0.566410,2.661993
4.375578,3.131314,2.030192,1.936054,0.035851,1.324080
4.970804,3.743949,1.845469,1.156439,0.531917,0.497230
13.127511,9.067444,3.476690,5.802202,0.676513,0.754900
7.851974,5.845597,3.286703,3.785872,0.564353,2.270974
5.657449,4.495060,1.760241,2.272259,0.750875,0.793187
11.680367,8.543894,3.188900,4.469510,0.555780,1.833363
14.686924,10.670189,4.248283,5.466583,1.335534,1.678329
16.662878,11.843072,6.510215,10.468019,1.562250,5.501983
12.868698,9.373082,3.849493,3.391959,0.095840,1.901407
14.958165,10.898986,4.549924,4.237463,0.861996,1.837130
18.294170,12.968446,5.116308,5.670368,1.277424,3.948663
22.166279,15.752103,6.843161,9.512788,1.036785,3.284931
4.529014,3.701154,1.857450,1.636244,0.268760,1.901733
18.732328,13.139599,10.005593,19.046217,2.480309,4.185130
12.824525,9.477092,4.006584,5.702147,0.831996,3.913637
11.326964,8.313388,4.005919,6.334833,0.498154,0.910370
11.806410,8.678909,3.602747,3.295227,0.357139,2.859672
15.778704,11.041621,4.563678,6.224984,0.738078,1.867678
7.542386,5.615992,2.736016,3.846299,0.750456,0.710632
7.302841,5.234500,2.272172,2.834953,-0.092301,0.515570
6.200509,4.150153,2.152278,2.327631,0.470471,1.111363
11.344467,8.512301,3.079809,2.556441,0.856296,1.789431
5.906864,4.562006,2.298327,5.074046,0.687344,0.370377
3.977739,3.101587,1.957712,1.512141,0.491096,0.734060
9.474820,7.290154,2.154760,3.245083,0.377908,0.323782
16.436327,11.487768,4.610421,8.988150,1.057186,0.700168
41.542931,25.960459,33.752064,38.592644,4.869616,9.897665
4.737475,3.730158,1.685234,1.029847,0.146375,0.177502
4.497828,3.333141,1.981771,1.124170,0.290873,0.449570
8.252371,6.089982,2.721371,5.023141,0.758669,0.998764
13.671945,9.699846,5.571610,6.651964,0.838571,3.154703
13.742238,10.050852,3.433442,4.888065,0.569009,0.815130
32.559341,22.815638,10.903224,13.611425,1.893783,3.546272
10.349766,7.356112,3.141089,2.900801,0.438527,0.639092
6.035897,4.021007,2.133688,2.105797,-0.009111,-1.150764
11.865209,8.697007,4.598112,4.338957,0.940441,2.135713
6.231013,4.503327,2.209030,2.905494,0.205825,0.668141
8.706377,6.335159,4.847933,7.883718,1.328270,2.488444
14.481215,10.152494,4.174143,3.639503,0.614096,0.057621
12.586498,9.156997,3.456506,5.037875,0.394387,0.736439
17.852703,12.797651,5.620608,6.343614,1.175036,2.752863
16.278288,12.118401,5.628761,6.035917,0.961200,1.612997
17.276695,12.033587,4.219532,6.488324,1.009823,0.161239
17.739807,12.907026,6.854043,8.162691,1.094480,1.981670
15.200442,10.991813,4.530102,4.082378,1.326343,1.222158
16.431074,11.810870,4.657869,4.137259,0.609636,0.951502
7.688053,5.729002,2.808437,3.670640,0.601467,1.374709
12.942223,9.142288,9.624021,13.278398,1.754358,2.973623
8.261992,5.986636,2.844135,2.093415,0.208532,3.186866
4.651994,3.301629,1.808805,2.914932,0.070958,0.672474
16.531700,12.364170,3.919729,7.605366,0.699560,1.278715
15.506552,11.302903,5.436004,5.420992,1.146222,2.786570
22.010464,15.521652,6.729851,6.103714,1.216033,1.190153
38.728519,23.202131,21.221451,24.866848,2.995026,4.704837
13.600635,10.002090,4.803157,5.912970,1.301508,3.414936
16.289188,11.273328,9.009059,10.261705,1.870494,19.568041
6.781530,5.057803,2.345792,2.550934,-0.025942,0.163742
3.768270,3.183184,1.471135,2.177597,0.358452,2.037081
11.208872,8.323722,3.385922,4.766887,0.770840,18.043732
4.925993,3.418219,2.235772,1.378539,0.165192,0.380601
5.733850,4.236364,2.304861,1.705161,0.510001,0.767583
11.419961,8.091844,3.568803,3.589435,0.688925,5.294422
9.445608,6.964204,2.775686,2.926388,0.730869,0.456879
19.778482,14.348547,8.757588,14.398083,2.744725,19.298399
16.464565,11.465655,4.536616,7.566119,1.022637,9.116313
17.748892,12.356826,5.234618,3.782547,0.813949,4.149023
18.750055,13.381325,5.316180,6.480832,1.316874,2.641798
3.921227,3.129999,1.660304,1.255967,0.335207,0.839987
26.950621,18.473845,8.444366,11.754309,2.625654,10.545103
7.972652,5.694711,2.270962,3.782182,0.681474,0.305221
7.929725,5.786093,2.581027,3.764172,0.325520,1.866164
39.880325,26.853289,19.927107,28.097870,3.853496,7.141013
18.652550,13.189049,5.406276,7.046793,0.707431,0.997085
12.196253,8.463373,3.805151,4.451859,0.727515,0.332885
43.496319,25.594748,31.175650,38.280800,5.298902,16.258121
11.418537,8.410704,3.033029,4.110748,1.253632,5.141838
4.564806,3.079859,1.909653,2.090971,0.831811,2.748974
18.190052,11.964399,5.471845,8.373238,1.374530,1.428019
10.965485,8.044855,3.777718,3.308555,0.423639,-0.507341
14.600300,10.047940,13.486021,54.409821,14.690883,77.042084
12.970375,9.323890,3.377722,5.689129,0.599254,2.015853
4.390572,3.175775,2.024766,2.156641,0.011884,1.099461
7.315621,5.057785,2.802638,3.852026,-0.086810,1.087245
9.676201,6.910969,2.897476,5.606546,0.551230,0.710523
21.697281,15.376678,6.181746,6.937456,1.112205,0.703030
12.742634,9.335173,3.564978,4.825809,0.417311,1.271387
35.117275,16.798138,11.563085,14.775763,2.073465,6.486295
12.671843,9.208176,3.306452,4.879482,0.841296,1.092615
6.644712,5.245894,1.888449,2.471134,0.237921,1.611957
5.315956,3.591324,1.996069,2.347489,0.178648,2.147574
11.744932,8.581325,3.425447,5.152596,0.495079,2.068403
18.198271,12.243028,22.697573,21.412971,3.183616,13.695281
7.285930,5.542975,1.722835,3.875434,0.293681,-0.397041
8.871367,6.568027,3.246130,4.784937,0.475374,1.648470
10.619197,7.700684,6.362931,7.889044,1.703968,-0.363266
5.454022,3.874027,2.109487,2.149597,0.392254,0.222715
3.753752,3.035923,1.866097,0.582291,0.238127,0.727378
6.511745,4.908359,2.046807,2.710278,1.069927,2.873320
16.060276,11.395810,4.280357,6.875332,0.998283,1.392968
11.825779,8.904625,3.490877,4.999005,0.477025,2.179157
9.582033,7.052730,2.682346,4.813509,0.757674,0.331925
12.572255,8.633723,3.954030,6.574460,0.723491,0.933782
5.136589,3.901497,1.733526,1.963071,0.402959,-0.633092
21.383505,15.605675,5.966641,6.713353,0.735673,2.300631
14.723343,10.647380,4.296933,8.039380,1.179692,0.693776
18.999893,13.943259,6.222290,13.009573,1.926586,4.202636
6.173016,4.721016,2.360180,1.672837,0.415243,0.023413
10.353000,7.523681,3.145237,3.998112,0.781472,-0.445744
4.983359,3.804168,2.018321,1.349450,1.157676,0.565775
14.430347,10.077632,3.702181,6.226551,1.612927,8.261039
4.122224,3.327404,1.414778,2.466537,0.540150,0.847094
4.367212,3.412366,1.825031,2.257914,0.776056,0.573670
8.510974,6.494485,2.527120,2.982680,0.446188,0.136710
6.971010,4.844281,2.719871,0.992971,0.900258,1.345235
17.746099,12.701259,5.169161,6.114032,0.849945,-0.143736
17.737762,12.657622,6.388631,4.150915,1.522280,0.858228
10.121279,7.035146,3.022442,3.951969,0.716563,1.206287
4.499637,3.487258,1.654103,1.268952,0.329006,0.959214
15.257896,10.571242,4.226166,6.041672,0.662859,1.752790
9.843493,6.837476,3.145105,3.743534,0.663054,1.026954
5.309228,3.500432,1.852817,1.934386,0.555799,0.253988
6.505177,4.461831,1.954345,2.469269,0.088795,1.163361
9.733989,7.016187,3.211676,6.208790,1.153476,0.719009
5.686886,4.342299,2.060686,2.818445,0.441400,0.700593
20.153776,14.503946,4.817303,8.031086,1.259052,1.501723
15.119025,11.061344,4.409883,7.908610,1.289084,1.509579
8.179947,6.132709,2.320227,5.346355,0.746932,0.524658
6.115494,4.378961,1.720877,1.429260,0.572918,0.406074
19.124832,13.543169,4.347516,6.318566,0.845161,2.881424
6.910970,5.346138,2.307537,2.639068,0.240819,1.087543
5.411220,3.805690,1.557209,2.613623,0.548186,1.282551
4.133592,3.218321,1.518628,2.983932,0.419218,1.394113
10.328194,7.310244,3.091997,5.961374,0.537677,1.086065
20.011873,14.164690,6.350830,10.308505,1.434398,3.541342
17.531088,13.023149,9.500329,14.508399,2.344915,8.597710
8.973253,6.254652,3.183081,3.271929,0.988556,0.319702
15.013868,10.707214,4.544349,5.379633,1.104823,2.245518
9.092222,6.686076,3.089923,4.712887,0.967554,0.529188
4.696599,3.352213,1.584950,2.502052,0.589455,1.125430
11.822800,8.527011,3.584514,3.539007,0.570707,1.431254
25.360477,17.334114,13.877747,17.531296,3.290034,6.374500
12.317248,8.926150,5.061790,4.897461,1.386373,3.434321
22.130041,16.263977,7.310908,7.884597,1.285813,1.118312
5.934058,4.462918,2.443451,2.030017,0.543067,1.568272
9.101581,6.332551,2.885788,5.788499,0.149446,2.964097
5.349620,4.114791,2.208443,3.002991,0.538455,0.817739
26.663944,19.292423,9.224897,9.585150,1.249970,9.906898
11.526382,8.590415,3.003053,5.106594,1.203028,0.990657
18.001595,13.170119,6.245711,5.265841,0.759192,1.886276
76.511803,34.119282,97.018135,111.633675,15.416753,27.134844
10.602746,7.748276,2.906238,3.775901,0.482224,2.645971
12.021280,8.544900,4.092625,2.577802,0.719769,4.459870
27.710066,19.641850,7.086753,9.453771,1.319430,1.667632
8.971746,6.371608,3.216599,2.687631,0.794717,1.159978
8.928717,6.192976,3.172801,3.845205,0.666176,1.130386
7.110096,4.892937,2.418424,3.130963,0.561047,0.449620
5.010491,3.808459,2.267592,2.088366,0.051081,3.122951
4.623622,3.538612,1.591017,2.093670,0.564636,0.250321
21.741167,15.519523,8.181211,10.026713,1.537255,3.843428
15.399247,11.229730,5.021337,4.807624,0.928644,4.295262
14.639354,10.450606,4.446784,8.870826,1.602111,1.208460
11.119037,7.722663,4.177235,4.347589,1.197209,1.496820
10.870856,7.644662,3.680072,1.773052,0.965549,1.694298
17.022217,11.936669,4.618659,3.818265,0.578596,1.742257
11.763966,8.034515,4.478611,3.661304,0.635319,1.128108
14.790562,10.911476,3.768186,4.732056,0.819829,2.364973
6.500496,4.910575,2.200446,2.904095,0.408406,0.348761
13.835765,10.385422,4.229544,6.737856,1.222872,8.331104
5.071471,3.802752,1.986247,3.131598,0.455301,1.062664
13.130683,9.224395,3.242539,7.062807,0.450377,0.741938
11.129787,8.264839,3.274765,5.908174,0.778765,0.962581
18.177795,12.906342,5.635714,5.475585,1.377850,3.353836
11.796884,8.463334,3.272291,3.758355,0.742502,4.521609
3.885736,3.177883,1.728276,2.002088,0.581009,1.690575
5.294127,3.656797,2.170555,1.696362,0.341503,0.143270
8.738880,6.143609,2.935633,5.110984,0.842888,1.313269
14.871113,10.664554,5.968490,7.857016,1.592283,0.938093
7.812523,5.810258,2.161086,4.205529,0.674814,1.195189
21.428570,14.913505,6.717727,7.823989,1.032959,2.399578
16.193789,11.769485,11.277484,12.732965,1.680917,4.547723
47.387310,30.852701,17.406523,22.636353,3.964191,29.709108
21.022911,14.751614,9.456565,13.620158,2.120954,3.483804
4.911111,3.404112,2.027820,1.335581,0.366345,0.110668
13.301259,9.242833,3.974690,6.566096,0.815227,1.041286
5.645211,4.269475,1.954503,1.113653,0.365174,-0.533777
14.456743,10.244014,4.267470,8.828033,0.705492,0.652868
15.170095,10.700981,3.392256,4.006345,0.330328,1.642340
16.854916,12.097711,4.570250,6.575952,1.060865,3.577197
8.969008,6.863286,2.710604,3.490063,0.046306,1.105021
19.308460,14.335192,11.066915,14.656771,2.041039,4.088166
13.353602,9.522054,3.539442,6.286624,1.013965,0.067860
24.219528,17.443485,5.983399,6.080807,1.066706,1.152462
15.029059,11.119987,5.857752,5.855103,0.998128,6.782093
17.849577,12.936932,5.472969,8.558845,1.471315,19.105474
21.087646,15.092023,4.246478,4.416956,1.145685,-0.420686
5.161376,4.057935,2.004963,3.533548,0.660434,0.367680
12.622504,9.291884,6.485027,8.533526,0.745609,4.627851
11.664536,8.692533,5.923568,10.413228,0.854771,2.485883
10.745345,7.418295,3.579489,3.145856,0.454712,1.241175
7.792356,5.763044,2.061659,3.830176,0.491841,0.406027
5.253472,3.880009,1.775601,3.136733,0.025608,0.048758
53.053379,27.292831,23.048101,33.663548,3.696370,6.329456
26.672895,18.882101,8.477073,12.085796,1.230492,5.195172
10.330646,7.948966,2.689206,4.660648,0.436191,2.476861
11.258792,7.812692,4.081523,3.727700,1.149302,1.433840
14.044338,10.318539,4.423847,2.998298,0.607330,3.573227
23.901581,16.327065,7.327365,6.867217,1.280513,2.112134
13.627799,9.538978,3.631619,2.935122,0.678764,0.786663
5.829927,4.655179,2.521416,4.704232,0.331405,0.222274
8.001335,5.636616,2.554388,2.476339,0.704054,-0.321347
15.384885,11.712976,3.876378,5.230601,1.679770,1.312786
9.055644,6.484144,2.884638,2.839865,0.283916,1.311206
12.941342,9.237767,3.297107,4.239770,0.763514,1.902652
13.175528,9.538719,13.944039,20.160433,1.281631,4.252941
14.691851,10.400498,3.533082,5.161054,0.784095,7.900337
4.517457,3.446615,2.305320,1.729972,0.622799,-0.174182
8.773945,6.619085,3.105981,3.994959,0.355291,1.658203
7.807297,5.682298,2.840767,3.512007,0.606995,3.442590
11.208901,8.413651,3.230851,6.014733,0.350684,1.265578
29.575386,20.438623,8.199286,12.870172,1.901999,0.903386
6.737882,4.549833,2.111555,3.016485,0.708181,1.554054
3.917226,3.243980,1.750713,1.404682,0.177420,0.479195
13.163518,9.434713,3.912897,4.623365,1.045913,0.560263
13.988248,10.190110,3.335217,5.723140,1.058854,0.667408
7.786663,5.904799,2.748507,2.047759,0.900957,-0.074425
8.512550,6.423094,2.958862,3.162408,0.365079,1.234653
13.123989,9.609718,3.798896,5.951156,0.956538,0.180380
5.576202,4.398407,1.892121,3.402408,1.072577,1.344759
4.270773,3.296462,1.564242,0.758773,0.780591,0.361004
11.459432,8.420976,3.244618,6.055760,1.149559,7.968078
7.829146,5.515129,2.927352,2.296630,0.804970,1.087876
16.130402,11.725801,3.669122,4.883780,1.023764,0.214667
6.155984,4.277789,2.383395,3.180295,0.373138,-0.446551
9.290317,6.766992,3.182570,5.115339,0.850310,0.953562
4.652832,3.364537,1.746025,1.816371,0.489608,0.387035
14.081059,10.180230,4.059018,5.327222,0.710105,1.587624
25.315783,17.603260,7.350193,8.487233,1.364747,4.211665
5.696515,4.207874,1.823937,2.458614,0.920139,0.249195
4.832473,3.661191,1.820191,2.114460,0.529401,0.594920
7.846231,5.901562,2.664271,3.430696,0.636310,0.892570
5.012484,3.464497,1.835156,3.799639,-0.108646,-0.004299
4.136783,3.076688,1.987161,1.568520,0.371662,0.317556
24.715841,17.788275,6.576519,6.889117,1.605343,7.958189
11.257997,8.354697,2.956121,2.689847,0.988821,2.378199
16.166128,11.313560,7.212827,6.357826,1.228728,2.600701
8.731881,5.872863,2.272190,2.936529,1.126545,0.829398
30.861380,20.587246,19.670630,23.196716,4.948427,27.100454
13.143579,9.603052,3.729160,5.002930,0.602680,1.705864
14.340303,10.180387,2.900492,4.000086,0.859943,1.310637
4.975896,3.617599,2.050853,2.054400,0.626414,0.501541
12.674729,9.071310,3.259293,4.614547,0.738740,0.720320
10.682382,7.951853,3.368119,5.396343,0.734585,0.568679
15.329987,10.626914,4.432667,5.497011,0.936247,2.750308
7.127946,4.984355,1.950060,2.359096,0.838784,1.604798
15.815768,11.047807,3.818939,5.361316,0.971672,1.025760
5.465333,3.727644,2.036229,2.892163,0.552192,0.508571
9.810571,7.114960,2.768951,4.885254,0.559999,0.699387
26.538744,19.085918,9.268545,10.213063,1.430821,3.984879
5.381777,4.118958,1.578605,7.716906,1.143022,4.100268
10.566892,7.440894,3.421037,4.439219,0.383127,0.065680
15.512082,11.181805,5.365024,6.457095,1.130663,0.158451
18.529078,13.306935,4.656263,7.038707,1.010571,4.759138
28.493492,18.818956,20.910351,28.502491,3.085857,4.083690
14.907488,10.829306,4.038861,6.575214,0.732971,-0.015633
25.139053,17.096292,11.799030,10.519587,1.577316,4.791207
14.398466,9.981901,5.545728,4.348592,0.791096,2.114367
8.770105,6.368407,2.809917,4.758437,0.579196,-0.400351
10.511271,7.521787,2.898432,3.127938,0.586235,1.210515
10.993342,8.140671,3.525719,6.789139,0.791317,2.626465
12.486409,9.087646,12.655745,15.886205,2.108099,3.018946
31.743195,22.316679,13.177889,18.221937,2.381932,2.788034
6.185899,4.725809,2.500217,2.856918,0.652214,0.678283
16.792763,12.095871,5.120787,8.235681,1.035414,2.035790
5.724849,4.120781,2.287471,1.423096,0.709437,0.191558
23.940607,16.866476,18.045263,21.497063,4.802303,18.746832
14.987309,9.023986,7.273880,7.590701,0.631104,6.231225
10.675302,5.322348,4.667316,5.816192,0.527792,-0.024981
8.045953,5.505040,2.750374,5.216393,0.607245,0.676405
7.637936,5.549128,2.885803,2.807027,0.735085,1.103256
20.300018,13.402403,7.137287,11.589255,1.304081,3.845893
6.182698,4.365503,2.031115,4.259893,0.378624,0.368628
15.218066,10.652722,15.580038,18.181940,2.406180,3.459560
5.956628,4.132230,2.652410,2.340302,0.709655,0.626141
13.176772,9.264032,3.559830,6.612609,0.749785,1.904115
16.464605,11.431331,3.803537,8.172810,1.027811,1.851128
15.973072,11.322375,3.351615,8.302055,0.852303,1.937623
6.344311,4.794697,2.444031,2.301664,0.261483,1.147605
7.295081,4.965092,3.389802,5.863169,0.825118,0.261716
8.947390,6.599893,2.991381,6.052093,0.760862,1.668305
20.297956,14.468460,7.212512,11.070251,1.309930,1.989675
21.291368,15.641879,5.891421,6.658991,0.720862,1.592049
7.624401,5.604453,2.379954,2.720362,0.024585,1.348032
6.993468,5.072402,3.245185,3.927292,1.051659,1.322280
20.418566,14.240647,5.490917,4.878906,1.294657,0.930018
12.650610,8.881421,3.699240,4.900831,0.689808,1.071401
11.224581,7.863997,3.113691,4.320992,0.651134,1.097132
12.821390,9.163363,4.677623,5.449836,1.214418,1.131882
6.226713,4.629784,2.292620,1.446357,0.946272,1.264550
8.419903,5.896338,2.696290,3.612991,0.649100,1.148973
7.242700,5.304469,2.944264,2.028524,0.410622,0.492773
5.624228,3.928048,2.231836,1.358946,0.504853,1.153612
20.886766,14.660851,13.819645,16.872328,2.352437,3.714915
6.162826,4.471756,2.291577,2.810585,0.928648,0.113304
15.427097,10.066655,1.516816,5.065466,1.496164,2.001559
5.528653,4.405983,1.973296,2.958837,0.760131,-0.101722
12.033998,8.701447,4.877235,4.303719,0.759414,1.073479
21.954178,15.026950,20.992168,26.725712,4.132854,6.086213
13.805066,10.243443,4.202176,3.711599,0.808451,0.411807
4.878370,3.849102,1.417298,1.355486,0.493476,0.779552
16.373718,11.680902,4.070213,6.921059,1.086160,2.204747
11.886082,8.197909,3.253960,6.892449,1.045226,0.296827
11.197924,7.858133,3.809297,4.324540,0.681003,1.207460
12.986147,9.043205,3.479224,5.243484,0.310187,2.094008
8.555302,6.361756,3.260007,5.215363,0.671943,3.182908
20.452349,14.561060,6.020699,7.797608,1.124180,2.741652
13.659783,10.040662,5.168328,7.280941,0.768091,1.850283
6.025379,4.738260,2.205032,1.690514,0.359360,-0.223512
8.538711,6.460166,2.846758,2.604519,0.717370,1.275999
12.142026,9.107357,3.822081,6.927746,1.211431,1.564017
12.247066,8.566796,3.576272,3.168595,0.250961,1.615409
6.922946,4.892548,2.385944,4.041747,0.467933,0.155202
4.797829,3.650345,2.185639,1.013938,0.907082,1.297750
4.223176,2.967973,1.594452,2.824332,0.624857,2.452909
22.038054,15.021455,10.259517,13.757946,1.700803,3.911556
12.994533,9.454469,3.448756,4.318522,0.403047,2.119693
15.705353,11.654000,5.051346,5.046809,0.657081,1.119813
6.822965,4.883670,3.238055,3.721930,0.513175,0.976841
5.211330,3.807017,1.864753,1.628806,0.574330,0.518736
5.033630,3.695050,1.990597,2.926106,0.918618,0.868081
20.060860,14.076297,11.277521,16.661125,3.076336,8.718946
6.485166,4.853203,2.093859,3.036843,0.357990,0.562482
15.038200,10.922968,4.420513,3.731838,0.750536,3.630649
17.230392,12.616364,4.373439,4.677100,1.226046,1.120239
13.572773,9.521894,4.028702,5.630565,0.996319,1.846220
9.927349,7.405953,3.611127,3.682560,0.791469,0.838491
11.983665,8.804149,3.596660,6.954036,1.023398,1.193695
7.598743,5.780278,2.263592,2.766691,0.989288,0.766631
12.595176,9.029881,3.697510,3.318654,0.934471,1.780789
14.140249,10.391423,8.085773,13.122778,2.866877,24.978561
21.004587,14.783653,5.522098,6.051292,0.960704,3.385061
32.629845,12.557310,10.170245,11.669950,2.087908,8.716961
10.091640,7.128873,2.584433,4.525426,0.556783,-0.443933
4.570544,3.516762,1.948198,1.767705,0.140612,1.056890
12.680897,9.380745,3.985121,3.893370,0.519243,7.250459
14.302991,10.367626,4.215026,4.580133,0.880172,0.879340
26.536875,18.530239,26.883038,30.613331,4.949362,20.797409
10.144071,7.609497,3.313357,2.162452,0.231044,0.764733
8.320457,6.260243,2.382190,4.472559,0.511086,2.572740
9.477386,6.989952,3.369442,3.462154,0.228687,-0.421673
9.738210,7.384026,3.284842,5.017574,0.849550,1.022078
9.003103,6.429230,2.643732,5.244927,0.710475,1.069381
15.636785,10.980075,4.087765,5.883468,0.829502,3.051406
5.632450,3.995035,2.217418,2.877147,0.729879,1.471950
24.937384,17.038357,8.018053,12.597087,2.207145,20.053247
33.025696,21.610016,28.320351,37.407955,4.771667,6.980464
41.366657,27.607069,19.228193,22.941460,3.447600,13.182007
12.114071,9.152941,3.475262,4.545841,0.911917,0.441130
16.386843,11.427937,5.395702,6.003364,1.037716,0.577711
7.091708,5.222025,2.128383,2.177868,0.286802,1.191052
4.673056,3.575690,1.579314,2.293086,0.340956,-0.191884
10.446663,7.626240,3.578334,5.772452,0.867468,2.399317
15.969133,11.745921,9.701985,14.717712,2.060563,3.219592
9.112524,6.667106,2.910674,2.882975,0.683701,1.062738
13.755652,9.672050,3.421172,4.973660,0.234451,2.361660
12.263858,8.796871,3.260784,4.614077,0.735883,0.502786
6.870816,4.637454,2.163879,4.895438,0.704747,1.049441
10.072280,7.188861,3.528140,1.660222,0.587811,2.650847
49.362038,32.881493,34.662487,32.665379,5.208293,8.960969
24.010357,16.756786,14.948040,18.050903,2.493447,2.736789
20.430004,14.601067,5.425844,7.047256,1.066356,1.854613
5.391394,4.023949,1.849373,3.840159,0.534973,1.574919
5.144994,3.615110,2.204631,1.289297,0.618766,-0.525377
14.977126,10.768986,4.940724,4.783935,1.605790,4.562978
10.695107,7.968616,3.572701,2.810704,0.434938,0.761250
15.309316,10.727077,4.032611,5.614180,0.827960,0.322900
6.972937,4.904951,2.420766,2.811573,0.338230,0.768126
9.327179,6.857049,2.721712,2.441387,0.407806,1.588318
7.364986,5.545868,2.120903,2.147065,0.870505,0.998660
13.335065,9.463419,3.618042,5.267834,0.185762,1.796248
34.248260,21.335526,29.202759,36.963806,5.034414,10.957098
7.490071,5.693930,3.479926,5.170811,0.772347,2.787308
10.014029,7.388976,3.240916,3.786452,0.467049,0.397965
19.375135,13.644451,5.431902,7.218330,1.593757,1.514080
19.583769,13.234361,14.206934,15.779038,1.798765,2.572239
12.411516,9.208079,7.060442,5.868822,1.156754,0.769927
27.682455,18.815969,21.900311,25.126322,3.230455,5.326101
10.411068,7.529397,3.304914,4.052163,1.102188,1.622357
4.348980,3.169376,1.825723,1.856551,0.399430,1.020375
9.902355,7.420588,2.905729,2.587691,0.226438,1.579877
17.263924,12.639292,6.672630,9.429923,1.299456,19.455315
10.257092,7.620439,3.241676,5.550177,0.604920,3.293107
12.280444,8.604604,4.525556,6.117936,0.767587,1.061252
9.765798,6.958761,3.414958,4.526011,0.875234,1.725424
27.142393,18.561443,8.143214,8.977155,2.029528,14.103321
30.067144,20.450413,7.193526,7.135554,1.162243,1.296155
21.148546,14.462923,7.897005,14.119569,1.895231,0.967698
20.040218,14.697722,7.099070,7.648493,1.243433,0.566111
5.459692,4.003153,2.346116,3.792571,0.361499,-0.087141
52.703785,26.258945,69.363976,88.438316,12.752405,15.383599
5.322296,3.635833,2.093168,2.675352,0.101110,0.230507
5.200133,3.689687,2.065788,1.894719,0.382126,-0.774128
9.983449,7.362853,3.531972,5.693611,0.504868,0.650681
23.972189,17.051275,8.693296,12.735680,1.528299,3.094017
9.738498,7.241887,3.214064,5.848727,0.603409,0.816549
44.426453,28.995018,20.367981,28.755451,3.743288,4.947721
11.304574,8.276494,4.175294,7.371100,0.878765,1.797058
9.101051,6.700514,2.999991,3.004443,0.491838,-0.077971
12.628247,9.007092,4.694242,5.248086,0.884186,1.263666
10.668842,7.702574,4.423727,7.424126,1.099616,1.588007
43.028431,22.469231,29.160843,34.519947,4.538480,13.392106
26.139645,17.592220,7.918784,10.320755,1.682376,3.265180
4.477813,3.257111,1.623363,2.260319,0.708945,0.417819
11.713037,8.521378,3.239831,6.649764,0.687204,1.482570
11.016660,8.170362,4.929988,3.758374,0.945092,0.431316
13.871538,10.197025,6.591467,11.109015,1.483343,2.924024
7.402304,5.534924,2.511912,4.654329,1.081547,1.748175
15.983447,11.241734,5.073280,6.217546,0.842228,4.105091
6.142348,4.767556,2.169803,2.303597,0.821479,4.263418
14.609940,10.272068,4.161589,3.851532,0.787861,5.287396
19.527630,14.371552,5.515962,6.396227,1.654206,6.490316
4.367417,3.205305,1.317227,2.465111,0.288100,1.088537
7.886015,5.621703,2.375360,3.088977,0.235838,1.033067
8.038419,5.912508,2.401227,3.736866,0.880886,7.851321
13.922939,10.035652,4.654219,6.867560,0.676333,1.557832
6.033809,4.678735,1.981960,4.070324,0.298304,1.241123
12.170502,8.514388,4.817817,4.798618,0.915312,1.032247
5.760516,4.156597,2.136854,1.464173,0.370735,0.875026
13.329235,9.515046,4.538408,5.399526,0.673580,0.527697
4.380979,3.043283,1.499070,2.082461,0.441741,0.522204
11.543083,8.419048,3.630138,6.177696,0.698512,1.340648
16.475990,11.469837,9.775449,11.556078,1.749429,2.021103
11.468880,8.462070,2.988768,4.704080,0.337487,1.439685
29.247564,19.581442,21.238577,27.402607,4.079192,19.063658
10.381886,7.438712,4.812395,4.451871,0.824310,-0.296944
8.372554,6.308762,2.831120,4.069288,0.708277,0.703886
20.856966,13.982422,21.009167,29.160698,3.533760,7.737869
10.719603,8.086385,3.205178,5.810743,0.943176,1.150710
18.291296,13.634669,5.995599,6.752398,1.190802,1.569960
16.497902,11.828172,5.494900,7.219224,0.891790,0.322965
6.479811,4.689843,2.252196,2.466997,0.500984,2.979850
14.419984,9.958485,15.848842,31.588793,44.794331,2766.864258
5.594798,3.820454,1.998713,1.643667,0.966708,1.228376
4.189245,3.363563,1.862111,1.164786,0.157142,-0.355671
8.484619,6.076436,2.685741,3.016502,0.625876,0.183576
8.208966,5.796560,2.302260,5.894826,0.660346,-0.394578
5.885299,4.146082,2.338818,1.626377,0.905960,1.400866
10.496296,7.209069,3.434362,3.997426,0.718077,0.984992
6.554248,4.585955,2.045928,2.267627,0.376551,-0.403713
11.076289,8.403627,9.653690,12.561540,1.978990,5.039419
16.747063,11.764604,4.723698,7.730029,1.411153,0.512110
12.080895,8.699578,2.838702,2.907969,0.331041,2.023652
6.718613,4.599079,2.507036,2.348546,0.177950,0.707656
5.517616,4.126758,2.423669,3.408267,0.281901,0.419540
6.342620,4.500165,2.026347,1.898024,0.237471,0.979692
12.422084,9.193370,3.497089,7.646051,0.730148,0.495651
13.018998,9.355515,3.520070,5.030053,1.129380,1.914433
10.440696,7.419729,4.249008,4.813190,0.638200,1.668179
6.414563,4.659632,2.523698,2.481813,0.257070,1.923496
14.206104,10.182879,4.278344,5.157460,0.742112,1.843612
5.605369,4.131109,2.062377,2.135234,0.264039,-0.406836
12.976954,9.578427,3.691891,5.093389,1.187519,1.184108
20.242413,14.667454,5.905074,7.467962,1.201659,3.453925
7.648339,5.343260,2.853945,3.435253,0.504275,2.858796
4.816748,3.609504,1.806743,1.979419,0.253025,0.639309
7.213918,5.052110,2.378808,3.923769,0.447264,0.716287
13.342869,9.446968,4.388493,6.369536,0.673113,-0.398547
18.423822,12.947053,9.359029,9.030341,1.791127,2.004865
18.664314,12.767751,8.007244,9.988369,0.951861,2.457248
18.253445,12.811595,4.125945,5.951196,1.188325,1.189554
6.004562,4.312141,2.863902,3.347612,1.086361,1.210315
14.708225,10.508348,5.625594,7.290186,1.382267,3.401151
18.815119,13.564383,5.795929,6.257236,1.258139,7.030155
15.111384,10.893191,4.874173,5.993606,0.912153,1.683988
8.499512,6.435928,2.816049,2.670304,0.342492,2.040879
8.375149,5.699880,3.135240,2.687569,0.637200,-0.169345
20.824314,15.465791,5.745381,9.913765,1.187775,3.769706
7.412878,5.336450,2.580994,0.844081,0.365158,0.953317
16.483011,11.960949,4.368396,7.524910,0.933715,1.080555
9.187879,6.441397,3.174639,3.378194,0.544139,0.261614
32.793205,22.488039,20.069744,27.516367,3.641684,3.874285
11.847238,8.182788,5.041566,6.897959,1.091534,2.903705
23.199022,15.473249,14.974936,18.379545,3.068068,6.193319
22.418705,15.144780,15.033051,21.936934,2.604019,2.630419
9.297017,6.239075,2.969332,3.496730,0.728037,0.599838
10.829687,7.979037,4.310505,4.794713,0.740951,0.966760
10.349730,7.340888,3.783541,6.082102,0.928317,0.199370
11.364017,8.410816,3.442576,4.093329,0.888709,0.722951
28.700703,19.501225,16.252672,21.859812,3.151333,5.717766
28.971245,18.611341,12.323640,20.900341,2.689477,4.751173
14.209619,10.373449,3.692904,3.800283,0.915337,1.256382
6.334990,4.627903,2.491302,2.981152,0.665335,-0.316225
13.842029,10.024764,3.858115,3.753083,1.031417,1.011801
8.236300,6.292150,2.820920,4.366497,0.612027,1.075390
28.996859,20.467180,7.188766,10.470681,1.164736,1.370002
13.665203,9.476485,5.527814,6.132611,1.044944,3.127227
8.452366,5.865540,2.956942,2.225151,0.671473,0.550893
10.114129,7.056917,3.332766,3.344176,0.880150,0.896775
18.298355,13.648067,5.828544,9.668735,0.857075,2.199919
14.573498,10.685126,4.575971,4.951548,0.936065,1.986330
11.640408,8.051422,21.306046,33.781712,4.953855,6.929868
19.451048,14.167275,5.364316,7.196890,1.186215,7.565894
7.607090,5.467782,2.215277,4.877645,0.524444,0.622425
17.695093,13.234633,4.823799,6.611740,1.295897,-0.222558
34.444012,20.233189,25.252424,33.323795,5.665460,22.257376
7.831633,5.568747,2.452280,3.383702,0.433638,0.858888
7.253105,5.284639,2.599015,3.841678,0.821640,5.955100
19.005310,13.205585,7.887022,15.041862,2.527113,10.953735
6.374726,4.505679,2.160980,3.302501,1.049959,1.279438
13.926415,10.050822,3.660896,3.801763,1.263583,2.452190
12.340258,8.803484,4.425864,4.970846,0.910187,1.910637
5.327129,3.551884,1.648240,1.635908,0.459040,0.987322
32.469131,21.861706,8.497769,10.304456,1.754853,2.521188
18.871206,13.152510,5.897646,6.652131,1.136575,3.391860
5.210963,4.200051,2.183454,1.717214,0.365691,3.157262
6.032859,4.723688,2.301016,2.632017,0.182965,2.174941
16.897751,12.001592,4.738092,7.893470,0.720798,1.691131
46.506721,27.029617,22.105618,30.469913,3.824805,7.524937
13.469142,9.377879,4.143981,6.004344,0.916438,1.819599
8.311010,6.212176,2.219291,5.110153,0.449874,0.436877
7.640775,5.250126,2.481436,2.971151,0.479926,3.482849
14.206507,10.797174,4.695691,7.652110,0.928957,0.868149
11.768332,8.650477,4.053722,2.772572,1.113230,-0.064578
19.255514,14.069437,8.888174,12.638127,2.297374,7.652181
8.056402,6.112602,2.802192,4.623464,1.135702,0.635134
9.717954,6.780188,3.319351,5.449759,0.950217,1.174971
20.683226,14.561939,5.641339,4.847457,0.963505,1.176133
11.646452,8.576525,3.264239,4.946269,0.739470,1.150875
6.378526,4.595815,2.323288,0.974593,0.454782,-0.211809
7.592822,5.356946,2.588896,3.869535,0.732849,0.325484
10.288705,7.228909,3.321741,3.062851,0.656049,1.859576
9.952598,6.989248,3.532088,5.316532,0.628386,3.729884
50.707973,31.902771,16.519518,20.812229,2.991128,3.729100
11.283854,8.336462,3.709273,4.041755,0.862500,1.878747
43.790905,27.177229,40.430325,45.992279,5.747271,10.400574
13.148035,9.196047,4.189146,7.237735,1.102386,1.607319
13.129346,9.225601,4.143992,5.675185,0.405363,0.405709
4.913877,3.760782,2.061856,2.940145,0.599041,1.930902
11.770360,8.366905,3.758867,3.589887,0.729008,0.077378
15.478898,11.481455,4.465412,5.735750,0.685900,4.084783
16.643122,12.084962,3.921294,9.306310,1.120730,2.371348
13.549210,9.952739,3.372735,9.120222,1.694500,1.382874
5.443340,4.305350,2.144315,2.017135,0.565029,1.479532
4.865207,3.481382,1.975635,2.228219,0.199889,1.315494
4.271330,3.224944,1.920209,1.461881,0.270351,0.613300
4.471051,3.350771,2.122548,0.575133,0.487991,1.273034
10.996581,8.158718,3.990667,2.691729,0.915897,-0.045393
4.864896,3.602728,2.132130,1.780066,0.517128,0.767342
9.469706,6.666098,3.507202,3.156634,0.444169,1.142927
8.918962,6.201892,3.488673,5.227302,0.746449,-0.297992
4.049951,3.219948,1.934038,0.907581,0.770078,0.592491
17.025330,11.987561,8.589110,7.915029,1.254714,1.797842
4.744305,3.416429,1.619923,0.930738,0.095780,0.970206
7.489664,5.368842,2.689141,5.125413,0.939439,0.433109
4.230726,3.455168,1.813624,1.719167,0.207242,1.209359
15.520210,11.063947,5.086251,4.781575,0.660776,1.007207
12.081642,9.041248,2.235411,3.121164,0.725616,1.619898
4.934607,3.832318,1.671630,2.174223,0.069138,0.337335
7.128613,4.918883,2.615165,1.520648,0.399990,1.438923
12.902264,7.875128,3.704404,5.537347,0.819864,0.789815
35.214611,22.514198,26.956919,31.344358,4.300107,6.949466
27.808464,19.718979,6.264359,9.199685,1.470367,4.085992
10.405887,7.911335,3.909689,4.534908,1.043223,0.892379
7.056206,5.702385,2.706863,1.928366,0.783785,1.241337
11.648079,8.135913,3.344135,2.787851,0.648555,2.604786
20.304810,14.773282,9.101056,12.773230,2.283666,7.116941
7.819736,5.658949,2.470491,2.850363,-0.057258,-0.365195
13.228886,10.048556,3.952069,9.348141,1.180365,1.949849
14.359148,10.592216,5.361080,4.353464,1.043178,2.540069
14.081195,10.034926,4.768097,4.173781,0.638509,2.160825
35.127289,17.848118,12.482983,16.791790,2.251258,5.981091
6.018758,4.504753,2.181110,2.268717,0.358019,1.094130
4.648615,3.465052,1.838956,1.943495,0.145439,1.243388
11.131285,7.984474,3.965998,5.239437,1.109251,2.316328
8.679520,6.253289,2.629842,2.995427,0.332422,1.465744
28.795681,20.115261,16.145306,19.430008,2.704891,3.622225
50.392693,34.466393,20.716093,26.072037,3.756317,6.552006
5.323895,4.270981,2.197821,1.836235,0.087972,1.326699
9.405265,6.601956,2.887512,4.396341,0.520862,1.908795
12.172594,8.849024,2.963849,3.623902,0.446709,1.426847
43.966484,30.048954,18.832613,25.024624,2.914376,5.887829
20.145903,14.609026,5.384655,7.208320,1.003227,1.026070
5.830154,4.610628,2.017695,2.431852,0.672864,0.745067
13.497204,10.031489,3.912822,7.778498,1.030668,0.207769
12.168705,8.841333,3.639921,3.709682,0.510425,1.072807
8.419470,3.909637,2.603281,2.337588,0.424103,1.917511
10.070956,5.640344,3.655695,4.510636,0.934133,1.856091
19.968166,13.994684,8.640388,14.713656,2.190948,5.823520
7.302717,5.089804,1.994969,2.964920,0.339408,-0.266386
13.583680,9.889607,4.592289,8.661709,0.772343,4.407064
8.185912,6.224073,2.360410,3.707825,0.749808,-0.323502
23.299688,16.552574,5.408604,9.888819,1.571131,1.987471
13.355013,9.707284,10.598368,11.749678,1.585487,6.786899
17.354931,12.312602,5.070327,5.904881,0.979447,0.576622
10.216932,7.250271,3.214725,5.655252,0.687830,4.854810
15.923355,11.786568,2.871236,6.977978,0.883005,0.437224
6.747473,4.650925,2.657990,3.011639,0.308156,1.645947
5.100493,3.924921,1.696349,2.082334,0.500005,0.878655
15.190107,10.874261,5.528619,8.220091,1.424132,1.869448
21.766237,15.797440,6.174918,5.669203,1.185663,1.117190
7.886443,5.972332,2.819535,3.234305,0.218273,2.493707
7.940238,5.941355,2.494594,1.883752,0.295738,1.368917
13.813657,10.457976,3.577243,4.119980,0.624025,1.582262
17.446678,12.184928,8.333166,11.277819,1.801474,3.779543
18.270313,12.799142,7.749979,7.760927,1.657825,0.781111
5.584706,4.189275,2.161238,2.906328,0.462362,1.010502
16.156824,11.408557,8.083892,8.257467,1.877318,13.109940
15.612528,10.746581,5.796044,6.915885,1.194483,1.001925
6.588618,4.982347,2.406043,2.272608,0.364460,3.869047
31.251236,19.922300,22.868177,20.814333,3.215389,5.634706
14.431689,10.374848,4.430137,7.666974,0.485673,2.846900
10.056701,7.223195,2.794860,2.222857,0.417376,-0.025655
5.557404,3.908308,2.316437,2.118112,0.819280,2.918678
25.413448,17.491203,15.918896,23.636232,2.701017,2.721110
8.433987,6.233475,3.016011,3.975385,0.421494,0.834701
16.504660,11.626186,7.435136,9.567391,2.093705,12.216066
12.748296,9.071976,2.790005,3.901359,0.237289,1.763779
12.007677,8.516549,3.649715,4.770992,0.609451,1.737930
23.269005,16.242113,8.605189,10.783861,1.242247,2.788481
28.776703,15.975012,26.809898,39.138035,5.186909,10.235607
13.737615,9.682471,4.029727,7.830165,0.858358,1.440871
6.132217,4.244696,1.679995,1.617745,0.081554,0.470571
26.069454,18.320595,11.703941,18.698177,2.467349,3.089995
45.497280,28.390781,13.873343,17.328741,2.609311,11.294412
5.609467,3.449576,1.547759,1.721727,0.569526,1.058576
19.152460,14.072244,5.462780,6.908725,0.973797,1.181026
13.480563,9.942828,10.980539,11.955032,1.447028,19.681425
13.330224,9.242135,3.902027,4.112878,0.464918,1.144677
5.901169,4.208072,2.095728,2.483992,0.197217,0.197479
6.030802,4.325005,1.797256,3.357191,0.689923,0.066438
5.521384,4.173842,2.212257,2.799340,0.319900,3.129977
14.358727,10.475762,3.626949,5.692748,1.353399,1.162077
4.644926,3.198938,1.843157,1.759900,0.326995,2.538199
16.450705,12.152693,8.455239,8.391235,0.941172,2.286541
13.427732,9.987966,3.583835,5.321267,0.981770,0.389838
17.163158,12.126571,4.681460,5.288185,1.107578,1.406888
17.956600,12.770257,6.499330,11.407708,2.013467,8.316686
5.754957,4.467269,2.128827,4.577833,0.644170,2.506688
21.983538,15.018845,7.218407,10.947794,1.851164,1.565385
22.570223,16.619413,6.080995,3.829734,0.918318,1.235523
15.285336,10.959400,4.384485,4.794106,1.110148,9.149876
4.297147,3.368998,1.606734,1.255490,0.387909,0.333309
10.292543,7.330899,3.427010,5.580062,0.806749,-0.029708
12.861404,8.956543,4.074956,4.655934,0.706076,0.322188
16.787764,11.806429,4.173294,8.823462,1.044985,1.833036
14.779843,10.585706,4.068892,5.643007,1.056700,1.407053
38.825813,24.438643,34.998322,45.327335,5.436817,9.424615
11.140849,7.994760,3.638926,7.242676,0.700971,0.066256
5.677480,4.128801,1.934750,3.525991,0.417081,1.201370
8.801855,6.010042,2.706987,2.965017,0.922475,1.185902
8.541683,6.087667,2.531375,3.058741,1.083134,-0.416889
15.120702,10.844559,3.631806,8.336838,1.107103,1.273286
10.635780,7.781266,3.123127,4.835431,0.835573,0.173448
9.686316,6.877316,2.728941,3.537311,0.383937,-0.582373
10.422626,7.392853,2.855915,2.647612,0.729093,1.481986
7.185693,5.292769,2.075383,3.930875,0.461021,-0.011141
14.462778,10.646252,4.597435,3.846302,0.601151,0.503664
15.931317,11.410007,7.819028,10.616420,2.402592,3.192156
18.978445,13.897326,5.666764,8.550283,1.132017,2.613867
11.535022,8.272989,4.282199,3.555942,0.525873,1.707996
7.902406,5.915226,1.935677,3.838420,0.425835,1.490873
12.210712,8.603900,3.358364,2.529341,0.562604,2.000321
7.898965,5.662669,2.419037,2.998771,0.496360,0.844850
11.102531,8.207848,2.996399,4.902469,1.295872,1.516329
23.992334,16.939100,15.358417,26.812620,3.271103,4.698720
8.667302,6.270965,2.778359,3.627854,0.594288,1.526889
39.359047,18.670822,12.388305,15.524499,1.734539,3.036446
29.164433,13.749000,10.373319,13.013936,1.597527,2.302194
10.135524,7.167210,3.182639,3.829891,0.791195,1.334889
13.538628,9.721453,3.931417,5.583276,0.991779,0.339874
8.641015,6.270571,2.251909,5.718627,1.063137,1.312804
13.152040,9.717958,3.350336,4.504056,0.628692,0.002319
58.333134,35.965481,21.362869,25.177553,3.156717,7.848424
9.341979,6.686044,3.865618,5.106126,0.714910,0.771794
10.277055,7.046512,3.227291,3.363591,0.667724,1.068098
9.585708,4.285671,3.101618,4.537823,1.254380,0.461794
7.965894,4.984323,2.980252,5.574803,0.864504,0.384871
22.377422,16.040535,7.459329,8.501377,1.371157,5.121507
9.925750,6.919281,3.017379,3.358225,0.965674,1.438694
27.516243,19.487814,8.328483,12.959006,1.550947,4.338459
15.000152,10.849086,5.891887,6.566013,0.870598,1.725821
23.418150,16.170671,11.994483,13.321500,2.635791,8.269731
9.566288,6.722307,2.382745,4.456003,0.716713,2.097987
30.586809,19.789171,43.020210,55.844543,7.352984,5.833762
5.816338,4.432483,1.915781,2.671874,0.732426,2.366384
12.444249,8.906716,3.238814,4.603478,0.576389,1.408055
5.416950,3.644059,1.902195,2.257354,0.317405,-0.212365
26.027283,18.303326,19.121943,25.768457,3.619135,4.478863
11.209470,8.156234,3.483856,4.346213,0.725496,1.781797
20.801231,14.755575,6.393797,8.172790,1.909137,2.699028
7.319983,5.258080,2.601313,2.786004,0.457727,1.189258
22.545292,15.879836,6.654362,9.852501,1.832060,3.422247
41.054714,27.577129,12.762686,15.144990,3.315255,10.980035
5.058881,3.848048,1.822207,2.064777,0.583673,0.581803
6.939617,4.844645,3.018198,4.561883,1.049740,3.376174
7.210722,5.195594,2.008987,2.473145,0.712548,0.604912
17.091228,12.430910,4.918990,10.275725,1.669719,1.908498
19.181288,13.123781,12.307506,17.201860,2.524002,4.741380
10.017817,7.522305,2.849393,5.903449,0.609509,0.632415
4.241311,3.294114,1.641988,1.534207,0.311139,0.610534
4.184821,3.046213,1.587103,1.582660,0.666775,1.027052
4.968508,3.517285,1.804862,2.417608,0.219539,1.245536
4.842156,3.458514,1.883576,3.128273,0.762521,0.771013
10.079376,7.645342,3.883656,5.119375,1.090905,0.765966
5.116833,4.010796,1.788307,3.367547,0.484921,0.707831
13.250072,9.937133,4.043641,6.012611,0.932474,1.001018
7.122703,5.073205,3.023356,3.804437,0.526013,0.353329
7.554435,5.827774,2.342147,3.998017,0.745078,1.155343
18.754299,13.159850,7.419585,10.498330,1.878119,6.121300
22.599617,15.813792,4.596130,11.551133,1.480057,0.876848
5.093026,3.878726,1.821007,3.201032,0.376953,0.245031
13.142817,9.356768,4.175004,4.025734,1.208627,2.921693
14.167229,10.323264,4.014011,6.073647,0.926349,0.540291
6.917732,4.822055,2.428748,2.613478,0.796218,1.063501
10.465045,7.554953,3.656073,4.092833,0.435264,0.671291
10.060472,7.158961,3.936406,4.670586,0.728789,1.592314
14.292412,10.518363,3.924311,6.733747,1.012409,7.895604
14.237129,10.484916,4.023039,7.273124,1.028846,1.678955
11.302258,7.834118,3.593439,4.191666,0.717037,4.221314
10.988932,4.986980,3.317003,6.109774,0.447853,2.865215
19.483025,13.683284,8.840916,14.091706,2.371833,3.270642
13.798576,9.836108,3.955148,8.708690,0.752691,1.636721
20.105526,14.060339,4.921437,7.055783,0.983556,1.231669
33.109154,19.553953,38.618423,49.210587,5.587892,9.345696
48.054405,21.949299,14.096441,14.146495,2.983035,5.145962
31.612619,13.906008,11.474746,17.703482,2.849032,4.518604
21.275190,14.593610,5.401439,4.223056,0.867081,1.303323
12.135141,8.831352,3.970138,4.674242,0.735395,1.530215
9.406643,7.314174,3.035049,3.913039,0.232770,1.434027
40.261360,26.226917,26.230225,33.517551,5.296325,21.392927
18.441917,13.387315,4.514904,8.170162,1.208207,1.508998
4.727982,3.486189,2.355843,2.356296,0.429959,0.487846
7.621691,5.641832,2.394814,1.768383,1.016307,0.074860
31.611801,21.123669,35.162163,42.195621,6.264782,8.513607
32.752571,23.223381,31.565893,50.919155,7.529144,7.599082
66.253189,29.159765,96.029060,100.956841,14.693266,31.592783
58.021301,28.132401,81.654167,91.750511,12.552365,21.522024
8.171051,6.116122,2.418126,3.050647,0.489111,0.410560
30.464434,22.033842,7.779782,10.613285,1.743718,3.507497
14.461305,10.483501,6.445554,9.031754,1.698454,2.355464
17.815838,12.363402,4.522685,5.459380,1.282241,0.637813
9.722146,6.750651,10.267670,14.068862,1.727077,2.879039
32.997231,23.792154,15.280885,21.345047,2.808370,16.441992
9.625913,6.831939,3.060139,3.934259,0.618304,1.335827
8.691265,6.387496,2.752393,2.564852,0.988154,0.803050
13.738391,10.074973,4.073614,3.471030,1.178207,1.853143
29.191662,18.880424,8.364898,10.683384,1.843736,4.063498
8.357068,6.204692,2.593420,3.288151,0.525757,2.489486
6.875569,5.144977,2.261474,3.731120,0.725344,0.859661
6.046230,4.640974,2.071179,3.211174,0.468238,0.678827
5.708129,3.973669,2.100188,2.854171,0.366833,0.676533
9.398842,6.642899,2.988720,4.831566,0.266030,1.243053
5.264003,3.973335,1.920837,3.162655,0.119548,0.873074
5.265295,3.658463,2.037111,2.116581,0.377966,0.025600
5.819867,4.456926,2.443954,2.060342,0.292541,0.861917
4.956966,3.589391,1.653246,2.080235,0.221756,0.267346
5.748395,3.901640,1.837948,2.800726,0.542051,2.730463
6.441760,4.709966,2.796315,4.250156,0.358182,1.017312
9.503156,7.147593,2.914923,2.814442,0.937919,1.572473
6.082536,4.646750,2.392614,2.377907,0.312347,0.127128
6.943362,4.916890,2.624051,2.084183,0.492001,0.712729
29.025368,19.558186,13.867122,16.062803,2.152509,3.059108
42.213017,27.183859,24.931738,30.639614,4.794992,13.505556
8.312097,5.879382,2.446942,2.400243,0.126054,3.615355
36.451874,24.028660,29.272083,39.777313,5.315035,15.955151
23.864477,17.017696,6.932441,11.082851,1.613384,1.061965
11.626607,8.549155,3.494669,5.384756,1.160136,3.221433
22.060968,15.866045,6.181262,9.993487,1.567742,2.345734
9.267162,6.947342,3.399781,4.118259,0.096411,1.059551
9.779617,7.241847,3.394015,4.965604,0.871371,-0.759082
14.544015,10.838005,4.949582,7.010993,0.660333,3.132391
8.783665,6.437025,3.030434,2.786287,0.577644,0.065331
6.777806,5.048411,4.672949,7.759402,1.751298,1.480424
9.453164,7.088385,3.135021,3.769763,0.945977,3.032164
10.827478,7.732365,3.147850,3.818264,0.789428,1.382576
23.759129,15.178774,8.932262,11.930316,2.120551,1.903095
15.187364,11.050380,3.933722,6.413042,1.159292,0.792976
4.551311,3.545197,1.808071,1.267569,0.068648,1.633886
4.989036,3.697345,2.689443,3.531555,0.589411,1.101253
10.615075,7.626977,3.045628,5.942946,0.583484,-0.646494
5.181067,3.680428,1.997834,0.728175,0.454041,0.498685
5.937447,4.379050,1.379324,10.938944,3.642486,11.099647
11.098752,7.759776,2.768749,3.567185,0.390579,0.765825
4.490047,3.290265,1.565073,1.201727,0.382717,-0.512102
10.745684,8.088332,3.489697,5.778022,0.483935,-0.151567
11.104647,7.879234,3.919187,5.071195,0.766392,0.431748
21.661030,15.632983,7.115525,6.973786,0.837104,10.805145
8.065833,5.875442,2.950744,6.045289,1.076534,1.027865
10.272200,7.404580,3.591899,3.038693,0.584013,1.115807
11.008356,7.881375,3.173179,2.725249,0.664824,1.487359
8.330112,5.879476,2.541021,4.067385,0.288157,1.503633
16.967001,12.022281,4.438263,7.791137,1.174672,0.879594
9.715721,7.268677,3.354473,4.039138,0.167301,2.786804
5.645986,4.141686,2.071160,2.053890,0.105865,0.639209
18.261452,13.306701,8.549591,11.945828,1.616791,3.489429
19.215033,13.458984,4.355927,6.304074,1.181838,10.331485
18.653011,13.483664,5.529549,7.682896,0.823063,0.714872
5.155354,3.805563,1.952616,1.911461,0.156522,0.401219
5.421243,3.940012,2.057171,2.312024,0.719041,0.321165
10.843306,7.814193,3.532822,4.928553,1.030468,0.687724
13.621794,9.633330,4.932981,5.885785,0.821705,1.806884
7.628809,5.815835,2.917141,3.851073,0.370800,0.208922
20.951401,14.821796,7.541689,8.570874,1.515797,16.614635
9.257934,7.166258,2.945356,3.258840,0.428397,1.534096
33.609173,22.683197,9.574123,13.141822,1.378625,5.540785
19.002939,13.269093,5.870322,4.742334,1.021431,1.214518
19.574335,14.336432,8.480724,10.780128,2.240706,2.604375
4.271616,3.137162,1.566939,2.470055,0.414518,1.073990
20.437422,14.340313,6.172034,3.524575,0.373713,3.062293
10.449532,7.180151,3.330091,3.890612,0.696583,1.338235
5.854831,4.391823,1.764237,4.378104,0.582638,0.592236
48.011066,30.512960,19.617899,24.025534,3.131133,5.495663
20.427530,14.571858,5.484097,6.355884,1.277579,1.751861
5.043519,3.697584,1.334488,0.757885,-0.050556,0.841786
6.264173,4.184628,1.998215,2.983759,0.481661,-0.096586
17.094198,12.267141,8.128739,15.608027,2.215262,1.593084
6.359647,4.421182,2.273760,2.316049,0.640829,0.851380
12.898270,9.335772,3.473376,5.889055,1.007643,1.784920
10.013865,7.074356,2.594596,3.720966,0.563922,0.733516
7.079175,4.976013,2.363216,1.910430,0.571480,1.353129
5.231957,3.986264,1.959252,3.096491,0.499799,2.719683
6.956598,5.149735,2.445621,2.925291,0.761105,0.139790
46.574791,28.881475,30.460556,32.655289,4.649409,28.261789
5.172243,3.647315,1.617676,1.696649,0.170247,2.058327
9.719689,6.790746,2.750099,3.989018,0.584244,0.176496
3.940715,2.994147,1.725998,2.546625,0.058703,0.013032
10.469674,7.292712,2.530874,5.214946,0.553584,0.321925
21.191515,15.182974,4.529477,6.192027,0.965915,0.637970
12.516665,8.957583,3.586343,5.336672,0.856450,1.804421
15.613733,10.994215,4.018774,2.947707,0.035873,0.937888
5.248309,3.712933,2.136710,1.248521,0.493230,1.179058
12.985028,9.214030,3.548732,3.877954,0.531948,0.708335
21.887421,15.182093,5.633005,4.983586,1.308161,4.371204
8.238891,6.250268,2.155381,5.271882,0.427197,2.426591
6.059604,4.344625,2.111285,2.018628,0.378941,1.466035
11.411363,8.174185,2.983689,5.004723,0.570825,2.573126
15.955217,11.388849,5.267676,6.314384,0.783125,1.726722
6.719932,4.738657,2.709548,1.097078,0.472688,0.773790
9.325387,6.859875,2.870574,2.841953,0.051255,1.048979
33.910568,22.600149,14.071755,18.760561,2.847455,2.555176
7.500482,5.464871,2.370392,4.448551,0.579546,0.900567
8.803039,6.274154,3.063363,3.273205,0.347776,0.548838
6.762505,5.235291,2.359304,1.231699,0.331914,0.342795
7.941351,5.606578,3.085152,2.326516,0.287989,1.442312
26.031464,14.961263,14.304611,22.581503,3.471180,2.621757
10.231526,7.525240,2.765460,4.615788,0.730063,0.177813
14.439317,10.411527,4.797816,7.015194,1.254407,2.044663
4.431622,3.302694,1.428042,1.733180,0.545520,0.333302
55.186119,32.798275,25.951685,28.345007,4.601248,23.179947
14.105065,10.436213,3.709833,5.087997,0.711835,0.466606
34.363201,23.878937,9.252877,8.436739,2.055038,1.250868
8.159700,6.290524,2.352495,4.642954,0.488704,-0.277102
15.513725,11.427885,3.932843,7.525694,1.055354,1.808116
22.679064,16.139536,7.973589,11.221717,1.725665,1.868157
8.118376,5.789575,2.555974,2.097420,0.518528,2.156397
6.527327,5.122373,2.439994,3.725595,0.363752,1.748976
93.687256,38.655972,242.185608,278.756470,35.522076,50.997990
61.772869,38.691433,99.851517,110.990974,14.393803,18.786905
4.718436,3.493264,1.481827,2.080951,0.289344,1.587401
30.064684,20.159111,16.938103,19.931736,2.286985,4.174358
13.475347,9.400870,2.832830,4.484655,0.741229,0.777661
4.684628,3.543405,1.759341,2.266078,0.704262,2.776484
14.431557,10.519693,4.363306,5.904901,1.205092,2.903127
16.909319,11.804553,6.591349,6.984362,1.221148,3.612717
34.463932,23.303501,16.249563,20.483847,2.625381,7.869040
8.719195,6.370513,2.780234,3.937976,0.321943,0.436650
19.495659,14.184156,6.734520,8.573477,0.978456,1.704699
32.475441,22.722029,18.240017,21.247295,4.237628,28.523954
8.364605,5.626376,2.664415,4.441723,0.489220,1.178794
17.337667,12.273483,5.821917,9.602739,1.531664,4.019565
4.957464,3.832399,1.966724,2.263304,0.329824,2.394835
4.519746,3.668389,1.859595,1.301710,0.359930,1.685285
6.298036,4.916276,2.663007,3.158021,0.370504,3.286917
20.743931,7.726425,7.564184,7.518355,0.883660,3.736925
41.079884,22.409452,43.330704,67.952652,8.667356,13.951834
7.157600,4.968882,2.361239,2.579186,0.408365,0.974434
5.662980,4.015036,2.004755,5.132277,0.652147,1.505109
21.994482,13.317971,14.271941,19.630295,2.981371,8.112732
85.440971,31.197367,80.980286,89.506607,12.074074,26.533255
85.134338,31.147993,81.098824,107.267181,13.250639,26.799675
134.323730,41.300621,199.512665,303.121582,51.872490,99.261276
13.370371,6.779976,4.053536,6.031609,1.428748,3.449432
19.548065,13.149441,13.270334,18.231293,2.712153,4.754303
43.538483,24.190807,51.145081,74.132812,9.846277,13.841905
10.701735,7.581485,2.953259,5.820258,0.752715,4.750956
6.451437,4.327209,1.795239,2.637218,0.360433,0.599783
16.322165,11.691164,4.679671,5.659195,0.933131,1.825266
33.580162,22.725349,11.806923,16.167465,3.093812,5.519762
20.409420,14.577416,10.181481,14.593339,2.485530,22.485701
29.896580,21.689926,22.104282,22.147429,4.233474,25.416710
28.599184,20.799175,11.295198,17.991447,2.425590,4.474646
15.572268,11.340100,4.218982,4.913301,1.183412,1.607461
7.391468,5.424834,2.443603,1.246023,0.454913,1.121632
11.288366,7.993954,4.524683,3.704198,1.036245,1.868933
8.737897,6.273288,3.372011,4.695767,0.263258,1.298074
12.710578,9.006384,3.193471,4.643982,0.367191,0.570447
58.767365,34.579620,56.856853,64.392883,8.820783,31.511013
11.250257,8.117877,3.970240,6.032971,0.843388,0.319583
15.089306,11.274797,3.968776,6.442318,0.618161,0.950196
11.626204,8.199902,3.628875,4.033188,1.014553,0.532356
4.889866,3.407384,1.563683,1.271518,0.269601,1.015591
8.005964,5.887210,2.793278,3.939436,0.546387,0.919936
30.746801,21.089445,12.545109,17.389294,1.747601,3.217778
34.071587,21.988831,11.079080,15.413667,2.015828,4.448942
47.181053,22.147989,44.586086,56.842121,9.880827,17.966471
62.317776,28.660257,55.557198,76.550377,10.645430,17.105051
4.117667,2.991083,1.045180,1.288233,-0.023362,-0.049684
13.074262,9.561184,4.516765,6.568820,1.283691,2.090769
9.561085,7.040037,3.011788,4.522129,0.172090,0.929658
11.617641,8.493309,4.475462,6.924297,0.734461,1.145337
20.212215,14.277279,5.340481,7.562392,1.221771,0.319250
12.377331,8.746897,3.882124,4.760592,0.544141,2.292545
9.909412,7.148614,2.669721,6.069839,0.337582,1.166192
12.712399,9.113441,3.242162,8.323275,0.719432,1.582466
9.526331,6.466479,3.232067,4.172346,0.535806,0.564601
39.500038,26.601440,15.049482,18.411253,2.350036,3.581769
5.591299,4.227434,2.061082,3.012719,0.228707,1.220376
9.162808,6.800409,2.643479,2.164021,0.103540,1.738686
13.111509,9.572887,3.413578,4.035341,0.845570,-0.117375
8.352212,5.666515,3.474969,1.187626,0.169551,-0.378853
49.137245,25.468298,59.470261,87.314590,9.744704,14.757879
4.671424,3.645271,1.519852,2.891876,0.222330,0.718876
9.355532,6.633981,3.163019,4.193581,0.869098,0.835931
12.969365,9.284135,3.350741,3.033408,0.810030,3.470666
29.733215,12.962825,12.275957,16.481213,2.282283,10.515224
27.611134,12.977177,12.286291,21.693769,2.989993,12.976611
9.452003,7.147332,3.755397,4.843174,1.008629,0.799564
10.178631,7.396056,2.736854,19.338413,9.149847,31.094000
5.673618,4.145366,2.277666,2.309720,0.612181,0.626717
10.631083,7.505969,3.301241,3.461390,0.440045,-0.344867
15.663184,11.084408,4.283941,8.174832,1.250731,1.743206
16.058552,11.496920,3.935977,5.208046,0.665986,1.328797
29.632843,19.299994,48.432419,57.684483,8.504131,11.617428
9.326230,6.658818,2.654502,5.197556,0.625142,1.449525
9.660954,6.863042,3.221155,4.078126,0.766481,0.376845
17.607952,12.529776,5.071945,7.153708,0.693731,2.955141
23.164793,16.679974,11.072976,16.801418,2.502898,7.289028
35.780273,24.509144,17.409374,22.493237,2.529139,6.084689
10.146511,7.172224,3.165121,4.051888,0.837025,-0.327692
13.397986,9.419152,4.154255,4.519259,0.751379,2.233013
22.046230,15.345746,6.479078,7.729457,1.283523,2.548013
31.419828,22.346746,10.909088,13.505829,1.878883,1.970241
11.550849,8.426867,11.271612,11.078124,2.423852,4.784623
5.917348,4.592137,2.188034,2.182081,0.813578,6.985162
8.787123,6.152589,3.285787,3.895345,0.807441,0.557144
14.927446,10.962688,3.909681,5.669477,0.771840,3.572262
13.740412,10.289675,8.990355,11.888964,1.761092,4.028934
6.171000,4.159380,2.037927,2.846808,0.989272,1.943557
11.518410,8.762660,3.690743,2.809797,0.435729,1.515777
6.195929,4.155077,1.770638,3.227585,0.817839,-0.322420
9.780618,7.252734,2.421397,4.631643,0.897532,0.083398
56.264870,33.586300,61.739559,73.034401,9.705339,15.793886
54.056534,31.000843,52.348934,66.072289,9.822981,35.493168
33.530151,21.115105,39.638298,53.114372,6.509101,8.306728
16.264948,11.661367,4.571989,6.840465,1.771939,4.447850
51.672134,22.546047,88.550491,112.653603,15.924530,28.463598
44.660774,20.506838,89.878777,130.328125,15.331409,21.478058
10.603245,7.925088,3.121611,3.295467,0.380524,0.632628
11.581795,8.087689,3.574280,3.576754,0.393792,0.543395
13.719612,9.793888,12.829873,14.190463,2.500857,2.062140
36.931187,24.252960,11.771602,16.169207,1.423185,3.243024
13.685889,9.950260,4.142056,5.527297,0.662355,1.266125
21.154270,14.776039,5.071166,10.903934,1.832918,1.168444
19.731352,13.740894,6.220657,6.077487,1.403105,11.673841
14.369365,10.645654,4.688831,7.684607,1.514519,1.660045
11.758234,8.241713,4.159552,6.508604,0.524180,0.171796
10.578623,6.399159,3.818380,3.961831,0.836564,1.915081
15.522674,10.313882,12.864799,13.770391,1.505941,3.765856
16.018684,11.388494,5.144382,7.096174,0.363201,2.121276
12.676310,9.300852,4.065834,6.002492,0.202593,0.938969
8.416496,5.841177,2.448892,3.761398,0.161500,1.628632
5.770062,4.053048,2.136858,1.883684,0.562041,0.603446
13.312879,9.317281,4.552268,5.846973,1.382384,0.333578
20.012243,11.408677,6.003572,8.730175,1.465865,4.670282
5.561779,3.949038,1.190602,1.587113,0.143364,0.045538
13.208584,9.648616,6.389521,9.929847,1.695637,4.164002
23.265829,16.415827,8.154225,12.706944,1.820380,3.561729
21.477934,15.460789,5.466239,5.852316,1.319075,1.789933
5.123625,3.632864,1.888698,3.197145,0.347643,0.634611
4.293609,3.464205,1.489179,1.570249,0.313456,1.717790
16.868526,12.439986,5.020943,6.992213,0.995626,1.343809
12.524952,8.766086,5.302866,6.436684,0.755696,0.402287
6.804816,5.042660,2.463397,5.064569,0.047623,0.732074
11.779147,8.466701,8.022085,9.762687,2.023425,2.018537
14.627430,10.141348,3.872024,8.212142,1.569383,1.239039
10.856310,8.056561,3.041280,5.494583,0.978473,1.193079
12.233035,8.615896,3.614535,3.609906,1.065777,1.220007
5.032745,3.571939,1.727092,2.050696,0.444249,0.418733
4.519927,3.235232,1.386012,1.787682,0.427904,0.260495
17.043421,12.227730,12.468693,18.102507,3.372292,9.694859
14.313711,10.020519,5.482673,5.403587,1.072481,2.970281
6.074938,4.503706,2.245008,2.295363,0.329612,1.202664
4.664360,3.325108,1.428577,3.992151,-0.187872,-0.607864
26.448246,18.480972,7.849897,9.994635,1.679022,0.732529
9.175786,6.444548,3.067796,3.481072,0.699743,1.216270
18.225798,13.277659,6.289548,6.386719,0.862148,1.614575
14.071219,10.285448,3.629744,5.686784,0.830459,1.398411
13.292712,9.773266,7.882666,9.835224,1.632833,2.647541
14.794120,11.195228,7.505313,8.682446,1.271093,1.794715
8.534294,6.046595,2.721285,2.875162,0.489931,-0.203131
18.151609,12.981154,5.507349,5.412824,0.971513,1.713150
5.016659,3.967571,2.155815,3.670964,0.234594,1.138508
31.144703,21.449457,12.409333,14.339249,2.103681,5.388918
8.949858,6.504189,3.051003,2.646202,1.051695,1.593680
26.902601,19.320396,14.010834,15.747789,3.238973,2.167986
7.931393,5.569367,2.336741,4.861395,0.735225,1.079035
75.068253,28.745663,191.995895,186.418945,25.144403,86.116631
18.732100,13.607663,5.239528,7.141980,1.241527,0.553424
20.970247,15.252076,8.130552,12.910768,1.960715,7.331090
16.249859,11.531282,5.544553,6.657418,0.539511,4.099445
93.089966,41.111847,143.000244,191.274734,22.560337,48.482391
6.030719,4.237576,2.065951,2.557092,0.129897,1.174595
17.391258,12.416860,4.794220,6.667211,1.112719,1.895407
4.618432,3.541475,2.227038,4.381519,0.299382,-0.266741
13.658827,5.840848,5.256474,5.180036,0.887770,1.090932
12.860649,5.901376,5.360974,5.191038,1.076747,1.116556
12.484857,9.036494,3.348686,5.646338,0.987385,1.158336
4.437250,3.278881,1.540453,2.267203,0.464224,1.262815
38.990307,26.552919,14.584823,18.384777,2.192951,19.420271
122.249542,59.629730,64.308975,71.045441,103.181587,5226.499512
16.735609,11.968270,4.096517,4.852933,1.015534,1.704296
12.261162,8.821302,5.031648,6.470710,1.523369,5.814037
6.096730,4.420640,2.018604,2.558541,0.601191,-0.027294
21.581232,15.389625,16.172821,16.656500,2.475386,5.284665
13.762855,9.908896,3.927696,6.296010,0.972392,0.743825
8.698142,6.493374,2.676127,2.462323,0.560636,0.035346
21.703360,15.109037,12.311357,16.171198,2.193029,2.757876
8.427799,6.166944,2.409335,4.133699,0.592161,-0.236788
13.162450,9.194831,4.723177,6.738491,1.047719,1.169113
19.813259,14.409844,5.913329,5.434262,0.888253,1.203532
5.681215,4.352670,2.225769,1.951561,0.404891,0.223828
28.661196,19.918451,10.554983,11.568435,1.769201,3.639136
11.347593,8.340789,3.154577,4.700784,0.791691,0.697051
6.123778,4.144330,2.004537,1.286895,0.728937,-0.425449
5.632708,4.218314,2.285699,0.802032,-0.123224,0.093858
10.182607,7.328826,3.433663,1.914107,0.540167,1.679345
11.908264,5.121943,3.929825,6.463537,0.743013,0.545746
18.219561,12.207358,6.138076,11.411869,0.535603,2.292050
4.666797,3.237710,1.864789,2.782406,0.702552,0.853582
29.402374,20.836027,8.511804,11.850243,1.233866,4.570817
12.392065,9.155806,3.929065,4.859777,0.909331,2.071470
9.412844,6.895262,2.839815,4.436385,0.570801,4.660066
15.698218,10.942815,4.325168,5.308670,0.584808,1.643420
21.418049,15.312991,5.545194,6.138260,0.590403,0.861880
12.537578,8.546650,3.717052,4.098380,0.177264,0.671383
7.746620,6.021772,3.615496,7.877914,0.457838,0.816244
45.825260,26.454670,32.577080,37.962902,5.674293,7.780747
16.541170,12.271378,4.488878,9.005185,0.961172,8.963967
10.206141,7.205200,4.645814,7.830542,1.489705,1.762637
6.068776,4.095442,15.611158,16.874435,3.423128,6.498163
10.789044,7.931042,3.365175,2.955067,0.591509,1.231326
12.410123,9.261391,3.928022,8.212641,0.638670,1.329874
12.012844,8.633847,3.803647,6.380243,0.556101,1.857863
7.083463,5.120896,2.286388,2.087469,0.237964,0.894374
6.231053,4.423838,2.611798,2.506403,0.635329,1.845999
6.351480,4.673890,2.533990,-0.020804,0.383222,1.598282
4.572173,3.418077,1.698090,2.553857,-0.014975,0.128515
5.877505,4.249240,2.220472,3.421559,0.223936,0.556774
13.818086,9.820308,4.583255,5.605330,0.776394,0.775554
10.384917,7.184525,3.001826,4.850713,0.863536,1.579040
10.761559,8.096544,3.381810,4.980018,1.013941,2.598862
7.525083,5.603383,2.874253,3.917212,0.354001,0.951886
25.327736,17.950626,6.594390,6.925189,1.080138,1.098632
32.348248,19.533588,16.873413,25.117210,2.694045,4.278851
32.236492,23.782978,9.684102,10.941915,1.612106,2.413557
7.749021,5.401623,2.531173,3.737953,0.406400,1.669165
23.062986,15.881906,14.596186,24.801464,3.081945,4.531960
10.972672,7.886119,3.158098,5.386483,0.933212,0.444482
3.797576,2.969668,1.529889,1.950859,0.612558,0.180491
14.411578,10.303815,4.463458,6.132526,0.744857,0.963941
10.739762,8.114537,6.639365,10.404149,1.330076,2.315244
8.438133,5.844113,7.754574,16.143915,2.670376,1.332511
29.507717,19.064531,25.407183,31.825356,4.734954,12.550982
6.369942,4.813275,2.585184,2.883628,0.205205,1.199001
12.360292,8.737469,6.237566,9.915195,2.035498,1.893087
5.960579,4.585969,2.457513,0.381250,0.176657,0.549120
7.951179,5.855496,3.257960,1.377770,0.793615,1.332626
10.833284,8.044079,3.353051,7.751004,0.689768,0.690774
37.570496,23.369810,24.742105,36.792278,3.890817,8.280045
20.001236,14.444086,14.464917,15.132554,1.803692,4.188017
21.180746,14.967115,9.188512,11.921069,1.803942,2.926785
25.668165,16.374636,16.680702,19.073900,3.090469,5.560065
6.436408,5.113496,1.917020,4.113920,1.209400,1.350713
7.893651,5.910280,2.718817,1.948149,0.802979,1.322949
4.556463,3.575939,2.033926,1.229064,0.398503,0.725901
15.996634,11.250832,4.639778,9.498912,1.436305,1.098238
59.058384,38.594646,21.242790,28.467752,54.557793,3282.201904
28.916779,19.574207,31.042351,37.181530,22.543146,19.714069
27.119968,19.210566,8.632660,10.708377,1.036897,3.065065
5.934955,4.294075,1.268668,2.457751,0.501586,1.259901
20.358767,14.505656,6.738605,6.152913,0.906967,2.011768
7.316920,5.259631,2.537027,4.608026,0.359195,1.452474
13.960211,10.070531,3.957473,5.415766,0.898931,1.685623
56.297073,30.567677,57.857918,76.853584,9.719738,16.228556
42.319050,27.659439,27.751862,28.417948,4.738469,8.684569
14.826982,10.458120,3.298627,7.525095,1.093925,0.664154
15.465783,11.246895,6.333349,5.616266,1.252398,4.849880
15.619614,10.587094,5.633937,8.640086,2.437455,10.393919
12.813210,8.857662,8.406228,11.697219,1.634355,3.627683
16.186478,11.209877,9.568989,13.380651,1.688736,4.119580
17.051352,11.718468,20.997938,26.212414,3.522737,6.377428
25.931021,17.824928,12.963509,23.112406,2.965493,4.110775
7.445559,5.619223,2.406384,2.300779,0.401302,0.649949
11.686475,8.021836,3.478022,3.624904,1.044425,0.223269
4.778144,3.286923,1.716620,1.282029,0.683176,-0.039799
15.805755,9.435807,5.379607,9.171914,1.237112,1.649729
12.560892,7.924366,3.886919,9.854052,1.138668,0.321786
13.872557,9.957616,7.888774,12.338456,1.726454,7.295464
7.657175,5.706645,2.317530,1.551126,0.698851,0.875973
21.813816,10.378265,5.576726,7.563900,1.724772,3.640511
20.531452,10.487536,5.973087,8.526374,1.576130,4.775877
14.838567,10.610341,4.536866,4.012872,1.269080,4.608232
6.731179,4.873763,2.100980,2.331368,0.710157,-0.821352
10.841841,7.562595,3.292208,2.196594,1.356283,2.486654
8.588893,6.244782,2.738805,2.472558,0.732033,1.553990
15.784465,11.253814,4.255948,4.830560,1.191949,7.762841
13.718136,10.193548,3.475518,5.921240,0.773015,2.127860
9.471963,6.777072,2.457556,2.126005,0.602665,0.409756
10.628644,7.478716,3.026944,2.934497,0.761373,0.608803
9.004312,6.214248,4.051847,5.728995,0.833629,1.413246
9.616975,6.825074,3.427271,1.956635,0.751680,1.472088
22.832088,16.356762,10.467229,10.327689,2.259665,3.034156
20.558687,15.403645,6.694625,17.022945,6.454834,14.964647
10.848032,7.554177,3.710960,3.875338,0.771980,1.717894
10.654490,7.597075,3.324143,5.101675,0.856046,8.309102
13.838616,9.930201,4.837053,6.522955,1.582693,2.553819
14.809973,10.055291,15.773158,25.835661,3.805086,6.662436
5.431927,4.282878,1.799469,2.797106,0.531507,0.888064
4.725348,3.612164,1.997673,2.222837,0.278271,0.088703
11.614541,8.300446,3.540024,5.454679,0.835288,1.668632
13.195050,9.487138,4.280140,6.284773,1.059140,1.396808
7.858072,5.872415,2.873327,5.211918,0.969355,0.542918
10.160009,7.407125,3.247116,3.189761,0.917873,0.741561
34.637882,24.146997,11.039517,12.483552,2.072321,6.908710
21.709425,15.789538,5.767501,14.017941,1.672519,1.732103
5.148301,3.930387,1.713937,1.557979,0.339091,0.554615
13.393687,10.026655,8.033160,9.154380,1.670554,9.271999
21.652725,15.331793,5.730898,8.907825,1.383345,2.662031
15.041789,11.287078,3.834136,4.276088,0.688003,0.757622
8.463276,6.064350,2.623391,3.382084,0.192927,0.730060
11.012690,7.891923,3.476348,3.989492,0.279066,0.428532
10.758024,7.757831,6.219045,8.238368,0.909883,2.352722
18.739014,12.809609,10.354850,13.564634,2.123651,4.638573
5.182489,3.506041,2.209366,1.388049,0.292365,0.212094
17.799992,12.174863,4.901028,8.759168,1.336565,1.774605
8.035213,5.939232,3.042808,1.024863,-0.230955,0.132755
10.286720,7.589162,3.165602,3.182003,0.357863,-0.195184
6.829570,5.199506,2.217957,2.114467,0.463032,1.044552
11.179924,8.743234,3.015504,5.505796,0.767154,-0.284425
11.047194,7.776545,3.171003,5.622209,0.618994,0.760395
27.210474,18.299843,24.813841,22.960457,3.798234,23.067291
43.683880,30.430178,13.952050,10.451340,2.049418,3.388585
14.222592,10.158776,3.785637,5.725291,0.744084,1.186661
5.859897,4.515760,1.880747,3.093297,0.428164,0.125199
9.233367,6.639579,3.109571,2.882775,0.417825,-0.031558
30.491642,19.020285,61.123528,69.570915,10.118448,27.034451
12.655040,9.098174,4.364882,7.273570,1.018435,1.062516
4.485846,3.156007,1.621867,2.205096,0.469118,0.614033
12.854931,9.025570,4.480642,5.024362,0.645999,4.374214
82.699440,38.515491,141.758484,205.682755,25.693735,43.899303
9.479789,6.752916,5.790998,5.309604,1.136615,1.920216
13.167723,9.270424,3.894413,3.809273,0.713823,1.861367
6.999602,5.195847,2.579563,3.351983,0.547898,1.526008
17.017935,11.729884,5.494812,7.354423,0.883002,2.778120
30.237108,16.361036,10.545227,10.882794,2.313402,9.821722
26.268509,12.554515,11.656732,17.870117,3.178746,5.039469
40.866291,26.679501,77.387161,83.657845,11.648708,14.986312
11.067913,8.009743,3.565834,5.323864,0.748673,0.890361
13.752005,9.675627,4.588540,4.664187,0.457464,1.061847
5.912613,4.259901,2.451364,3.510083,0.082551,-0.007451
5.559684,3.893676,1.888888,3.207771,0.503604,0.017588
17.386345,12.336061,7.787632,11.851927,2.608912,8.649080
49.928108,28.746813,53.168549,62.373772,9.682768,27.118237
12.623219,7.950954,3.343197,7.967716,1.188292,3.330397
88.925354,36.738583,115.020439,136.491348,18.544863,56.489731
32.722889,17.115423,12.275120,22.471224,2.704370,5.031274
73.389931,26.541752,39.701180,49.621979,5.404092,13.436403
61.595047,26.676737,37.962364,53.865814,5.690871,10.763427
18.950043,12.219048,28.362310,46.123528,5.842649,9.290012
95.477631,36.455891,189.862457,237.686111,32.884792,79.182716
9.518815,7.164120,2.750104,2.896662,0.247246,1.029649
41.007538,17.443644,76.451546,113.391907,14.039687,17.323191
16.432037,11.168983,4.969842,4.616528,0.398093,2.845622
17.119545,12.009193,6.151461,7.086071,0.996004,2.094530
5.470727,4.090255,2.041592,2.843049,0.214214,0.677886
59.401241,28.651934,56.188606,84.113243,10.553901,22.056818
6.398926,4.784045,2.010343,2.976346,0.624562,4.742229
10.277997,7.370132,2.866675,6.996923,0.549806,0.555740
13.770439,10.104471,5.330736,4.604137,0.735224,0.324625
36.519882,14.414598,50.097176,54.950859,9.981350,21.274389
44.934845,22.341852,83.556480,111.147636,14.206385,26.892677
12.260528,8.711359,3.766800,6.312546,0.731855,1.908337
9.968081,6.981603,13.846336,17.079584,1.398215,2.193614
8.662513,6.129773,2.875768,2.616495,0.414717,1.297776
7.535884,5.503752,2.643666,3.344737,0.680652,0.043732
47.864716,25.798769,44.379070,58.002911,7.498174,14.384949
6.575346,4.733432,2.580588,3.420209,-0.173205,-0.660694
26.632732,18.798399,7.153523,12.199795,1.044954,2.178624
50.388229,22.390024,31.360016,37.623756,5.791402,9.379229
74.525162,30.890013,66.117882,97.982918,13.779985,18.602053
57.214157,22.923706,57.181187,63.197865,11.190066,20.184433
77.282768,36.605789,77.640625,115.013756,14.063972,20.077089
38.397839,24.483572,36.263966,69.759483,6.937031,8.420335
52.263065,24.520168,33.024776,43.560894,9.730202,53.237762
59.255310,24.504728,35.505833,47.118462,9.554134,52.334423
22.430073,15.463445,7.859445,11.822158,2.094155,5.081804
18.253273,12.641385,5.025881,8.986997,1.146709,2.659619
12.649812,8.947707,4.159631,4.783720,0.118566,0.845536
10.109523,7.424984,3.579887,5.493799,0.754678,1.479771
12.110007,9.159264,4.646769,8.780208,1.422844,-0.013420
11.773371,8.613165,3.933557,4.545354,0.124319,1.145853
12.317596,8.787761,4.618498,4.304632,0.276348,0.321627
18.755146,13.611105,6.138854,6.544491,1.553046,3.540509
31.971834,20.653639,36.704605,50.966293,6.234340,6.633747
29.427410,18.830875,34.851280,42.334438,5.404907,16.846199
16.062178,11.181570,3.646654,6.784174,0.764422,0.909869
9.209185,6.854420,3.137701,3.948353,0.636176,0.518249
13.780524,10.393063,3.226325,4.263875,0.499101,1.900947
31.621418,22.379383,10.638298,12.127756,2.496849,8.039287
9.829199,6.960164,3.252070,3.511062,0.817413,0.567886
19.788801,14.114202,7.241925,7.092406,1.603355,5.600063
30.026146,19.538723,12.188991,15.104520,3.331041,23.424032
7.799984,6.031426,2.612534,3.056429,0.153608,1.077663
4.409625,3.101346,2.046831,1.562426,0.391160,1.105603
6.897365,5.178472,2.392579,3.442742,0.761737,1.562768
4.808502,3.674941,1.895891,2.866269,0.131828,0.962881
10.405546,7.944115,3.129357,2.938478,0.095489,0.006633
55.666130,20.587671,32.083122,39.656715,6.544522,22.869818
39.164341,17.452007,37.374931,48.292641,6.623030,27.465862
41.010437,25.760977,34.382339,47.380520,6.388607,14.027379
49.654697,28.685265,24.649328,29.770216,3.214035,7.242255
13.699620,10.084981,4.690738,6.742258,0.927598,1.035987
19.781977,13.998131,4.756351,8.439403,1.248516,3.909307
5.259543,4.049403,2.016716,2.032004,0.159845,0.121928
11.532719,8.354117,3.649759,6.333716,0.504237,-0.066647
8.921525,6.435781,2.769072,3.093524,0.357976,0.434225
9.568831,6.812357,3.003691,4.437523,0.530246,1.371393
36.755337,15.017972,10.485192,13.899098,2.589312,3.421578
38.997059,23.106295,18.775600,28.183487,3.588155,4.562544
9.019951,6.749038,2.948713,3.666967,0.720406,-0.488917
19.266916,13.484084,5.562127,7.941814,1.028634,0.822460
7.856795,5.466003,2.406675,1.601083,0.975786,2.191276
18.636019,13.066146,5.505816,5.486661,0.724939,1.828000
12.739423,9.456666,4.194652,5.686698,1.044813,8.439584
20.056900,14.036174,5.134883,6.773271,0.906173,2.443647
5.035152,3.496552,1.871712,2.480754,0.506374,0.556968
13.832406,10.240003,3.988523,3.908180,0.294976,-0.432484
11.106542,7.916858,3.655880,5.225314,0.412868,0.482581
10.957157,8.158383,2.988431,5.958909,0.306041,0.612253
12.938272,9.391138,3.098509,6.243217,0.668654,0.049061
10.757727,7.898906,3.363798,4.011665,0.445876,0.488830
8.901376,6.569494,2.598221,4.145403,1.004305,0.513575
12.044876,8.692011,4.552118,4.443352,0.971115,1.346442
33.323277,22.519152,14.604364,17.203058,2.079792,4.011082
60.962780,38.972763,48.717224,65.219872,10.694823,55.083958
4.810050,3.877753,1.650035,3.717765,0.435658,5.434707
36.498604,19.848713,56.198177,58.103897,9.090342,21.078487
41.176357,19.755690,60.993797,68.658203,9.760869,22.325342
66.806160,33.969437,79.577141,85.893112,11.592818,20.317842
5.902518,3.951036,1.599959,3.735034,0.146121,-0.065256
18.922573,13.432036,7.342695,12.910578,1.922772,2.306041
5.444616,4.406665,1.678777,4.219300,0.294662,0.282888
14.034598,9.781275,4.352622,6.237453,0.461632,1.236965
35.626007,21.625015,43.735149,35.032875,60.215431,3565.178955
12.744149,9.497954,3.933780,5.223501,0.670144,1.571124
13.115029,9.417727,4.163901,3.184646,0.568186,0.502318
11.807528,8.431381,3.446206,5.950984,1.281673,2.661866
11.128543,7.999579,3.372615,2.936300,0.819340,0.899813
4.296673,3.472959,1.846689,2.093110,0.389873,1.395039
4.403799,2.919986,1.427988,1.604561,0.683897,0.108155
82.089684,43.164310,103.049873,124.996658,16.515316,30.408255
8.720919,6.364308,2.804065,4.711775,0.978562,0.839644
19.832630,13.973343,6.336028,7.832908,1.051797,0.958085
7.379419,5.426212,2.723540,1.741116,0.997324,0.533256
17.177845,12.405453,5.488933,6.493862,0.833304,1.690179
16.208458,11.740870,10.643476,12.792061,1.876647,2.526397
47.381718,31.696789,20.620716,28.685589,4.641741,16.844492
7.258223,5.649342,2.782811,1.891297,0.243551,0.889614
22.661081,16.673588,6.794879,10.778902,2.292455,12.686165
13.436116,9.696682,3.920459,4.013263,0.791011,1.516461
28.769869,17.616718,43.584293,56.759354,7.693053,10.569968
7.284215,3.302025,6.704575,12.630228,1.521828,1.594277
40.566696,25.184780,40.246696,59.515957,6.815039,14.540042
9.959093,7.289913,2.846816,3.634829,1.067781,0.222505
55.127804,25.757580,32.493355,45.585167,5.458046,7.750256
36.895103,17.172663,20.668217,24.099810,3.340089,10.014462
44.415062,26.532265,67.174171,117.246727,22.571447,51.816547
10.431956,7.785671,3.073646,5.870375,0.492968,0.273002
14.166278,10.353623,3.359560,3.285960,0.744489,1.560477
18.047047,13.029910,4.990421,4.687084,1.290862,1.514223
21.521544,15.558350,9.842550,10.343566,0.847189,1.901731
40.429230,25.213263,16.769629,26.570419,3.413348,6.644082
32.791252,21.750200,12.224778,17.138578,2.420105,3.827363
4.843007,3.956495,2.064236,1.442630,0.381391,0.372964
20.997355,15.390927,19.335493,21.554186,2.748506,3.284189
29.954977,21.283585,7.506908,11.708012,2.062680,6.420582
7.867399,5.709455,2.742298,5.215414,0.689303,0.378426
8.607965,6.504479,3.531271,3.452325,0.388347,3.572639
9.149802,6.430521,12.714426,15.982430,3.533864,19.920603
11.058525,8.033897,3.297648,4.427610,0.867777,0.551135
14.829131,10.618809,6.785164,9.894484,2.310910,5.155407
62.017086,33.147728,142.019897,179.815460,25.397442,48.196136
47.684643,25.172354,52.728390,78.578758,10.105803,15.943752
24.110403,15.951184,18.909485,26.515850,2.899948,5.408995
85.526283,39.777569,55.904705,72.712372,9.966102,17.153154
5.538920,4.115979,2.011347,3.379446,1.168013,0.862186
36.766045,24.336233,21.077478,23.662018,3.295711,20.842556
13.495348,9.394970,4.246119,5.736205,1.125161,2.844057
12.879649,9.196188,4.060987,4.067786,1.016428,0.914101
27.277603,19.813103,6.808598,12.707262,1.141016,1.898027
7.174212,5.355639,2.740585,3.322305,0.358281,1.348800
3.985077,3.117399,1.927532,0.509243,0.200990,-0.030541
11.307609,8.232568,3.305434,5.810124,0.642807,0.331884
16.941391,12.139442,7.488570,10.069183,2.405334,11.586556
41.030861,27.507061,11.600773,16.855381,2.162742,2.471209
15.195126,11.256173,5.575291,6.429002,1.134744,2.276673
9.156075,6.466769,2.864802,3.700138,1.032719,0.279274
12.989299,9.456168,3.458890,6.160494,1.025657,3.359308
18.907429,12.569445,5.128641,6.446120,0.559906,0.963539
8.041515,4.659867,3.098547,3.294568,0.364969,0.518121
4.582182,3.077863,1.802385,2.059680,0.666447,0.866923
27.220543,15.162635,9.703905,16.082420,1.511003,1.292853
5.361420,4.007882,1.966827,0.169676,0.770872,1.157415
20.799160,13.944826,15.911782,21.883579,2.259562,3.936779
7.205507,5.224633,10.077785,13.641418,2.283809,3.612922
15.080147,10.541175,10.192127,13.517550,1.823523,1.913008
13.181874,9.566540,3.730786,4.333563,0.846774,1.906564
16.281208,11.355818,4.270774,6.718278,1.159015,0.934835
11.007899,8.424932,3.853021,4.026853,0.667267,1.071322
17.324425,12.320358,4.476008,3.713565,1.199624,1.074924
5.944361,4.076004,2.109734,3.345589,0.150520,1.287691
5.478398,4.237248,1.745382,3.466446,0.566865,1.396970
10.452371,7.500680,5.815997,8.070940,0.682791,5.605173
17.829485,12.465412,5.641870,7.791984,1.663798,1.677175
5.694168,4.083305,1.862719,1.440744,0.315287,0.311718
11.726959,8.519276,4.780073,5.803943,0.762196,1.460027
13.423743,9.755215,3.469213,6.293989,0.902412,2.670359
8.751461,6.715128,3.495220,2.560153,0.525481,0.758696
81.780075,41.488865,153.959396,186.121841,24.504702,39.779621
9.813522,7.414814,3.631227,5.531620,0.358248,0.725276
12.346445,9.138319,3.968533,1.531373,1.272189,1.924980
4.821161,3.297141,1.867718,2.676961,0.649774,1.660232
13.118807,9.386594,3.636098,5.314957,0.790076,1.072658
4.810435,3.536936,1.896820,0.855215,0.248543,0.827599
8.554979,6.164603,2.643707,2.814850,0.279554,1.592742
7.432321,5.273707,2.757365,3.337649,0.022649,0.739363
41.243397,27.717379,16.985817,21.561455,3.472172,4.612970
24.630545,17.825354,8.199544,8.435712,1.597682,1.209284
65.419151,34.506035,104.467285,104.613350,16.525764,65.627464
11.295344,8.052896,3.107631,2.635968,0.763408,0.420183
26.247454,18.942249,7.729342,11.728131,1.096351,2.811833
14.400470,9.707287,4.785195,16.942215,7.893630,39.896343
8.563646,6.156425,3.211833,4.523844,0.932789,0.377477
5.065281,3.569703,2.429700,2.332427,0.693129,1.290842
31.291832,21.372337,10.053178,14.715220,2.306109,3.733000
16.097643,11.600818,5.073127,6.841784,1.587920,1.870199
10.783971,8.362883,4.935382,8.940303,0.933279,0.388966
28.883724,19.664099,12.557309,14.534260,2.147353,6.795943
4.829566,3.680350,1.852937,1.455825,0.402126,0.455233
11.854145,8.811749,3.738829,4.742937,1.001859,0.803796
12.840437,9.630132,3.843773,4.459466,1.317248,2.475791
6.160238,4.395183,2.511278,3.682136,0.249854,5.960516
8.488297,6.429796,3.036601,4.512956,0.294615,0.058220
16.515831,12.073992,6.631823,8.149541,1.345942,2.368196
25.018881,17.383194,20.840305,25.261442,2.807515,5.521281
9.310101,6.974956,2.312457,4.792695,0.238892,0.081004
14.508422,10.467878,4.046963,6.852926,0.756169,0.408313
40.042091,27.960192,11.695101,16.225822,2.024821,5.100346
18.156466,13.146209,5.166951,5.028216,1.281293,3.979637
5.697999,4.180341,2.306009,2.060316,0.671697,0.407364
6.471863,4.730129,2.343046,2.314640,0.434435,0.086417
5.273540,3.685675,2.152899,1.402199,0.508727,0.664870
24.723597,17.061020,10.099248,12.993281,1.879089,2.811691
15.563740,11.346782,4.493125,4.495140,0.598198,1.277305
18.338011,12.723744,6.151920,6.308119,0.390769,1.327541
8.152278,5.588094,3.080961,2.122741,0.370393,-0.096646
6.264771,4.553860,2.379708,2.093972,0.341596,0.886156
18.457359,13.272172,8.051084,5.459001,0.915077,4.238959
15.602995,11.533749,4.523261,7.839359,1.164078,2.691142
8.916698,6.524409,2.229101,5.109888,0.578093,1.355414
17.750843,12.702767,6.560200,7.996904,1.118746,4.514328
5.127350,3.515538,1.499213,2.448757,0.109322,0.440670
5.912474,4.042986,2.471838,1.685196,0.083273,0.341846
13.921457,10.298863,4.469482,6.197829,1.155983,9.410346
36.252087,22.566055,35.472408,36.255592,4.018942,13.431746
29.844271,20.192345,23.824888,34.329170,4.074424,5.680524
49.841408,30.987766,35.349754,50.523930,7.361070,8.339846
10.615367,7.227810,3.916205,5.262894,0.549156,1.275894
41.744225,25.282854,11.487251,17.116686,3.479373,6.582898
18.128937,13.391896,11.400070,14.577601,2.580542,13.837514
4.351408,3.092205,1.997244,2.107805,-0.071091,0.123756
22.210266,15.514181,8.305416,11.749164,1.518144,3.266998
7.167697,5.070129,2.275425,1.895469,0.909893,1.072743
6.686955,4.864351,2.363013,3.334733,0.097209,-0.146661
4.817905,3.595751,1.395287,1.902328,0.237509,0.500660
31.730026,21.508793,12.434147,14.528891,2.267088,3.793108
7.514125,5.510089,2.207283,2.386671,0.700906,0.871264
7.267701,5.327323,2.228498,4.107646,0.942736,2.368161
17.618206,12.490459,4.444535,11.013258,1.304721,1.632375
7.456876,4.999671,2.575035,0.926019,0.841681,1.072252
9.624720,6.968954,2.870191,3.598151,0.509206,1.306128
6.360055,4.747456,2.433472,2.548550,0.178961,1.000889
24.141811,17.360170,7.073808,7.523170,0.946678,1.619669
14.220215,10.416425,3.947855,3.684268,0.485877,1.077648
17.331152,11.928677,4.562625,8.990085,1.469967,0.810883
14.783441,10.419397,5.350045,5.893964,0.456155,1.955945
8.708264,6.418992,2.539907,2.423797,0.225680,2.749515
8.932107,6.400293,2.763467,5.139160,1.328004,5.154564
32.844616,19.675724,42.979305,60.368919,9.555356,11.685295
49.243561,19.617563,55.582401,86.557678,11.323902,15.425744
48.522472,19.561853,55.349720,98.343620,11.854058,12.485002
48.272457,25.128843,45.116653,46.284348,7.207367,11.247141
56.011162,25.274689,72.582718,93.304298,11.564736,14.185402
9.398549,6.645784,2.548026,2.979686,0.569543,1.563544
11.954020,8.483912,5.218825,5.872005,0.938096,1.807533
5.613385,3.940533,1.482331,2.629992,0.421267,1.365099
30.922905,21.346869,11.176973,11.023121,1.637453,3.079492
17.953176,12.655443,4.552205,4.648139,0.755713,1.520196
11.622912,8.186112,3.654497,3.755271,0.673626,0.407433
6.848082,4.834418,2.528138,4.902839,0.191247,0.897278
27.060417,19.244499,11.227645,13.881491,1.156014,4.041606
70.663452,31.278419,70.602859,108.089729,13.746224,23.792114
11.268955,5.819207,4.661819,9.453095,0.929981,1.239868
3.953316,3.105348,1.668664,3.270807,0.369690,-0.123071
6.978979,4.842385,2.405909,4.667522,0.737298,1.483238
5.480458,3.595639,1.887392,1.855322,0.106206,-0.729616
20.522810,14.353363,13.535959,14.415768,2.292896,7.158007
8.543289,5.944163,2.429084,5.572885,0.956595,1.293006
4.749494,3.640324,1.983780,0.470209,0.609699,0.941103
17.698910,13.089686,5.710691,6.799673,1.288922,1.724771
17.088175,11.831063,5.044647,6.122717,0.701566,1.317626
13.520234,9.753659,3.836567,5.192924,0.432241,0.552353
26.624357,16.082062,8.752261,13.339291,2.623722,16.475224
5.595573,4.262527,1.927681,3.260150,0.415153,0.420197
4.461663,3.003416,1.427770,2.453995,0.019494,0.412020
6.096694,4.512312,2.549697,2.275922,0.266023,-0.098285
12.035860,8.958959,3.731549,5.801446,0.807785,2.257577
6.354039,4.585301,2.144383,2.734464,0.434698,0.915339
8.524685,6.153300,2.874489,4.096974,0.296856,0.799596
23.971073,16.650030,18.996477,29.361578,4.388222,5.192190
10.353484,7.477881,3.709575,4.849532,0.418810,3.194852
6.502565,4.901912,2.534780,1.803898,0.622923,1.216282
11.876785,8.441411,10.631264,10.512321,1.475666,2.754066
9.284563,6.883537,2.820213,1.347267,1.011083,1.400718
9.161301,6.753503,2.833338,4.762115,0.961166,0.607380
9.894548,6.835322,6.789890,10.489650,1.430279,6.008620
13.374833,9.709437,4.030135,5.405030,0.686284,1.210116
5.520636,3.844288,2.064056,3.197652,0.562334,0.275130
28.774307,14.164417,8.466604,7.653336,1.656388,2.215211
27.403326,14.533611,8.634908,9.019968,1.283999,2.746468
15.290419,11.043888,2.824396,8.363283,0.791930,1.649760
64.393799,34.870537,72.103859,75.201866,12.026512,48.165550
76.660858,35.153042,88.946350,108.736740,15.055884,49.936081
51.757950,28.667400,43.800484,51.738876,6.693230,19.869591
42.167862,21.936934,39.199402,56.937317,6.712873,12.220703
20.604958,12.853288,42.190498,51.018478,7.342219,23.723606
15.442780,11.540915,4.332969,6.950840,1.158872,0.912622
10.187157,7.148586,1.904796,4.719537,0.877668,1.426827
12.001528,8.704122,4.609442,6.265021,1.055589,2.117598
17.067932,12.127584,4.265426,6.903968,0.950276,0.729234
16.523518,11.859402,4.615233,6.305243,1.095055,1.238801
4.735735,3.280047,1.720863,4.117343,0.285690,0.284274
17.841103,12.917439,4.882799,9.465703,1.688000,0.802692
7.953884,5.715023,2.654766,5.617449,1.004595,0.006331
12.882760,9.354907,3.597844,7.730235,1.178731,0.418510
7.133933,4.868574,2.349027,2.776150,0.088334,1.292553
43.266171,26.169277,38.128437,57.352081,7.488354,10.749775
5.030425,3.959036,2.388626,3.549382,0.412228,0.707278
27.609722,18.570078,15.211349,15.091037,1.448895,1.675718
9.605720,6.890965,3.290599,3.499502,0.542981,-0.303962
5.345465,3.926520,2.101210,2.799921,0.348608,1.105195
6.265808,4.842127,1.947270,1.193332,0.709536,0.592257
5.267745,4.056445,2.343835,2.944417,0.655999,1.907432
14.916293,10.898902,3.908909,8.238643,1.489739,3.404586
11.460495,4.266558,3.180660,3.433153,0.597095,3.626853
20.356104,13.977598,6.552156,11.192245,1.214876,14.329909
12.118484,9.041430,3.480853,5.801690,0.512836,0.839666
4.072395,3.293448,1.615043,1.972348,0.751144,-0.283390
51.526943,26.791269,83.311821,114.627449,12.386227,22.419930
35.567020,23.015427,19.225069,26.509781,3.928667,12.478478
13.687566,9.602094,4.268717,5.041287,0.578955,1.044617
8.427936,6.391156,3.797469,5.778591,1.264551,0.149478
4.426540,3.263124,1.766336,2.386553,0.528505,0.702181
6.224349,4.533039,2.301434,0.223285,0.611482,1.606647
21.659664,15.351620,7.724237,8.851349,1.652289,2.204652
24.945257,16.866751,11.172838,11.112828,2.113840,5.488095
28.261005,20.342722,8.090648,10.617109,1.549639,1.293645
18.189566,13.026323,4.543877,5.807033,1.076454,1.845710
6.368414,4.899565,1.970609,2.216168,0.112569,1.212663
7.544390,5.814085,2.516390,3.356418,0.432768,0.426356
11.043077,7.886642,3.353870,6.836027,1.162304,0.064335
10.684438,7.908264,3.071473,5.287371,0.993732,2.490215
22.823645,16.282152,7.726063,10.828286,1.558342,2.233086
15.676133,11.276785,5.666235,6.482095,0.506040,2.134567
8.779754,6.271412,2.827962,4.716896,0.798091,1.475355
21.349924,14.976841,7.456301,7.775376,1.657340,3.554025
24.518669,17.218447,8.302237,13.945500,1.846254,2.002288
5.050232,3.872275,1.885636,-0.707308,0.463131,0.401986
9.212303,6.744889,2.663505,3.205307,0.753939,0.466269
13.235559,9.348727,4.643544,3.667294,0.476278,1.729917
10.397760,7.533350,3.712172,4.441903,0.889187,5.387180
7.209363,5.031120,2.336354,2.603256,0.712751,1.935803
51.797523,18.168365,33.929691,40.171326,6.307444,9.722178
40.026215,16.120440,36.954483,51.925438,6.225695,8.672969
4.344943,3.294218,1.887491,2.546043,0.717228,0.339036
21.464739,14.924063,6.959456,10.022557,1.146067,2.487651
39.817451,26.788900,19.306309,29.213013,4.470790,3.904166
6.590878,4.962069,2.727048,3.390079,0.572297,0.563193
55.658443,29.965012,33.941250,34.604713,4.260467,5.432283
20.023390,14.541129,5.476304,10.302649,1.306764,2.208941
10.800342,7.528369,3.246736,3.633032,0.574214,0.510732
11.562190,8.467939,3.382603,4.255658,1.156926,0.608328
10.417590,7.681035,3.387019,2.832052,0.274415,1.358758
15.881267,10.955991,4.859178,5.510917,1.161703,0.298119
33.099731,22.005499,24.627634,25.733362,2.986161,6.550898
38.055191,26.095982,17.231758,23.994734,3.257554,5.652288
10.927904,7.713205,4.812375,6.375927,0.372727,-0.560018
12.438001,8.978963,4.138202,4.676606,0.622860,7.758662
10.051579,7.243347,3.081653,2.995739,1.157326,4.080985
7.414874,5.383818,2.352323,4.635842,1.263994,2.917333
6.090431,4.625570,2.346944,2.470498,0.154447,4.542495
4.333234,3.431518,1.813723,2.398266,0.410178,0.840477
11.416533,8.157823,3.114474,5.577617,0.813748,0.253679
44.571968,23.721567,33.099541,40.773697,5.775092,10.159874
18.618530,13.530782,7.373674,8.841120,1.367097,1.861942
28.334053,19.706406,8.213090,13.555866,1.835942,3.678255
23.115675,15.471423,20.979910,23.381985,3.650000,4.529590
4.977666,3.519648,1.820159,2.567480,0.953555,-0.293376
5.010994,3.783408,1.649466,1.129339,0.198927,-0.615040
16.472105,12.104575,4.686755,3.832394,0.984916,1.634282
14.526834,10.535399,5.130705,6.432390,0.914579,5.823815
5.013361,3.609098,1.913552,1.104846,0.258618,-0.217988
16.381197,11.961723,6.598673,7.520824,1.577857,6.411521
9.621821,7.331763,3.219789,3.841445,0.406491,0.716573
20.826067,14.994423,8.767982,10.683372,2.015234,2.836302
6.780301,5.131314,1.816878,1.800930,0.592744,4.508864
10.170886,7.198802,3.699822,3.682373,0.202629,1.070358
7.257674,5.163315,2.854967,2.994205,0.527359,-0.489286
11.197426,7.994110,2.962799,3.702490,1.077015,8.563916
11.684842,8.694145,3.053945,4.592945,0.427622,1.381820
18.347492,12.818855,5.976822,9.468626,0.573813,2.313154
6.707670,4.855677,2.461118,3.759291,0.509258,0.082543
13.822771,9.681632,4.692696,6.155399,0.640954,0.199615
13.493986,9.582180,4.035923,4.681686,0.852038,2.584997
32.230961,22.751440,14.994823,19.040575,3.481472,3.902839
11.769509,8.935454,5.550550,5.466151,1.300756,1.282846
29.881083,21.078781,12.833873,13.831738,2.019723,2.219622
32.196323,18.467297,8.582374,11.245063,1.758619,2.131839
23.919363,17.081993,6.885344,7.782497,1.805474,1.755297
11.128343,7.826078,2.838741,4.248001,0.737733,1.008216
8.871282,6.675490,2.659472,3.713613,0.800346,1.060951
6.828852,4.941931,2.352018,3.405602,0.601606,0.899496
12.732425,8.976623,3.754169,6.629789,0.887844,1.973004
11.194595,8.265229,4.658662,4.612019,0.921804,0.944673
34.604057,15.417040,14.410894,19.112099,3.041731,7.430715
64.090660,33.262104,39.283470,71.651306,8.391817,18.155169
54.013725,34.704372,42.107418,55.412025,7.231836,21.727648
91.046021,50.384167,64.957565,68.933052,10.495653,31.180540
23.903887,17.385029,6.935590,7.997715,1.198944,3.818326
4.889559,3.883615,1.563958,2.467916,0.046919,0.378652
8.640864,6.283717,2.972644,3.683285,0.124696,0.188113
8.060478,5.774084,2.182890,1.621696,0.113313,0.608730
7.246755,5.124417,1.887860,2.972326,0.452832,0.067483
13.639751,9.899656,4.593377,6.141417,0.813123,0.928069
5.416334,4.183964,2.093448,2.733830,0.157021,1.245015
34.184490,18.108810,15.790220,21.809034,3.036298,4.122171
7.223621,4.933723,1.925389,4.552139,0.484046,1.685442
24.892735,16.711603,19.444937,28.628937,3.314390,11.366120
57.993427,33.318123,106.456078,140.490509,19.752398,38.655407
8.764092,6.705922,2.639229,2.096352,0.213237,0.902256
14.185854,10.311687,3.239200,7.896636,0.663658,0.810934
13.396541,9.886171,4.899940,8.458017,2.168631,17.003963
21.855047,15.115243,15.232702,20.552029,2.236604,3.706713
39.500652,26.358841,12.943555,18.035265,1.865111,3.554958
8.958847,6.435584,2.306190,3.307302,0.686302,1.930412
24.960711,17.677065,7.831255,8.086864,1.804161,2.431531
4.356308,3.336983,1.414928,1.180097,0.210547,1.618915
5.243308,3.930792,1.449139,3.493390,0.939036,0.296401
11.340489,8.157869,3.185639,4.711128,0.439372,0.583945
8.148840,5.597632,2.407067,1.685519,0.138767,1.662608
25.725555,18.142202,7.077670,9.973615,0.764511,2.509565
32.096573,22.920322,18.894827,24.898293,3.680291,3.096502
14.286060,10.098673,8.775539,11.299113,1.781293,9.116441
11.896787,8.336034,3.052522,3.602973,0.479374,1.389934
4.226269,3.201940,1.724023,1.993607,0.392548,3.009198
10.561912,7.208671,3.272194,3.417898,0.471700,1.552115
54.012970,31.738550,24.304605,34.193611,4.274719,9.269578
11.293027,7.903416,3.346754,4.377819,1.051927,1.842561
9.740287,7.087484,2.991873,2.046317,0.741582,-0.063788
38.350613,25.063101,27.023790,32.332676,4.929933,5.246367
5.311954,4.044622,1.944839,3.160117,0.926867,0.470127
25.471031,17.910437,17.308830,23.705919,3.040081,5.141010
101.492638,48.133781,126.037460,152.804398,22.269424,56.251606
5.903480,4.242335,2.463575,1.479915,0.225004,0.198140
13.747553,10.344646,4.447694,10.692001,1.526708,3.091682
7.054010,5.144791,2.161540,3.268018,0.526010,0.998181
7.435059,5.374985,1.986243,3.322494,0.448725,1.670918
30.087294,20.165413,30.193464,36.414257,5.531724,6.946597
23.265978,15.440262,7.440597,11.651364,1.324885,4.982866
48.775497,24.885355,73.174660,111.487129,18.819778,47.808735
8.230997,6.086373,2.910743,4.022766,0.742881,0.811240
5.748021,4.171533,2.017295,1.874550,0.714891,0.805070
42.199570,19.517101,22.531857,25.105125,4.109257,17.374704
40.225883,19.647345,25.192616,30.992872,4.125249,18.794744
8.153356,5.967572,2.617589,4.741035,0.250907,0.797278
11.812972,8.361412,3.994054,3.152269,-0.078377,2.060516
19.039026,13.088573,14.587620,21.840836,2.877849,3.641752
11.181734,8.282572,3.848856,7.738339,0.592600,1.896075
15.045661,10.821273,5.398311,5.448956,0.817788,1.717233
16.024332,11.574313,4.067184,8.397644,1.072383,0.820571
16.351665,11.713754,6.206770,7.678911,1.236453,0.453147
11.176995,8.024069,2.939876,6.743371,0.978932,-0.112281
6.297424,4.801154,2.050822,1.887733,0.323715,0.541058
6.377624,4.641407,1.675211,1.672385,0.823791,-0.081992
7.987699,5.935044,3.429690,3.144167,0.315099,0.691226
11.184306,7.880861,2.592716,4.193974,0.974300,1.118500
48.372723,28.501402,35.818104,46.728607,7.004023,31.463400
8.926891,6.566743,2.999943,6.299886,0.574532,1.246817
10.607320,7.626791,3.101691,5.390480,0.832461,-0.054972
11.304457,8.100648,2.833001,4.832266,0.562056,2.089444
8.815024,6.606442,3.257188,4.833631,0.859895,2.238901
19.402851,13.935929,4.588034,6.695815,1.060123,0.462344
9.990061,7.369402,4.565279,4.894065,0.990118,1.063271
18.423906,12.933659,12.039984,9.260212,1.504441,-0.569089
5.311631,4.386296,2.067140,2.997106,0.116777,1.376735
20.765436,14.400269,6.716784,7.778893,1.221699,1.066644
27.610952,19.512554,11.339439,16.166752,3.193939,7.569535
6.880264,4.851254,1.895407,2.095098,0.656339,-0.211342
30.662271,21.191708,10.744614,17.014336,1.633262,4.184432
12.750852,9.577753,3.525080,5.529092,0.647721,0.428734
12.907556,9.130179,4.849378,4.695461,0.947751,10.081465
15.361385,10.856783,4.836266,5.037243,0.445386,0.718486
28.019150,19.681551,14.110195,14.394161,2.267478,3.046516
7.054200,5.256905,2.624550,0.957700,0.484447,2.587334
15.053288,10.745612,7.629898,11.217735,2.147113,14.197643
6.708115,5.093885,2.722190,3.259455,0.770020,1.754251
9.750712,6.943755,3.358353,3.698252,0.705663,0.789287
7.303723,5.193288,2.452121,2.699350,0.409969,0.287033
6.999627,4.734103,2.373845,2.280493,0.367281,1.177205
26.665325,18.395468,12.375756,19.449171,2.056784,3.095148
12.313816,8.679299,3.939881,3.091984,0.597646,1.881645
12.062408,8.472219,3.968293,2.791683,0.740763,0.939796
8.166016,5.801220,2.950526,2.380180,0.833130,-0.011123
7.505358,5.237499,2.645490,2.961275,0.423730,1.174964
21.259436,14.972670,4.845367,6.359868,0.680756,1.887778
16.665539,12.036046,6.040197,7.039613,0.795988,1.395229
6.132486,4.277543,2.355218,0.725422,0.345861,0.401332
5.050771,3.655856,2.100946,2.454991,0.915816,1.246404
4.425597,2.979164,1.849193,1.593552,0.201708,0.841018
10.382780,7.071620,3.622408,3.356013,0.427124,1.326624
21.583069,15.150494,9.932163,15.400049,2.779930,4.147652
6.730840,4.577850,2.291831,2.273685,0.730307,0.674891
5.360755,3.746449,1.967624,1.993684,0.445948,-0.031786
34.464443,22.814413,19.262394,21.331249,3.122669,3.952595
50.855843,32.219585,40.008743,56.547791,6.965605,9.453723
13.289877,9.368154,3.743452,6.659331,1.264300,2.190310
8.439300,6.415238,2.391700,3.184634,0.672148,1.342847
14.084156,10.074226,3.795899,6.169248,1.286981,1.792195
10.573893,7.746738,3.268528,3.996559,0.636346,1.794745
11.723252,8.305875,3.235039,3.790135,0.374639,0.407445
10.773956,7.916651,2.912407,3.965476,0.771501,1.124240
27.810059,18.451416,25.271927,25.730335,3.816160,8.356122
8.465817,6.197726,2.644454,5.832058,1.147181,0.786745
19.444771,13.483027,5.426229,9.449264,0.748903,2.946510
13.917423,9.841660,3.489017,4.145837,0.933259,0.737557
9.029618,6.772239,2.948106,1.971948,1.011322,-0.096522
8.490353,6.088008,3.599776,3.356271,0.375779,2.626141
56.928356,32.140121,51.826744,60.451908,7.516358,11.989173
47.747864,28.622826,53.379791,65.871368,7.475878,14.629392
18.788788,12.413899,9.177742,14.992867,1.608435,2.489032
7.129191,4.975437,2.485731,5.065100,0.521308,0.441595
16.665817,11.853724,4.130008,5.532292,1.065389,1.794481
20.327747,14.911629,5.194652,6.307771,0.499223,1.754158
16.085672,11.465554,4.037425,5.427705,0.616558,1.617129
14.373064,10.055510,4.586455,7.652412,0.618377,3.525903
6.479857,4.620125,2.129305,3.477900,0.327065,0.919511
9.597257,6.916348,3.054535,1.999221,0.470420,1.097113
11.151908,8.137469,3.353946,6.546656,0.608886,0.481959
6.732903,4.856541,2.097601,4.194578,0.377094,1.151108
13.555055,9.772700,4.539372,3.365324,0.290988,0.522888
6.590989,4.698944,2.403622,1.784438,-0.239830,0.854916
34.570957,18.893629,46.180550,63.252724,7.201960,12.304131
7.375575,5.206895,2.031248,3.041086,0.545503,0.842341
11.433057,8.028091,3.027433,3.972080,0.704342,0.426527
17.611792,12.314205,4.693946,6.512566,1.813995,3.966640
18.165249,13.057922,5.338148,5.693895,0.793064,1.454784
9.644889,6.601443,2.868334,5.037755,0.566617,2.199880
22.904655,16.053831,6.943040,8.546836,1.708515,3.539536
22.488907,15.172554,9.876184,19.375813,2.605433,1.889847
14.994890,10.823640,15.225016,15.196532,1.999633,2.758957
24.914604,17.276361,9.757790,12.718330,1.774421,3.469494
15.456318,10.885706,5.208979,4.911833,0.848342,1.091321
7.615596,5.372091,2.435843,3.949847,0.643254,0.462559
45.372791,20.234390,33.161579,42.019512,6.561494,56.933731
15.117580,10.326777,8.698270,10.849122,2.238460,15.375412
14.496999,10.308067,3.700566,5.687807,0.871770,3.988485
32.847282,21.098831,17.473698,19.320881,3.584266,3.913755
16.789843,11.680235,11.985824,15.347193,1.995949,3.974823
56.716957,27.434801,30.832115,38.262066,6.167961,7.381037
67.599159,27.510679,36.522598,40.991859,4.937128,10.341362
45.317635,19.357273,33.141827,34.422951,4.149149,8.253442
8.169644,6.108264,3.670965,3.865957,0.673253,4.189229
20.333237,14.657402,6.239785,8.516378,1.248087,0.644666
25.594555,10.233759,17.903952,28.750761,3.417914,6.598954
59.816322,33.633583,38.577705,51.664482,6.656085,12.915127
15.308362,10.958258,3.588206,7.790385,1.229934,1.975715
18.679853,13.550463,5.610691,5.764529,0.630283,1.866008
9.026168,6.922889,2.861119,5.101546,0.809566,0.470058
14.392509,10.110540,6.182793,9.515358,0.718505,1.265560
10.800064,7.734163,4.022954,5.081697,1.113601,4.741886
5.619326,4.024683,1.929595,2.669450,0.420073,3.709399
57.025589,29.647436,65.855927,87.111504,11.367751,25.225481
4.611548,3.323290,1.881681,0.716927,0.558198,-0.348880
14.831143,10.249516,5.084015,7.177572,0.944188,3.237735
17.832273,12.604676,9.235416,6.176609,1.436981,9.793836
20.988625,14.637061,8.752206,13.258718,2.207757,2.722354
15.773849,11.016472,3.754793,6.265321,0.417610,0.080467
7.979105,5.932239,2.963164,3.572151,0.242087,3.002387
21.364162,15.274234,9.000282,17.040562,1.993349,0.785960
16.312569,11.630103,4.998075,6.974281,1.187691,1.148380
15.085420,10.875364,6.600534,9.363387,1.455857,2.648012
5.917734,4.306920,2.117119,1.517500,-0.109596,-0.178887
20.226553,14.571882,6.794097,5.785293,1.425950,6.449166
50.054256,28.336882,22.628729,31.288960,4.911839,6.405931
4.901588,3.707163,1.907643,2.894567,0.366807,0.287226
23.629332,16.858883,5.718958,5.253347,2.115098,2.322894
7.853328,5.881543,2.208821,2.811092,0.273236,0.004654
12.905989,9.039449,6.037049,7.664004,1.339236,4.422113
18.386263,13.040033,4.395197,6.016714,0.549437,0.508623
27.663464,18.632170,8.162374,9.045866,1.322053,1.925311
6.833359,5.074417,3.193112,4.801696,1.060487,1.267185
7.327746,5.502728,2.640476,2.146949,0.965817,1.627776
17.744823,12.510725,5.169585,5.386999,0.828290,3.409414
4.311993,2.965506,1.139209,2.402658,0.034426,0.464077
5.406903,3.832307,1.951125,2.488364,0.207763,0.530006
4.548013,3.423313,1.622700,1.875397,0.338313,1.657380
14.253602,10.528198,4.128602,5.609596,1.126277,2.232695
9.703491,7.290291,3.456289,3.304726,0.609265,2.400598
17.085503,12.129066,3.920214,7.926411,0.565373,1.155204
4.270888,3.148379,1.628859,0.201899,-0.108235,0.024793
23.170460,16.492783,9.587345,11.307673,1.159260,1.528254
5.832576,4.090789,2.172808,3.586580,0.425006,-0.440822
15.306593,10.653067,3.993761,4.264583,0.780963,0.757163
19.433359,13.176359,6.394567,8.026957,1.149726,1.909980
6.512651,4.549166,2.650365,4.030712,0.681091,1.133342
9.098689,6.834354,3.172177,2.417121,0.750837,0.607207
4.970748,3.665054,1.625138,1.210884,-0.007938,1.551398
12.956848,9.041199,3.395665,5.666372,1.225666,0.008254
23.849354,16.658691,6.060585,10.993227,0.960885,1.292857
32.756413,24.066236,10.139030,13.393545,1.363159,12.157443
20.267378,14.480309,17.228735,18.351107,3.558347,14.502915
7.583743,5.511914,2.496488,3.366183,1.274941,0.874883
9.070017,6.400093,3.301604,3.792559,0.563995,2.723914
12.712502,9.503504,3.646048,5.912329,0.697506,0.683153
61.383915,37.748051,38.580135,43.265339,5.917224,10.701271
9.882917,6.885026,5.925655,7.026847,1.082951,2.509969
16.324867,11.522676,3.964721,4.673688,0.795433,1.693941
13.320879,9.236170,5.458773,9.969056,1.508516,2.831810
14.674045,10.778388,5.939382,7.696708,1.266684,4.101021
4.916335,3.474261,1.525052,2.961499,0.036611,1.665917
16.937334,12.079185,4.494832,5.655301,1.094047,4.751482
12.126990,8.840300,3.943120,4.436593,1.060637,0.631420
8.247027,6.249807,3.097291,2.558926,0.238514,0.695104
10.524912,7.470568,7.786645,10.945250,2.182198,5.375833
13.605484,9.802974,11.269537,8.799188,1.054783,8.644763
4.496475,3.486351,1.845574,2.227283,0.341487,1.238305
9.981283,7.395287,3.626882,3.342971,0.405481,0.988072
6.332433,4.354691,2.029485,3.404598,0.903540,0.605694
9.821257,6.753852,2.804471,3.647419,0.733210,0.007505
15.820626,11.691825,5.833372,4.702787,0.972890,1.684087
15.573279,11.204611,7.480808,10.875626,1.409756,2.755527
13.646482,10.073521,3.993839,4.808448,0.573673,1.372724
37.670204,25.487068,19.538761,25.645239,2.908808,4.130522
12.117340,8.437575,3.455157,3.953176,0.913740,0.937324
11.505042,8.029469,4.150317,3.943036,0.468960,0.361139
10.783723,7.459660,3.842028,3.959696,0.545542,1.242678
16.633011,11.572182,5.450433,7.400114,1.126360,0.288024
12.897943,9.005908,3.421770,3.345303,0.541946,1.458532
4.887070,3.821843,1.965011,1.771194,0.532552,0.580531
11.412990,8.306550,3.394590,4.293802,0.570477,1.364640
15.939525,11.140537,11.686652,13.257089,1.528862,2.135976
9.933608,7.282791,3.278021,4.132891,0.773073,1.162261
20.235304,14.932318,10.290915,15.746160,2.330409,7.277343
11.492968,8.199472,3.203228,3.765464,0.980108,0.327000
25.475689,17.711594,7.778851,12.517945,1.928288,1.714587
14.567455,10.586395,3.612500,3.964788,0.413625,1.686255
32.811760,20.502325,25.993320,29.240381,4.553851,7.677823
18.244905,13.095535,4.176780,7.550814,0.601329,1.696386
47.866707,26.436186,45.831299,53.111568,7.774902,25.197147
9.420171,6.446035,5.303458,7.049189,1.484898,7.998589
20.438944,14.190437,5.513409,9.738227,1.046935,6.684801
19.747721,14.029295,10.218349,15.941121,1.396361,3.181064
21.184710,14.164196,14.712869,19.268940,2.362698,1.589197
17.196207,12.399039,6.089224,6.254516,1.013712,4.842093
5.596292,3.937524,2.004637,1.727611,0.682587,-0.003624
42.666321,26.159481,57.412113,70.720993,8.001961,12.090154
33.252228,22.157345,20.876348,25.348568,4.169165,14.424505
17.587458,12.663448,7.464479,10.394693,1.050007,0.795971
7.755903,5.807883,2.554496,2.921131,0.499754,0.902461
59.011944,35.587486,59.213402,100.767380,13.972032,26.071875
12.719074,9.205779,3.348688,5.210666,0.709913,0.002310
4.117391,3.295185,1.580760,1.148951,0.676920,2.179799
16.799189,11.947252,4.844716,6.242198,0.971493,0.967315
16.721708,11.992441,6.298250,8.595845,1.700359,3.434917
5.075244,3.908834,4.176763,5.780107,0.924190,2.337517
8.170171,5.807512,2.245694,2.740445,0.603067,0.547362
14.911927,10.502306,4.032421,7.382921,0.757238,1.844889
17.868408,12.626827,4.965068,5.973093,0.589869,1.961337
11.331033,7.951524,3.615835,2.514883,0.543444,3.778916
18.331987,12.511436,12.494144,20.557085,1.302675,5.160899
17.682594,12.485190,6.012109,7.035171,0.331773,1.138830
16.818007,12.052571,4.588073,8.085246,0.612575,0.907699
12.667892,9.307412,3.777522,4.147040,0.929796,0.400141
6.868093,4.567109,2.112432,2.124318,1.065291,0.107722
54.203167,21.803324,54.734356,102.218666,23.587162,67.155968
53.334179,21.868395,55.126850,108.958504,24.244015,68.163651
25.299366,18.159477,8.139748,13.406896,2.644902,3.586097
5.044610,3.767535,1.874520,1.316376,-0.023164,0.959758
5.432870,4.114366,1.849713,4.294950,0.575408,1.195978
4.781829,4.082487,2.017686,0.476369,0.173224,0.759146
15.802413,11.141898,4.431270,6.750200,0.730174,1.052939
14.222294,9.949745,5.398117,8.071000,1.309618,2.667684
9.000321,6.661039,3.001665,2.918540,0.420469,5.984859
9.600088,6.600296,3.099035,3.076982,0.009487,1.975370
12.756053,9.074033,3.750278,4.995172,0.157157,1.492580
29.877251,21.071037,16.201241,19.106356,2.668158,8.099059
23.768345,16.881113,6.938071,6.710901,0.732526,2.969149
16.113371,11.640600,4.119715,6.633235,0.708748,0.990879
54.822868,30.564684,32.591042,39.015968,6.130210,9.906395
15.315292,10.992582,5.033220,4.309536,0.824455,1.934433
21.021748,14.272860,8.193695,14.063954,1.863335,1.475803
10.791357,7.644040,3.784272,5.108004,0.882526,0.777861
10.729989,7.570822,13.994931,21.032251,3.067655,6.282004
8.296304,6.002783,3.370425,5.069086,0.510652,4.007452
5.778220,4.119597,1.863144,3.120254,0.310018,1.608963
12.721681,8.976161,4.090791,3.456791,1.015584,-0.285739
7.344498,5.365181,2.193402,5.760847,0.795359,1.073419
5.026053,3.324202,1.887211,2.128128,0.246348,0.877252
13.158580,9.344412,3.813512,5.962427,0.718701,1.870552
30.695421,15.333996,8.724660,11.426929,1.145438,0.190083
31.833055,21.999462,13.855939,21.396112,2.861474,4.137628
48.216873,27.108112,48.336983,59.707294,8.098777,16.583628
17.959324,13.063848,7.613235,8.098466,1.467616,6.163138
15.748720,11.461395,7.069174,6.050272,0.796631,1.563134
21.617016,15.369421,6.957946,11.502459,1.613501,18.278463
8.318199,5.750890,2.474867,5.015404,0.812522,1.171909
8.143570,6.027107,2.979478,1.803634,0.809867,0.732496
6.451726,4.725333,2.172539,1.922250,0.246189,1.679776
5.349645,3.710854,1.976151,1.898005,0.278054,-0.539392
10.985301,8.203397,3.302935,4.091180,0.805749,5.519269
16.160812,11.465727,3.965675,5.416810,1.166211,2.002858
10.540895,7.751938,2.862295,3.661382,0.675262,1.305368
11.369474,8.538307,3.224603,3.533276,0.934321,1.500695
17.415829,12.726740,4.642150,8.019407,1.077293,5.794247
3.781001,3.035259,1.577045,1.648651,0.338767,0.499421
49.321140,29.762777,24.192493,33.797501,4.755050,10.006203
52.948185,25.257967,51.358063,58.490948,8.660301,14.656202
62.656090,30.295710,73.683090,93.376213,11.341128,15.801211
16.556374,11.549671,10.880870,19.202503,2.609976,3.658839
4.210567,3.231708,2.183604,3.382940,0.543662,1.651203
7.866776,5.809213,2.129892,4.727239,-0.205086,0.835443
18.081116,12.716909,5.199355,8.622103,1.093643,1.377354
19.102201,13.847927,11.657746,13.604596,1.983677,5.167932
17.025818,12.054174,9.252745,10.788737,1.032823,3.328492
5.424757,3.808789,1.635748,4.400816,0.312957,0.647217
13.020020,8.881340,10.563636,11.979492,2.032769,3.640015
19.938786,13.747013,10.759586,10.266456,1.635378,5.291234
12.395402,9.311738,3.178860,7.181239,0.654615,1.311734
16.791264,12.247944,10.981137,11.869749,1.571401,4.427248
26.161261,19.219175,11.003657,15.090709,2.049826,4.270276
18.410440,13.266177,5.286318,7.673508,0.865676,1.149262
15.006710,10.811796,3.611823,4.644583,0.869196,12.046557
6.415129,4.707307,2.001489,2.792047,0.273402,1.115949
5.882379,4.474085,2.399611,3.642790,0.372935,0.142705
6.981753,5.400530,2.396671,2.792974,0.283845,2.145808
9.425149,6.676703,2.682329,4.879911,0.094910,0.499631
7.907660,5.658995,3.117937,3.173975,0.524750,1.303609
10.703633,7.658565,2.892368,4.732495,0.832013,1.472749
9.508404,6.861273,3.313316,4.935682,0.848347,1.445270
8.042041,5.480768,8.211148,12.336856,1.687250,2.028915
7.517145,5.371250,2.453372,1.880049,0.236512,1.091493
13.418043,9.833677,4.569958,3.899147,0.666288,0.362546
5.232013,3.811378,2.147412,1.610014,0.741278,1.598658
41.223785,27.653481,15.893318,18.873207,3.311294,26.742384
5.163686,3.959936,2.401753,3.454499,0.597918,1.098565
14.378698,10.143620,4.020779,4.403336,0.002814,1.022826
14.458250,10.977527,4.040191,7.258130,1.158903,1.015198
12.357224,6.657437,3.675916,5.997600,0.779254,2.139668
18.414108,12.822200,12.738549,18.927633,3.301501,7.110593
11.457519,8.454108,4.410413,8.726561,1.372450,1.831239
4.490838,3.426362,1.726112,3.003552,0.883904,4.150950
4.255732,3.098487,1.896241,3.512522,0.205687,0.432190
15.259783,10.845025,3.716885,3.733203,0.427463,0.233674
7.989953,6.109735,3.002681,1.937685,0.583662,8.035863
14.762316,11.010564,4.141093,7.244297,0.488584,1.966090
13.124300,9.594378,4.239018,3.770191,0.157988,1.549414
4.785270,3.791860,1.739833,2.818969,-0.080326,2.041880
19.601465,13.360566,12.258265,18.541286,2.730136,3.164879
31.834282,19.505735,46.180286,67.547615,9.248299,32.173016
17.286041,11.979585,14.357119,18.852266,3.028754,13.850360
89.801498,42.757298,224.506989,250.477707,30.664610,71.471375
6.063861,4.546490,2.386854,2.524838,0.561536,2.253206
6.219115,4.694134,2.165119,2.802469,0.263877,-0.123997
9.443494,6.431540,3.230821,4.927410,1.047762,0.662623
11.498970,8.124891,4.044019,3.640122,0.418679,-0.149452
8.633327,6.093764,3.674573,3.784645,0.695971,0.968495
12.264677,8.906157,3.760217,5.228242,0.376736,1.008520
6.500095,4.628771,1.814595,1.844912,-0.040425,1.286735
5.297852,4.024687,1.761531,1.024686,0.343542,0.584354
20.471661,13.788081,17.436924,27.454489,4.075423,18.857910
16.837572,11.870278,5.771247,5.982158,0.688633,0.681761
19.226515,13.626197,3.655558,7.859570,0.839368,2.828625
23.503138,16.725727,5.641462,6.952181,0.826051,1.579760
27.328611,17.421236,27.346392,50.646889,5.624529,17.871305
10.938920,8.107584,3.270960,6.032365,0.558529,1.115697
9.389835,6.600370,2.739909,2.853476,0.463702,0.509782
33.894974,23.850105,9.930738,11.081034,1.364876,2.614213
8.353539,5.787476,3.121908,3.478501,0.601965,0.831916
4.618131,3.510090,1.723160,0.058664,0.049776,0.689145
16.283823,11.696648,3.669620,5.871078,0.991028,0.021577
40.614990,21.595003,38.056305,44.216465,5.719540,9.727283
9.555256,7.215929,3.205880,1.579865,0.228876,1.749498
13.315714,9.754851,4.444173,4.736624,1.516282,2.227638
14.920447,10.661548,4.033121,4.480056,0.677814,1.298367
20.151636,13.470803,5.276504,7.879164,0.842788,9.323035
29.366249,15.081933,7.722628,12.607044,1.151133,1.652391
26.134863,15.054204,7.493177,13.065613,1.365187,0.823567
8.879672,6.297854,2.972445,4.670946,0.454345,0.524177
4.853301,3.817528,1.934694,1.743362,0.697621,0.562186
6.395717,4.379886,2.502676,3.126734,0.230045,0.388567
4.650802,3.319692,2.108690,2.541517,0.532556,0.690866
7.620485,5.266996,2.589845,4.863703,0.461114,0.745817
16.465265,11.892632,4.883022,6.071373,0.692694,1.355012
26.633982,19.098339,8.518394,10.527184,1.494377,3.971362
29.571421,19.225111,38.042465,44.529919,6.265718,17.528399
81.807487,44.213612,99.950073,161.226944,19.164019,34.318253
49.828770,17.122808,62.083923,82.949097,10.138555,17.040098
8.472309,6.275864,3.910055,3.867771,0.674503,1.765498
12.323261,9.018414,3.955481,4.892859,1.077906,3.560359
23.921131,16.239420,9.837787,12.833689,1.430894,5.123047
71.126091,34.844009,34.657059,44.450142,7.329113,32.390076
5.272662,3.808103,8.786112,14.757280,2.031691,1.027236
20.423374,14.324388,6.046124,8.373328,1.090978,2.960462
32.456779,22.561234,11.815269,14.105761,2.074845,4.190638
15.404676,10.706306,5.856035,6.269811,1.007151,0.840158
6.490892,4.725068,2.037809,2.333154,0.493605,0.452902
10.480175,7.734578,3.989183,4.015399,0.636446,1.562595
4.449115,3.396481,1.138108,2.760834,-0.005641,1.326661
8.724484,6.623571,2.775189,3.247307,0.321947,1.233316
15.956197,12.060631,4.616001,4.442816,0.825523,2.226416
9.675444,7.227810,2.910433,4.779477,0.649653,1.034895
16.825491,12.019847,4.599084,6.688855,0.922484,1.437449
25.361639,15.564500,31.122557,48.370033,5.355872,5.968731
9.908769,6.881631,2.682235,4.641881,0.504921,0.641426
13.193412,9.465193,4.426212,5.294087,1.064077,1.612111
4.088213,3.230921,1.571978,1.558565,0.228511,3.106879
19.749241,13.879567,6.928380,8.435587,0.917007,2.796928
5.937631,4.262960,2.060195,1.721294,0.235697,0.248062
23.528969,15.535386,9.608672,17.352612,2.154104,2.322318
9.487313,6.778451,2.509988,4.488718,0.571628,0.849022
11.701613,8.225986,5.368375,6.462070,0.984743,4.108844
27.831573,19.315767,9.239215,14.958323,0.844706,3.437041
21.694698,15.171865,6.577469,11.058953,1.435090,1.296333
30.142937,21.081125,11.338431,16.193760,2.356435,4.818779
15.772585,11.182349,4.789712,6.678298,1.604387,3.246761
47.389618,27.757318,85.664543,76.226219,10.258252,13.873824
11.740952,8.464276,4.366147,3.939381,0.490994,2.556069
41.507195,25.499775,15.822932,22.608414,2.671575,6.762585
26.234314,18.123903,12.379847,19.677160,1.895281,4.334723
28.008364,19.153439,6.878474,10.400871,1.852500,3.044203
12.913506,9.246227,3.519435,5.456688,0.297710,0.256778
51.870182,32.324711,26.230486,29.423759,4.718260,49.257858
16.561491,11.780643,4.533913,5.951975,0.760463,12.525102
52.326122,33.334450,44.368866,56.650379,7.604208,19.136650
4.268271,3.143967,1.243787,2.817104,0.282422,0.683657
9.780210,7.188844,3.092756,4.788830,0.675473,1.271789
19.203526,13.855919,5.293256,7.935892,1.114848,2.358810
24.425503,17.017475,7.172795,5.452152,1.080362,1.407174
75.082405,38.448864,81.875237,107.043671,14.360301,29.159924
6.567269,4.054112,2.399125,6.956621,1.580973,1.746173
68.529167,37.081059,81.527611,93.472046,12.071574,24.640402
23.843813,15.471415,34.983521,46.078983,5.825445,13.710943
10.521223,7.442642,3.991686,6.072670,0.163933,1.116810
14.188334,10.403801,5.191349,7.866553,0.329587,1.472594
8.543308,6.252660,2.634991,3.065572,0.752166,4.622216
3.978594,3.086880,1.673426,1.828467,0.665437,0.669778
8.935305,6.210665,3.386153,1.412393,0.253453,4.694458
11.753525,8.326404,3.356305,5.581245,0.660217,2.694208
14.084531,10.058738,4.087412,4.446856,0.397202,2.736844
15.569475,11.001173,5.858818,6.819993,1.377432,2.181431
31.646568,21.634575,19.986439,24.798532,3.448336,3.919667
13.240070,8.121247,4.112539,5.362941,0.997821,1.970632
8.958449,5.248118,3.860098,5.195040,0.378334,1.142195
11.121838,7.895560,3.439206,3.368674,0.697367,0.405534
18.400522,13.456850,5.776438,8.362392,1.254160,1.453552
13.138994,8.363188,4.603389,6.326762,1.125059,1.746276
16.432659,11.545906,4.101946,7.024144,1.647602,1.246077
29.991209,20.198261,23.179771,27.929981,3.915857,10.118058
11.741511,8.098974,3.470112,4.367824,0.189440,1.026800
8.341449,5.733194,2.293222,3.295703,0.716165,2.282986
6.216276,4.315440,2.052073,2.556998,0.265548,1.677913
11.466238,8.556900,3.379539,5.233003,0.579023,0.184540
55.989605,34.753777,73.809906,100.383896,9.846106,23.266960
29.470032,19.696859,10.948002,14.421364,1.656066,3.146314
16.321947,11.706381,6.288475,3.493675,0.674133,1.913926
3.953873,3.134390,1.643851,1.282022,0.296762,1.628335
5.103261,3.636290,1.851820,1.368198,0.091126,0.995830
6.578464,5.417336,2.357326,2.742078,0.182433,1.095983
36.321644,21.926130,41.055347,64.819160,8.174559,13.275581
3.976732,3.057964,1.662336,1.517868,0.398473,0.719620
8.310468,5.997260,2.941140,7.780184,0.593162,1.048909
16.876886,12.320911,4.393599,6.931287,1.781426,8.239902
4.226271,3.132439,1.813599,2.448209,0.165200,0.974684
12.787027,9.413755,4.532643,5.796882,0.717659,1.889103
7.019437,4.913215,2.392011,2.150903,-0.070901,0.636537
7.021608,4.844854,2.637587,4.522701,0.840875,2.052708
3.757620,3.036473,1.532597,1.919524,0.202378,0.268880
9.380305,6.863284,3.057494,2.578331,0.626508,-0.225635
27.780535,13.531755,10.165560,11.901466,1.856300,4.385302
26.706854,13.831594,10.139007,14.231559,1.928958,3.024202
12.131984,9.019777,3.610054,3.765704,0.291874,1.891198
16.389448,12.082598,4.332927,7.111729,1.023176,1.905054
17.068859,12.459829,4.967188,5.423123,0.721250,1.439083
7.846697,5.807319,1.864305,2.856458,0.607005,0.608768
14.753785,10.543487,8.472599,13.746437,2.364063,2.701094
6.845291,5.064661,2.507112,4.211237,0.317625,0.335763
7.899078,5.862350,2.615543,1.710701,0.686475,0.784752
17.516899,12.057793,6.440379,6.497304,1.338443,7.414668
20.784496,14.217435,22.177334,21.981762,3.564337,28.532410
4.761622,3.209009,1.669111,3.936199,-0.413616,0.809646
20.669521,15.095286,8.633751,11.366116,1.143724,2.311801
16.683151,12.017309,3.918524,8.184256,0.480344,1.838863
17.096645,11.987723,4.484559,7.738701,1.390799,3.207024
18.113707,12.886763,6.166672,8.443617,0.807912,1.479758
8.414106,6.093570,2.973282,4.196801,0.580413,0.375676
13.574250,9.943251,9.553495,15.760322,2.207216,7.849348
4.507859,3.496396,1.606562,-0.942493,0.100932,0.068692
67.343048,26.424440,58.125252,74.298523,10.832801,16.905056
60.587162,24.068092,54.959976,73.225075,9.023479,14.880613
24.751772,16.283552,23.761816,32.452206,5.501935,12.267077
29.386608,17.476830,18.447264,24.849279,4.316453,5.031212
10.903625,8.087687,2.971599,5.421788,0.533034,0.425761
14.182487,10.124607,4.438552,5.604656,1.004974,0.172925
41.555698,23.940067,23.212446,40.563984,5.573490,11.793915
5.766276,4.236164,2.282344,1.739187,0.316561,1.665661
8.319969,5.899305,2.552875,5.165026,0.657429,1.492071
13.712074,9.900278,3.685512,6.965268,1.181324,1.285291
14.260235,9.992719,6.457514,8.925075,1.155588,1.829823
10.354951,7.529519,3.282340,3.125870,0.152521,1.370780
6.079360,4.235995,2.090361,1.972896,-0.240258,0.031378
17.899843,12.920691,5.080572,4.340994,0.796071,0.873594
11.515173,8.503052,3.513199,7.170028,0.677601,1.482403
7.330130,5.034081,2.029273,3.398741,0.124873,1.167527
17.999649,12.911510,6.257753,8.672112,1.093759,2.574023
19.790464,14.563111,7.028166,9.487518,1.612779,2.891728
5.668221,3.934767,2.029912,3.652735,0.436731,9.825846
6.702934,4.941689,2.238026,2.131109,0.008815,1.039148
31.340517,15.488893,7.160750,12.086584,1.598565,2.291189
25.917423,10.074213,6.644070,12.630948,1.823513,1.592805
11.682185,7.900393,5.362749,7.752285,1.083193,3.812543
6.693541,4.900067,2.418683,2.817934,0.111553,3.703523
25.845974,16.256517,40.338970,46.925694,6.447957,9.037395
9.987271,7.081596,5.296253,6.762364,1.127354,1.191159
19.671099,13.918791,5.947011,8.551817,1.160929,9.861568
15.773130,11.635048,4.398304,3.418549,0.826086,2.307308
57.227711,35.349728,29.689285,39.005245,6.290145,17.843607
10.926147,8.146103,3.174484,4.693239,0.723650,-0.211779
8.529480,5.945634,2.908605,4.674437,0.146270,0.722213
5.615804,4.025258,3.547361,4.711246,0.685487,1.095871
36.836517,16.299656,13.339228,16.473803,2.486539,16.092054
34.116364,16.323925,14.435793,18.457327,2.375828,9.843323
25.829681,17.616501,10.618577,13.374746,2.303461,5.489080
14.895157,11.055081,3.892868,5.875802,0.791571,1.917172
12.427273,8.872619,4.532650,5.172978,1.053486,1.323480
45.501236,27.361126,79.346375,119.085304,16.356440,26.682091
33.741291,22.134579,41.562572,49.152157,5.968189,9.116058
26.538574,18.536234,11.111034,14.269141,1.645857,2.371644
25.468370,16.916021,22.050058,33.153618,3.758291,6.644425
7.234673,5.614536,2.704848,3.604464,0.693430,2.095160
22.202967,15.992541,5.578139,8.186628,1.116949,1.628810
11.136704,8.017641,4.191160,2.861475,0.135952,1.533869
4.810094,3.382154,2.251632,2.009529,-0.339197,-0.890507
22.810972,15.843335,18.007057,18.720417,2.223010,10.756395
83.090408,34.777023,82.146690,94.177864,13.854800,36.526619
4.545478,3.364335,1.786227,2.408775,0.174587,0.047294
30.027512,19.872135,20.568415,32.057121,3.854780,4.920159
36.269783,22.843334,40.667595,42.955738,5.551648,10.080317
5.183259,3.748931,2.032983,2.236789,0.403525,-0.134448
4.938745,3.576257,1.687420,2.062896,0.167183,1.205171
20.278416,13.049669,31.417545,50.097675,5.463903,9.208879
46.094303,27.233347,35.489616,47.155983,5.891974,11.946940
24.030392,16.305582,22.054573,22.842178,2.967332,6.097443
73.618523,38.987865,53.547771,53.847603,8.085915,14.143907
77.210884,38.930729,63.306660,70.531532,9.585113,14.326419
10.245189,7.370030,3.192599,6.358515,0.669125,0.993039
71.599449,29.441227,70.539101,73.685410,11.010229,16.844154
44.885090,16.293608,77.672768,92.239899,12.096829,12.424114
12.901685,8.948857,3.891687,6.971079,0.915597,-0.219582
5.708120,4.196011,2.364954,2.210207,0.269551,1.243863
17.701721,12.301295,5.044768,6.308575,0.101392,1.041925
12.909083,9.535404,4.494142,6.691792,0.722671,3.352495
12.541195,9.269462,3.465305,8.651311,1.097075,0.745098
27.096926,19.626659,7.227514,11.428837,1.471496,1.239532
25.419209,16.764593,27.117580,41.316250,4.175376,8.062922
60.363213,34.612778,135.769180,173.476578,22.657524,34.884121
9.858911,7.049511,2.515773,5.553315,0.807590,1.222070
4.650757,3.728663,1.744462,2.761334,0.370909,0.192554
12.248206,8.720201,3.488642,5.578866,0.867893,2.107701
29.214340,20.926590,8.876079,8.389001,1.933597,1.477495
79.702393,35.387337,88.689087,134.267944,25.547197,56.709213
21.570383,14.148043,62.671200,84.589912,11.604015,19.321812
4.593006,3.103263,2.645956,6.403810,0.549184,1.435184
33.082108,15.880946,18.466255,19.132305,3.099885,7.628709
52.890671,22.811378,40.377914,48.066704,7.590510,17.740450
51.620869,17.768997,54.710632,62.437309,10.089813,23.534063
46.113853,24.148180,60.176147,78.124138,9.967113,21.924736
29.194561,10.571046,23.959070,40.023605,4.780975,7.451381
31.706717,20.526789,22.779818,35.987011,4.853346,5.422926
16.687904,8.860955,4.376848,4.350383,1.093631,1.838179
13.579521,9.352920,3.910652,4.135773,0.749720,1.197482
12.350659,9.203977,3.979993,6.811219,0.866413,1.135933
5.312738,3.831395,1.688935,3.817981,0.015264,-0.310354
10.974290,7.995214,3.376078,4.803226,0.762556,0.990731
18.089823,12.505042,4.360319,5.148187,1.001441,1.457193
11.527642,7.932153,3.895116,4.465126,0.419083,1.324379
7.250822,3.132807,2.975718,2.322165,0.081711,2.111978
10.215103,6.902772,4.261630,6.164524,1.200225,2.306874
33.698608,18.468948,71.277748,82.429207,11.904925,44.646698
13.853659,9.806408,3.921086,3.816417,0.564270,1.826085
81.508728,29.104090,128.468445,135.535965,17.636566,33.763939
111.155006,33.655014,143.917999,181.516495,22.434353,43.829395
86.178642,33.706779,88.316437,126.126259,16.721800,35.026737
78.060539,31.883612,103.250648,158.851547,20.025644,24.854374
29.789089,18.934298,34.012344,54.896950,9.859871,19.105007
62.770866,35.180008,87.212090,103.054092,20.509228,100.680634
138.386322,46.182178,164.002533,214.988266,35.515705,114.344322
124.921051,46.286537,142.379440,200.184021,29.514717,76.830246
74.029106,32.991219,58.966904,85.354111,15.363368,89.985275
96.725922,30.027176,82.360298,122.963249,20.189751,69.047249
79.652229,27.250811,65.608772,81.370094,14.763285,24.257730
49.660397,26.448650,53.592106,68.735115,11.703258,20.283695
101.855560,40.126480,163.010162,191.969681,25.839193,41.151039
20.837706,15.340789,13.041264,25.784052,4.256642,19.489017
65.302895,34.710735,94.787994,142.261749,18.238230,32.213566
6.873014,4.596448,2.408205,4.654113,0.916721,1.647390
4.957530,3.635168,1.679757,2.333990,0.452944,-0.413047
8.651672,6.062153,2.601551,3.487719,0.429640,0.451733
18.162436,12.705619,6.293396,5.934203,0.706115,1.836612
70.691185,37.200336,89.904655,138.168045,17.895004,21.561317
70.737946,32.581879,55.235134,63.877983,8.210145,11.602896
19.631744,12.945896,22.556479,26.206671,3.415104,5.015077
73.368675,39.160030,54.700478,67.184258,9.521971,20.987844
81.578415,36.149002,237.342728,311.423737,38.181725,57.935680
49.703976,23.477190,32.311180,39.997456,6.803626,18.939613
50.303127,29.358147,37.271725,57.335678,6.700338,29.118683
88.103821,40.248314,119.989906,139.733856,17.047245,47.029114
112.545670,40.237606,149.272339,196.079330,23.823494,57.358662
32.077240,19.699732,37.492756,54.945610,6.187086,15.914008
19.160166,13.242276,6.320750,11.395786,1.557099,4.615219
62.938766,33.940636,97.848160,103.396416,13.703640,24.221939
17.719030,12.331868,6.434317,9.035532,1.191783,3.089441
4.171363,3.277266,2.451380,4.650733,0.252648,3.471867
11.094163,7.613198,2.846036,2.637991,0.624642,1.951235
4.576356,3.182404,2.133728,3.023444,0.158959,1.117847
15.277503,10.974202,3.707188,5.758440,0.470283,0.420826
7.414210,5.705303,2.462356,5.768499,0.658913,0.271768
8.150873,5.892467,2.304610,3.271523,0.461416,1.204286
6.412070,4.966740,2.381884,4.064911,0.237354,0.395974
6.364209,4.950724,2.163484,2.882951,0.621431,1.791652
6.716409,5.068533,2.087901,1.811354,0.482484,0.625975
80.476578,31.912037,83.984161,124.300949,17.434271,75.635590
28.595579,17.028399,25.886499,49.545807,6.826184,10.624303
18.040018,12.486766,13.789936,24.716276,3.308775,3.454156
75.464241,28.707022,77.042809,112.000092,15.030922,23.469973
61.572277,26.789484,72.689987,104.927155,13.264114,23.953259
50.354317,30.850643,116.938049,130.907333,16.480366,22.353132
44.522415,21.065931,59.234924,94.357979,12.940485,22.128290
46.786053,20.021198,57.512974,96.118294,12.594665,21.186308
28.142290,17.538740,12.465904,21.174688,2.936450,4.403983
4.409275,3.188417,1.818654,1.845291,0.568251,0.353988
6.669426,4.833076,2.055265,1.932505,0.673325,0.742652
13.115437,9.758126,3.954297,3.990782,1.145535,1.009818
13.396277,9.884277,4.264449,7.233443,0.834709,2.257773
9.863361,7.554646,3.364879,4.352827,0.673423,2.520839
6.357750,4.670393,1.703207,2.892459,0.190772,-0.047258
18.401258,13.327725,4.589897,5.608569,1.263535,1.564111
25.473854,16.668297,13.683752,23.162346,2.668940,3.467048
75.474541,37.861561,110.306732,159.051224,20.544268,33.830704
83.013458,30.642084,90.214638,103.716377,15.577845,34.502262
62.195133,27.990412,59.482452,82.601234,9.840700,17.539680
20.011389,13.538207,13.436374,11.579745,2.039673,4.099107
5.470312,4.251629,2.173296,1.880819,0.443221,0.704778
36.255211,21.871605,27.547459,31.165537,4.046967,7.709166
44.134907,27.007139,45.158134,63.871315,8.085476,11.771505
13.225716,9.329108,3.746917,5.286807,0.424373,1.566492
15.135920,11.154396,5.063685,8.172130,1.522279,1.570677
11.144161,8.223519,3.186723,3.130916,0.467674,4.068056
4.949049,3.528784,2.229638,2.054793,0.325315,0.554449
39.695995,21.022213,60.428993,79.040154,12.730954,66.092804
4.794117,3.950565,6.148602,8.892282,1.228421,3.132195
25.500763,18.021057,10.184494,15.145035,2.960437,23.930992
19.436432,13.531237,5.188731,11.090206,1.180311,2.038562
12.344639,9.232794,3.156868,5.328496,0.878919,1.358674
9.163943,6.557897,2.824192,2.760166,0.967180,1.696905
29.486450,19.577442,7.228499,11.137046,1.636558,4.229376
15.734442,10.891219,10.280356,16.523458,1.835012,1.439735
7.866969,5.459563,2.271694,2.948004,0.558332,0.621683
25.735676,18.407465,7.105766,7.953201,1.395097,1.760792
9.637453,7.089502,3.879173,4.641794,0.825505,0.196154
7.478308,5.482719,2.641163,6.371539,1.170102,3.325361
59.004421,34.990273,89.772476,119.453079,16.494898,17.923004
86.544945,34.774490,116.453430,136.540543,17.405165,27.474421
109.123375,37.661751,97.240387,133.647141,16.620998,27.583530
72.610481,33.431175,274.841064,344.837494,45.751102,89.871841
139.166321,47.113441,229.016617,291.958069,45.061779,110.292595
163.622879,46.952660,261.033203,331.245941,51.318840,114.613991
124.195389,33.637802,127.950417,176.489716,25.298826,39.897804
130.408295,39.831070,190.850403,277.666687,35.036724,47.286755
21.599360,12.589544,92.827545,134.459503,17.500225,24.344212
73.411301,40.650860,97.071960,129.478104,18.420290,29.299959
74.805939,33.760208,43.534187,52.977165,7.610708,18.174887
59.878387,26.398952,38.351147,54.200356,6.722323,15.804332
57.709869,33.760674,72.487671,96.575706,17.157822,63.477203
48.427193,24.763393,23.879913,28.410954,3.360399,9.272594
53.804874,24.599350,30.392536,40.051006,5.283608,9.842376
40.020443,23.231968,89.713539,100.012009,14.279639,22.156498
6.751798,4.981403,2.888378,3.440098,0.561438,0.866556
19.512159,14.113550,4.833201,6.810165,0.812651,0.008051
4.356930,3.291641,1.717906,1.637646,0.505185,1.270175
12.785463,9.333311,3.192254,5.774592,0.744049,0.719941
29.243944,19.199703,9.448747,12.253779,1.978499,2.010139
23.917524,16.698906,7.387057,10.170342,1.677194,3.138845
9.556435,6.890843,3.103372,2.442236,0.378911,2.370947
25.197649,17.859161,6.660746,10.088686,1.327828,2.404281
55.149914,26.268827,48.711063,59.638969,8.996716,37.115246
45.946823,24.434841,29.056669,34.114437,5.642140,13.936109
38.351307,22.856173,33.721710,43.120411,5.685023,8.316092
4.623045,3.089808,2.036243,2.192031,0.441116,0.869752
11.221723,7.789920,3.992003,4.823055,0.842156,0.004729
36.963234,24.803274,40.257484,48.173611,7.681128,13.625349
6.850669,4.960635,5.687401,10.266678,1.532740,1.237912
17.925283,13.070974,9.476043,16.413488,2.262365,3.481358
31.312544,19.061167,47.878983,50.973549,7.127356,12.407567
72.440079,35.476730,129.235870,170.014297,22.097216,37.796146
80.666740,36.123661,68.938148,90.845367,13.475453,21.062531
54.141163,16.847027,45.745106,72.445511,9.082851,10.235653
113.907310,50.912666,170.506210,201.756119,27.760801,75.550560
48.046684,20.526903,43.645191,51.824436,8.567470,13.305879
46.581078,24.516914,68.956947,90.121269,11.617338,14.656552
23.089888,9.036230,12.037498,11.922591,2.843869,11.144235
60.927532,30.262424,48.161270,54.189148,7.861399,21.486498
69.011887,38.484634,56.856834,80.224770,10.432943,14.342065
10.190763,7.151969,4.202428,5.249998,0.772343,1.051480
8.892201,6.537579,2.632643,2.572544,1.078501,7.374779
6.033186,4.883535,2.476856,3.708371,0.696617,1.180987
22.369131,15.774829,6.997643,10.814700,1.923367,15.583784
13.911513,10.126477,3.892037,4.526934,0.811853,1.255805
5.866145,4.132629,2.071354,1.560629,0.399599,2.276512
10.225554,6.984299,3.380277,4.655035,1.034544,0.145003
7.131846,5.363693,1.999166,3.365258,0.403603,1.657561
6.315703,4.453627,2.154605,2.919608,0.914564,1.661402
14.762367,10.358209,3.904007,6.073826,0.673398,5.946998
20.647850,10.443170,6.803390,7.873986,1.697841,4.502820
30.001280,20.299086,9.700174,14.705001,2.697971,5.784270
5.354046,3.905813,2.181510,1.701657,0.312141,0.755950
13.545485,10.014750,4.311043,3.794223,0.904117,2.692611
11.456105,8.101358,3.075030,2.611532,0.617834,1.436360
11.633418,8.767424,6.084927,6.593719,0.855943,0.958456
7.903994,5.835928,2.505850,2.547011,0.405947,0.968579
5.530000,4.003467,1.655010,3.090739,0.317742,0.755411
19.421413,13.854444,7.529245,9.517241,1.372664,2.443110
4.426366,3.140977,1.911501,1.943996,0.568933,5.070904
16.148729,11.313717,4.780420,3.704823,0.451571,1.355263
9.380376,6.474479,3.350960,2.755732,1.494476,1.108541
15.988766,11.528615,6.243457,8.596677,1.107094,0.308355
12.243099,8.969710,3.808526,5.123581,0.363533,2.013384
19.498919,14.046109,5.899674,7.629670,0.901020,25.878771
11.125879,8.176291,3.558618,5.522987,0.114772,0.480647
21.447470,15.708752,6.329202,7.438160,1.338655,13.250595
27.642790,19.414026,9.657873,12.504210,2.086609,12.616168
5.316325,4.163608,1.957563,2.657413,0.450296,1.963936
5.090819,3.710848,2.290642,2.314601,0.316084,0.948159
20.681133,15.210740,18.365496,28.588722,4.450825,7.341628
10.303749,7.108248,16.711319,25.562637,3.159421,6.731732
14.715213,10.408661,4.520069,7.670201,0.478585,5.638638
9.068288,6.731464,2.751503,3.942618,0.182847,1.102670
18.696129,13.253496,9.320645,11.097151,1.307897,3.276669
7.508516,5.221099,3.282961,5.861464,1.141315,0.768435
20.259939,14.288332,6.052169,10.935467,0.951813,2.508047
5.484273,4.160563,2.083341,2.570112,0.151047,1.036641
24.496500,17.122250,6.851806,5.361607,1.010553,2.595093
4.160748,2.952908,1.763892,2.789511,0.337181,1.171715
5.583068,3.771158,1.954063,1.875593,0.663719,0.769274
9.658463,6.387774,11.580935,15.383178,1.932336,3.661216
6.497356,4.572000,2.906823,3.959101,0.432479,2.109518
12.231647,8.686675,4.100637,5.092362,0.473367,0.564960
6.241267,4.431570,2.294757,3.166967,0.407714,1.571287
29.203070,20.931185,15.381638,17.974852,2.526530,6.549966
5.546347,4.316097,2.440470,2.781524,0.229621,0.812348
23.533176,16.563232,6.397380,8.437896,0.856687,2.154740
7.512768,5.384059,2.940352,0.750314,0.347001,0.555859
4.923867,3.395131,6.848292,7.669138,1.144202,2.189545
4.361524,3.495236,1.680863,2.783359,0.114964,0.018064
5.398190,3.969840,2.506140,2.455299,0.697257,1.001102
4.276129,3.274869,1.797251,2.009012,0.668370,0.491438
4.100352,3.137376,1.771400,1.803724,0.673552,0.079851
5.278685,4.024138,1.921842,0.231298,0.288378,0.345308
5.983733,4.582092,2.160617,3.959456,0.385182,0.470668
4.692509,3.498943,2.102539,1.369877,0.411075,0.606463
7.043031,4.843268,2.131015,4.178358,0.464609,1.112525
45.779339,29.289551,28.295918,37.293743,5.127426,9.131501
10.374023,7.243384,3.352391,4.338126,0.648648,2.436207
10.130943,7.585836,3.247116,4.744970,0.737912,2.130734
20.910208,14.990574,6.864883,5.505506,1.179408,1.461406
9.232623,6.422477,2.898123,2.756912,0.301883,-0.047168
14.909400,10.651391,3.949757,5.687416,1.070830,2.861508
9.113023,6.409687,3.179516,3.922020,0.751178,0.702004
20.735350,14.512794,9.722208,10.145507,0.852366,2.320599
14.594450,10.258768,6.525368,10.932297,1.130842,1.965029
13.449544,9.526400,4.302591,6.204675,1.031911,3.689883
4.804495,3.566542,1.765478,4.317737,0.490475,0.445161
33.916420,21.359484,36.399853,25.426296,4.190068,5.606682
4.971117,3.317083,2.616206,2.870027,0.487807,0.469332
13.824937,9.425613,23.043943,21.038054,2.692102,8.012921
10.781164,7.757555,3.073388,5.626776,0.898334,0.762651
5.236344,3.541640,1.568547,3.376632,0.209696,-0.082611
9.794652,6.927349,3.266219,4.913566,0.283657,5.126692
9.850933,7.117281,3.327230,4.174544,0.902571,0.731559
6.745955,4.706004,3.408518,6.057914,0.899167,1.141901
15.176152,10.670921,3.998699,6.773760,0.607327,0.491570
8.802581,6.211685,3.084764,1.861248,0.389479,1.102521
9.226169,6.555732,2.597354,3.264863,0.510337,0.883229
9.978517,7.641119,2.452646,2.709671,0.274962,0.471469
49.027866,25.521393,25.607592,41.800755,5.071791,6.808583
11.204132,8.185770,3.606661,6.022142,1.158359,6.327811
20.600561,10.424411,5.121288,7.475647,1.017691,3.327095
64.327484,24.060785,26.606489,37.110645,4.689040,9.529539
58.834293,24.022871,26.452374,39.937412,5.076599,7.568879
33.871967,23.116692,20.799152,22.638353,3.715234,7.887730
6.063868,4.503247,2.435760,2.357448,-0.044596,0.359213
9.869986,7.116325,3.467393,2.198448,0.223107,1.701393
5.493671,3.868792,1.990159,2.107206,0.167664,0.542279
7.723704,5.363072,2.409613,4.023843,0.267767,4.180939
9.079336,6.815898,2.772972,3.102097,0.726533,1.800514
5.177775,4.066363,2.092288,1.910309,0.105381,0.303801
24.253708,15.589867,7.725430,7.156843,0.903416,2.014774
14.102594,8.813296,4.476117,6.094182,0.597027,3.970917
10.052822,7.230771,3.240752,4.016093,-0.017974,0.692569
3.967573,3.172182,1.693013,0.202671,0.205853,-0.108421
12.533050,8.493559,3.524387,5.011620,1.367022,0.714685
19.515223,13.855222,7.102445,6.115069,1.015362,3.718202
7.165847,5.422492,2.232881,3.801659,1.368128,5.309589
12.447538,8.945607,4.102674,2.516571,1.031560,1.675121
8.331998,6.439817,4.564852,7.998688,1.056332,1.684314
40.155582,26.152479,36.717918,53.112167,6.197194,11.695881
3.835994,3.102295,1.213435,1.155723,0.189644,0.727256
5.419781,4.149544,2.312413,3.078164,0.565255,2.822767
12.650481,9.193584,3.712113,4.554537,0.711679,1.202679
15.994957,11.769748,21.994305,27.490204,3.789972,11.112900
13.177380,9.309323,3.875867,4.043882,-0.014719,1.523481
31.184916,20.609127,21.161867,29.450636,3.612310,4.139617
46.799152,26.016314,19.521709,20.246237,3.106642,7.664690
44.952518,26.270761,33.981613,41.938065,4.366401,7.967753
11.647219,8.376869,3.054273,3.859327,0.728884,2.612557
15.829805,10.899209,5.294803,6.835496,1.226522,6.589227
6.224735,4.643678,2.132509,1.619435,0.982281,1.415083
51.061096,26.181015,32.931381,43.345219,6.202368,7.251681
36.279526,21.510094,15.406655,23.974457,3.207503,7.189888
76.231392,39.078377,97.960693,143.939056,24.037394,50.853493
13.277307,9.777784,3.946496,4.602524,0.830689,1.267913
14.362022,10.473152,4.691763,5.250893,1.192248,6.333255
30.195700,20.540684,14.817448,23.134150,3.604090,5.167461
31.285152,22.854382,13.220864,14.085375,2.334130,3.516201
6.214954,4.581197,2.030692,1.347396,0.799109,0.063222
41.100830,27.361959,13.012011,11.072738,2.333278,4.329206
22.277416,13.415250,14.429095,18.693174,3.495348,20.131296
55.006584,25.157389,58.123581,62.790482,9.114285,20.375822
21.148745,10.851972,12.502245,17.153910,2.513615,5.144351
56.101742,30.025270,84.319138,103.338295,13.215403,27.407061
5.256878,3.800244,2.017919,1.754712,0.441594,1.588284
17.739256,12.593974,4.757544,6.149118,0.919399,1.153696
41.571335,26.961660,36.264797,42.711117,6.309214,16.189966
8.541562,5.835917,2.884875,6.700902,1.778133,3.092907
91.114998,55.706757,295.974304,347.252960,65.320015,148.761230
49.651192,22.823071,24.416924,24.489040,4.556948,17.729227
3.886686,3.115824,1.873829,2.536477,0.535870,1.751361
14.336805,10.170140,3.769712,4.187956,0.874160,1.676967
6.199358,4.743480,2.626365,3.805851,0.315789,1.672042
6.214734,4.506790,2.020833,3.799534,0.863446,1.294263
29.180010,20.408176,8.452773,11.349279,1.720134,3.444936
29.475061,13.619258,23.728758,26.884623,3.433943,11.326871
31.727638,16.330368,29.291346,40.533382,4.875404,11.900946
7.609087,4.530884,2.288508,3.806099,1.062611,0.593588
67.717255,38.252121,86.952293,106.670258,13.454135,23.753696
110.727905,46.091637,131.262177,148.090378,19.177874,32.750500
19.968735,14.437403,4.749721,6.864491,1.328271,0.945704
7.078362,5.197730,2.559871,1.982669,0.202653,1.023391
5.219070,3.899945,1.848762,1.366732,0.529574,0.570472
9.278463,6.672164,3.391706,5.304366,0.979644,2.671340
10.905821,7.600572,3.446290,5.425861,0.686527,0.621510
23.932934,13.828816,6.414821,8.516027,1.828775,4.486894
29.226719,18.010191,15.896814,20.295322,3.710262,4.483513
86.195671,38.609989,93.758728,86.897644,10.836729,26.689352
122.837044,38.731705,128.389664,124.684937,15.755346,37.684826
132.756577,38.186638,110.739914,122.202766,15.585033,40.374321
107.582504,30.574034,89.161583,102.233452,14.669355,36.812561
61.587212,24.116880,49.314556,65.184860,9.447684,21.174295
13.386979,9.431591,3.548914,5.247654,0.874784,0.419677
6.053489,4.493680,2.625813,3.722181,0.771321,0.173902
7.918236,5.561593,2.624966,3.952508,1.080723,0.636053
17.043098,10.799684,21.749487,30.903221,4.452297,12.993055
28.961603,18.571854,32.995052,44.923164,5.245543,4.834918
12.912265,9.330395,3.265878,5.808633,0.706946,3.002092
4.758893,3.608150,1.856359,3.446918,0.659837,2.265429
45.107780,28.351788,13.583991,16.259514,2.283210,3.870060
9.981574,7.142397,2.703744,5.278865,1.014319,0.939355
4.574832,3.527332,1.647770,2.040135,0.249586,0.586238
14.241131,10.102911,3.841059,2.942521,0.844873,0.788321
14.052844,9.679717,4.395278,4.593885,0.595415,2.028318
16.794609,12.000355,3.774014,5.762150,0.692081,2.037339
5.860400,3.947388,2.031786,4.054817,0.155420,1.224667
33.240704,23.043587,8.545837,10.503698,1.655493,1.476885
5.310410,3.921528,1.725048,2.389121,0.330978,-0.117707
77.002434,34.749023,58.435806,69.874718,10.612824,28.066492
13.366562,9.618805,3.876314,4.570256,0.185102,0.834288
23.678421,16.755634,6.881660,9.381606,1.812428,5.618344
5.217738,3.791389,1.813890,1.276360,0.103480,0.805242
18.721287,13.306284,4.532703,3.704325,0.511396,1.751791
24.687683,17.087593,10.293540,16.729969,1.671241,5.785443
6.997326,4.871109,2.296402,1.297491,0.058171,1.114756
47.096107,28.110645,53.208469,74.653038,9.654320,12.188022
18.148689,8.971826,5.373954,6.805410,1.046507,0.826005
5.011172,3.440545,1.399129,2.565423,0.428205,-0.740552
22.844654,15.998492,6.342643,6.361074,1.079706,5.068501
9.290630,6.455302,3.006842,3.873407,0.523766,1.192470
7.786878,5.831780,2.246960,3.844188,-0.104694,0.974613
59.978004,34.397430,37.890198,59.200157,7.367075,15.389350
56.223217,31.248829,28.977034,42.622746,5.022142,7.829559
43.332241,23.772972,35.780228,47.429394,6.835039,13.301147
50.879566,27.107351,46.965816,75.349922,9.308646,16.625116
99.566360,51.257355,87.430374,103.257172,17.639084,37.697918
141.586441,54.529694,115.306694,160.587433,21.720999,38.944260
92.533974,44.367950,89.975983,107.405724,15.974153,30.054487
17.049751,11.909347,7.007609,11.378798,1.311522,4.408472
14.547705,10.478498,9.951264,17.460283,1.466428,3.402731
13.132330,9.592579,3.421133,4.244438,0.402418,0.527498
26.362398,18.545364,10.597448,19.497446,2.037853,2.140600
11.377605,8.306526,2.807593,4.078800,0.588269,0.803614
6.385190,4.530304,2.119280,3.044652,0.329190,0.117988
10.481822,7.245221,3.586450,5.148414,0.837944,0.787230
71.068916,32.171684,76.582329,93.367683,12.248762,28.493515
16.058609,11.589595,3.888280,4.151933,0.444830,0.935484
11.129313,7.540611,3.573111,3.781464,0.443764,1.926296
11.256194,8.264760,3.105464,4.345189,1.145440,0.030645
14.771595,10.879727,6.676677,8.010300,0.696177,2.627927
23.269943,16.583370,9.870742,11.884478,2.262330,1.681022
17.529535,12.545482,5.645082,11.065701,1.496157,0.741843
22.205513,15.649451,10.505287,14.414190,2.460455,1.883949
17.749296,13.343997,5.957052,12.973349,1.854092,2.068167
44.707352,19.367844,14.126121,13.949203,1.992608,5.565294
7.048369,5.101333,2.500764,3.534208,0.721878,1.260723
17.180294,11.594871,16.763918,21.617296,2.673246,6.115363
14.669468,10.383507,5.398277,5.322311,0.543758,2.502469
17.351448,12.323767,4.518793,9.311979,0.713238,-0.015926
10.519907,7.328466,7.867740,9.737392,1.582099,4.347666
20.202206,14.590601,5.425323,7.585792,1.031795,5.841879
4.252623,3.180936,1.408804,2.524541,0.210166,0.144059
30.018412,13.443126,10.628088,17.189621,2.505629,2.338799
4.862477,3.443644,1.601678,3.066235,0.578576,3.188689
11.668385,8.119161,2.442426,3.979542,0.675649,0.226154
7.316654,5.169923,3.086383,3.534676,0.769606,1.194238
53.390579,35.341232,21.121420,21.971090,3.724076,29.970430
15.811788,11.287813,4.724422,3.423117,0.506610,0.697846
7.175882,5.336056,1.797888,2.983981,0.499856,0.106905
42.532120,21.046995,26.702152,33.413284,4.030095,9.637120
51.690964,26.759073,87.442268,96.259918,14.169800,35.524155
6.447941,4.713946,2.410150,4.656062,0.200452,1.023256
12.115656,8.409245,3.103706,4.745168,1.289619,0.974886
7.263878,4.990939,2.195300,2.881368,0.211362,1.083681
95.965126,32.553833,62.193455,72.837357,9.827600,21.176472
88.186722,32.569687,59.430408,73.713905,9.548728,16.650871
79.682579,40.622734,156.451447,172.935547,21.667231,32.346416
26.650631,18.662283,30.695522,47.626961,6.350671,4.684700
25.571434,18.945152,9.552207,13.851954,1.856830,3.416975
5.508543,4.062403,2.475337,1.857068,0.411961,6.643939
12.976297,9.313536,3.766360,4.631672,0.457251,1.719337
20.429565,14.772874,6.109846,6.631419,0.318981,2.943472
6.561084,4.758013,2.651225,2.440354,0.548948,0.747957
11.249474,8.567381,3.226431,3.980834,0.904328,2.272676
11.122021,7.782868,4.781303,4.408484,0.400308,0.274893
12.235759,9.004495,3.432972,5.248909,1.149002,0.100480
25.168629,17.695099,6.198444,9.906781,1.451935,9.539607
25.386103,18.126280,7.471178,10.489015,1.845574,10.458224
22.083105,15.574880,5.213579,6.648061,1.023837,2.347937
8.548659,6.371418,3.078431,3.357620,-0.069357,0.600823
12.250781,8.890749,4.160165,4.882669,0.758637,1.143640
43.650539,26.703844,58.773079,87.788628,11.682844,18.009563
102.668533,52.829025,112.017067,141.452072,23.231102,34.358021
59.156380,18.826445,79.697815,118.062584,16.777674,26.977085
48.459179,18.800705,77.730217,113.732903,16.002884,24.763063
18.041357,12.795892,5.132526,10.663117,1.507240,7.507978
29.949852,12.845228,13.196647,14.783264,2.463850,2.255246
29.608990,12.858953,13.403847,15.524511,1.949224,2.348201
42.438461,18.186510,28.391226,34.356083,6.568640,60.179180
37.666973,15.392644,28.855272,40.882648,7.668297,79.398827
8.094991,5.773529,3.199056,4.855946,0.575160,0.041230
37.062614,20.122877,10.463677,12.181429,2.136194,2.501155
5.571735,3.958218,2.380121,3.338019,0.877207,-0.478948
9.394156,6.903645,2.927457,6.337576,0.285965,0.250600
9.758044,7.033847,2.336778,4.552525,0.676527,5.049860
9.678237,7.132073,3.015087,3.767068,0.669774,0.428489
13.206488,9.409900,3.969957,6.100634,0.770523,3.321177
12.902724,9.389637,3.690386,7.260053,1.012633,1.572297
17.560684,12.685638,9.282744,13.568980,1.110710,3.578760
20.220922,14.556009,5.940699,7.606434,1.201587,0.765367
8.884082,5.521671,3.704272,4.837821,0.828417,1.197198
6.174344,4.569658,2.113194,1.847303,0.145578,0.514023
14.870889,10.885144,3.716227,4.962262,0.433678,0.050019
17.372955,12.091650,4.825664,6.733543,0.811721,1.716246
46.660675,29.695656,19.082033,24.187092,3.009446,4.271715
13.102729,9.693737,6.412136,5.700643,0.972784,0.605693
42.469349,27.440638,35.738770,46.880009,6.140765,5.578451
13.814544,9.969157,3.974428,6.754183,0.755620,0.643890
24.705688,16.544779,6.653700,7.305337,1.128947,5.562344
9.385334,6.525177,2.962230,3.900558,0.387433,0.343985
5.856665,4.193682,2.175881,2.666641,-0.037947,1.272730
7.626628,5.787324,4.299521,5.816470,0.694648,6.971108
8.625701,6.468283,3.247609,4.875646,0.919637,1.148962
9.811159,6.900726,2.994977,3.025302,0.804060,1.158374
10.693651,7.862935,3.854129,3.818153,0.218577,1.314715
8.841661,6.824801,2.423586,4.117847,0.437958,2.226714
7.463058,5.714640,2.904408,4.098766,0.929696,5.399644
17.015863,12.228571,4.120670,6.828161,0.925876,0.244301
6.474919,4.736910,1.815119,1.438853,0.406353,1.034445
4.867464,3.638480,2.596131,6.691354,0.692651,1.276551
17.371275,12.515743,4.542665,10.189487,0.921604,1.915722
19.180130,13.785025,5.602679,7.547911,1.244566,2.775690
13.671336,9.702723,3.590240,6.045364,0.384821,0.293645
17.027239,11.607100,17.531435,21.222486,2.930398,6.431823
4.286914,3.118049,1.511822,1.327001,0.360740,0.874493
18.142830,12.949456,5.136149,9.256866,1.261580,0.973019
12.505486,5.877003,4.520077,4.457076,0.613734,0.902428
12.362292,5.838731,4.664908,4.944882,0.729312,1.240150
17.269516,12.663385,4.736467,8.243989,0.971358,-0.079632
32.951023,22.574818,21.936407,27.423353,3.427171,4.169744
8.728835,6.249415,3.011990,7.063041,0.762112,1.599588
35.115501,23.337717,17.334597,22.113277,4.244936,14.376814
10.720050,8.034568,3.342981,3.598085,1.093490,3.303563
5.440351,4.148370,3.058596,3.029584,0.433331,0.818276
35.076897,18.898321,20.729443,27.689383,4.798474,25.211113
32.450676,14.315347,29.774944,42.389378,6.952107,32.829456
11.330815,8.442441,3.904912,5.044932,0.631792,-0.311516
28.282515,20.289452,11.767311,17.557131,2.133071,4.464016
9.866982,7.231145,2.930357,3.326945,0.265430,0.855377
15.755968,11.539077,4.421000,4.859871,0.903609,0.289162
29.900505,14.228793,11.566995,14.246898,2.155934,5.563788
57.105068,21.634140,42.239330,54.769150,7.985592,23.714060
60.506145,22.365402,51.390545,74.225594,9.424822,26.808510
16.686684,11.787330,3.743721,7.909434,1.456385,2.417950
6.961033,5.133445,1.736852,2.374727,0.530538,0.937035
6.867060,4.872518,1.842170,2.905057,0.008702,1.240218
50.803921,31.301018,26.562078,34.385639,3.294561,6.916784
50.749645,29.988449,51.398949,67.441620,9.099015,22.468315
6.751096,4.788325,2.151317,3.328849,0.129112,0.511620
20.873201,15.051458,5.616506,6.181855,0.882241,0.828893
8.592834,6.250884,3.072064,3.821020,0.362050,0.864639
6.503561,4.736550,2.333709,2.567812,0.505808,5.437435
4.616165,3.529775,1.465478,2.357975,0.254575,0.648172
16.032452,11.411652,4.200816,6.447783,1.056512,1.838105
6.348033,4.831898,2.598084,3.194135,0.409189,0.342636
5.188938,3.956270,5.038715,3.749579,0.333000,0.744535
9.156664,6.550650,2.933987,3.261939,0.107991,1.289393
10.940449,8.012320,3.900346,2.601161,0.720717,3.021634
6.969239,5.222747,2.651161,3.435435,0.577420,-0.406361
35.422493,24.225534,13.723652,12.336546,2.242102,2.200233
5.647704,3.832257,1.822987,2.369959,0.365950,9.956016
16.052109,12.113410,6.161429,11.210398,1.694824,2.351844
9.697263,7.234127,4.124490,4.022003,0.690984,1.536508
15.201281,11.029382,4.230814,4.659694,0.471774,2.406658
46.864944,23.663879,31.586819,38.530025,4.545117,5.911359
6.215413,4.332335,2.051658,2.832433,0.158045,0.269578
22.011322,15.221597,10.867633,10.993803,2.000062,1.731642
4.330850,3.186924,2.054130,1.443576,0.296809,-0.043128
14.606590,10.800599,5.119539,7.252045,0.886355,1.263058
10.123368,7.008958,3.468476,5.580098,0.392232,2.220365
11.602172,8.460599,4.206455,4.408808,0.644088,2.811692
24.385090,13.672616,21.606575,27.299986,4.024854,5.057548
8.571265,6.213179,3.064533,3.071757,0.646043,0.735089
12.368786,8.908269,3.806621,3.872389,0.666561,-0.118249
34.663563,23.660486,19.198458,17.009302,2.635752,5.860984
29.529625,20.260984,8.822110,11.476303,1.880447,14.001745
12.050702,8.694632,3.988303,1.982598,1.165138,0.031649
8.480466,5.983191,2.936589,2.925646,0.773876,0.822088
17.286575,11.964892,4.209168,8.776480,1.050975,2.852821
11.155818,8.195341,2.888229,3.677703,0.290214,0.795001
19.342003,13.558945,7.568738,13.273918,1.359236,2.552443
42.604996,25.686859,48.548931,60.418732,8.434025,13.974091
20.666082,14.209601,13.372945,18.299099,3.107092,4.491877
22.810844,15.676612,6.601672,9.131045,1.442600,2.485386
54.942348,35.111977,25.655649,34.347157,6.582776,57.235870
17.247002,12.495639,7.358820,9.290547,1.156019,2.423352
21.410625,15.412966,5.479933,10.703290,1.524249,6.660269
26.487017,18.189058,7.909417,8.304465,0.591222,2.390521
21.023779,15.177266,5.799898,7.601723,1.260204,2.928695
13.569072,10.225444,4.453751,4.516470,0.465936,0.855160
43.202068,19.599613,15.290957,20.544180,2.608945,5.508805
42.029202,19.438648,16.325983,26.406500,3.110468,5.776743
7.038564,5.114633,2.549324,3.693037,0.796664,1.949947
14.811951,10.616515,4.393658,4.444871,0.616235,0.052939
8.317083,5.778986,2.634265,2.193383,0.362174,1.285105
8.214229,6.056721,3.011643,3.188559,0.494171,3.382686
20.138395,14.255060,6.437211,5.111058,0.630981,1.336875
5.640077,3.980064,2.243944,2.599966,0.650957,-0.327221
6.679171,5.159877,3.010447,3.099048,0.628632,1.635196
12.412312,8.713088,4.098645,6.528679,1.042362,6.415715
58.565109,23.312500,79.156952,82.767860,13.180261,50.345825
51.138798,22.826599,43.747326,59.618858,8.581569,25.206203
8.991444,6.486869,3.343527,2.085220,0.616435,2.219919
5.593126,4.333724,1.806908,2.734819,0.664995,1.028967
15.244834,11.441907,6.235820,8.132279,1.608069,1.471880
7.811137,5.487055,2.609697,4.067754,0.279721,0.827406
9.595967,5.962955,4.944008,6.033304,1.040959,2.934784
12.040979,8.598006,3.716818,8.278393,0.761946,1.654702
11.041605,8.157940,3.450335,4.542253,0.688567,4.023698
24.781569,17.024855,8.846809,9.687757,1.431476,1.523915
12.577475,9.211169,4.097555,5.393676,0.944454,-0.653788
23.962652,16.247187,8.626796,9.381645,0.996585,3.778929
23.797342,16.806013,6.412004,6.875328,0.801131,0.726832
16.269743,11.975826,5.179680,5.578277,0.635989,8.038667
25.346478,17.690586,9.701806,7.398360,1.060970,3.073888
5.008608,3.673878,1.772996,1.571931,-0.001429,0.518945
4.400715,3.086670,1.610294,0.887589,0.247417,0.532930
10.668448,7.360898,3.623204,4.285115,0.875412,0.436407
3.890300,3.014971,1.881902,2.609223,0.478718,0.612456
15.840487,11.601020,4.447753,8.714809,1.416464,2.307653
6.114805,4.352676,2.515230,3.322968,0.213983,2.230827
45.494133,29.163595,11.806048,16.632107,2.761734,2.537363
20.729998,15.076679,6.127713,5.006634,1.047933,3.907892
15.072558,11.030890,4.729821,4.836724,0.643373,1.496393
10.576045,7.507640,2.841300,2.969113,0.389950,0.264696
10.885793,7.905878,3.116634,3.884776,0.661325,0.781550
8.197028,5.790061,2.572117,2.990858,0.275237,1.075877
19.428234,13.932275,5.431525,6.063449,1.071914,0.677557
15.910361,10.482226,26.260746,31.632685,3.854900,10.945661
84.531654,53.959560,55.378017,73.901436,9.233764,12.920676
35.231846,23.350878,9.026837,12.604498,2.028167,3.081884
44.869541,30.845858,13.871273,18.329960,2.812928,1.970112
7.802263,5.698130,2.755944,2.623651,0.846467,0.574738
8.886946,6.258295,2.516816,4.883629,1.164612,0.077655
10.632092,4.851201,3.605533,2.515958,0.653693,0.484760
9.706519,4.748703,3.617646,4.873101,0.787503,1.447558
5.989829,3.562220,1.898120,2.250444,0.758099,1.258618
5.627368,3.729872,2.043622,1.736591,0.370863,1.197782
13.828866,9.780512,3.952535,8.147017,0.456184,0.823721
29.945698,20.101238,14.703373,20.901884,2.358409,2.218147
24.666515,17.387211,7.198934,8.152448,1.683631,2.478784
15.211989,10.976034,9.004069,14.285497,1.490323,3.539720
20.524906,14.711366,5.326637,9.443790,1.043419,0.831080
15.127436,10.753771,5.112062,6.931742,1.086918,1.449953
30.662125,20.559061,22.689810,28.144300,3.475580,15.017323
9.496757,7.448458,4.003859,5.856777,0.841365,1.459924
18.265091,13.201659,5.748262,6.290509,1.395158,0.313993
4.009183,3.149383,1.173843,2.240507,0.055671,0.115972
9.432866,6.811647,3.187957,3.150062,0.434382,1.207728
19.271950,13.695344,5.960591,8.495885,1.186153,2.121577
17.547523,12.405137,4.239791,5.615998,1.328538,0.966255
42.210979,20.489305,27.756893,31.971193,4.771772,10.966182
62.650673,39.420986,37.483089,49.628979,6.577083,12.540574
22.014521,14.847445,17.050079,25.615170,3.103190,7.845869
23.432436,16.545952,6.421028,8.074563,1.838716,1.310577
15.899277,11.356720,8.737715,13.028055,1.176046,0.911647
7.713197,5.899947,2.982642,1.605895,0.692422,3.675495
6.241261,4.754775,1.840447,1.173929,-0.040536,1.303772
41.563049,26.522535,30.641027,31.855185,3.719095,7.032401
46.756172,26.577412,30.401112,43.197495,5.085923,8.934597
13.272098,9.703306,4.410223,5.144351,0.461024,1.903985
30.224161,16.923355,16.185057,19.120895,2.285181,9.849860
8.041205,6.098009,2.819754,4.549797,0.362776,0.674329
37.533443,25.295771,7.923211,13.179507,1.392172,2.491152
8.376819,6.073265,2.427644,3.485474,0.677302,1.410126
18.327902,13.463161,5.307744,6.324215,1.426988,3.379992
7.631213,5.617762,2.525590,2.529332,0.663278,1.827398
5.700672,4.495868,2.510683,1.680585,0.889238,0.575885
51.210430,21.179138,45.172737,59.978329,8.697566,21.800282
49.582020,28.202726,47.012035,62.519310,7.724321,11.355876
98.475555,30.143694,165.534637,215.329712,31.512491,56.024776
6.898306,5.062407,3.410965,4.060920,0.716188,0.953540
49.816044,32.518387,26.414812,43.945148,13.912157,34.446743
14.662493,10.450912,4.702208,6.607768,0.877788,10.692282
5.658054,3.919694,2.334020,2.035226,0.108578,0.179566
4.751996,3.464406,2.109309,2.498779,0.082481,0.757847
7.129018,5.444183,2.745405,2.989804,0.290008,0.313967
14.924712,6.389633,5.370812,5.166835,0.818587,1.060473
12.274669,5.221014,4.859437,4.944329,0.548193,1.731154
5.875191,4.159268,1.498745,4.251777,0.411589,1.241512
4.912184,3.536041,1.814682,1.522679,0.254571,0.803093
7.541782,5.274844,2.506946,3.300617,0.247362,-0.099847
11.548246,8.281011,3.843014,4.951438,0.841882,1.293018
4.512395,3.069179,1.955657,2.831692,0.093582,0.119700
4.087604,2.990055,1.814115,1.797303,0.063861,0.917829
13.873371,10.272078,3.231503,4.865612,0.579607,1.078822
16.066523,11.521315,6.782740,10.068241,1.328064,20.678228
11.024998,7.900724,3.626035,4.309869,0.373673,1.537285
10.884933,8.134480,3.110966,2.777139,0.640912,1.059589
9.723328,7.029918,2.745898,5.493989,0.513426,1.022114
8.121630,5.699410,2.676088,4.332245,0.455517,3.986004
11.817595,8.145771,3.366707,5.108832,1.081937,1.624107
98.414238,32.998138,79.994240,101.299828,11.921687,18.792065
6.042630,4.630477,2.653860,2.743167,0.486177,0.486733
13.554524,9.754400,3.658219,5.407033,0.070251,1.878026
14.371412,10.294111,4.411146,6.922646,0.932244,2.503236
54.455750,33.666019,29.930899,32.773849,3.768523,3.942427
4.858592,3.724948,2.123698,1.593816,0.484584,0.634878
8.021749,5.840066,3.088920,2.604340,0.117939,2.196965
9.437193,7.146334,2.772915,3.400058,0.575371,0.143157
10.173053,7.711720,3.255542,3.188413,0.558529,0.936956
9.871479,6.760507,3.248810,2.048980,0.499657,1.113676
14.479683,10.514605,3.997114,5.292663,0.830511,1.821035
4.881785,3.485785,1.811661,1.951046,0.258296,0.542360
4.152346,3.215690,1.700024,1.459888,0.314992,2.091432
11.746756,8.286028,2.624722,4.872945,0.416420,1.593915
9.098133,6.348676,3.873122,5.374277,0.520216,9.860472
50.662567,30.512383,24.280031,37.482952,4.180343,8.354693
15.101976,11.327845,4.643841,4.495772,0.802071,1.697828
5.984188,4.562265,1.770328,4.329211,0.496079,0.813583
32.008255,22.166431,23.836653,33.577301,3.755633,5.722084
6.747646,4.994692,2.441540,2.465899,0.820097,1.112335
12.154865,8.615235,6.993770,9.810358,1.204887,1.084438
13.385292,9.638638,4.152615,3.219607,0.744330,4.412081
10.007558,7.396425,2.949388,3.954692,0.288348,1.688393
10.201105,7.417443,3.094434,5.034104,0.934090,0.273264
15.279838,10.889418,7.720941,9.362511,1.646519,7.100763
18.187746,12.800353,4.869484,6.089298,0.983218,5.828640
8.527758,6.256428,3.189601,3.676417,0.443834,0.803935
16.298389,11.402804,4.784941,5.489937,0.558135,1.097127
13.365487,9.773007,3.804518,2.320724,0.924581,2.567677
40.090302,21.951468,35.629097,39.711857,5.495213,9.790569
14.934560,10.626834,3.969997,3.736233,0.159168,1.095379
8.212221,6.034517,2.530149,3.046889,0.555797,1.039129
70.600502,33.681961,59.997303,70.186821,9.181037,7.321907
13.456983,9.544864,3.339149,4.314328,1.206144,0.311151
68.713684,37.928955,56.976486,71.221802,10.199401,12.313128
13.775754,10.142239,4.289992,5.508632,0.940300,1.761711
15.761681,11.481074,4.470511,4.243423,0.856514,4.828486
26.510784,17.478292,11.395414,18.616365,2.851128,3.569719
19.293501,13.643183,5.717214,8.811618,1.380517,1.657488
12.614594,9.179090,4.120018,5.823219,0.460239,5.333830
5.471767,4.033762,1.804417,1.826239,0.204540,1.903521
9.836630,7.160787,3.431823,4.797037,0.491353,0.269479
8.971334,6.874159,3.245365,3.475083,0.746973,1.935066
62.683662,21.337505,115.527733,151.063599,18.722855,32.296482
5.056061,3.839320,2.236295,2.292191,-0.136825,1.958949
27.415241,18.890520,13.059156,15.281926,1.905224,2.289546
23.730314,16.601799,6.106832,7.283841,1.823104,1.921809
20.889841,14.371829,14.815361,18.858723,2.687643,5.596062
28.218515,15.386014,7.838305,9.463415,0.785775,3.344007
8.006752,5.451761,2.849012,1.800283,0.319950,1.051309
7.354635,5.226318,2.711771,5.368501,0.382254,2.645884
4.600457,3.445750,1.955982,3.699610,0.490521,0.291467
8.633723,6.050622,2.900318,3.906466,0.902589,3.623175
16.397087,11.845883,4.061995,6.327841,0.829729,2.264250
8.289511,6.101824,3.004873,2.958695,0.522518,0.787363
12.945841,9.554939,4.086312,4.648484,1.061212,2.840420
21.388815,14.132351,21.798878,29.172581,4.221620,36.097332
5.688780,4.182278,1.916877,4.541979,0.745845,6.308080
36.016941,25.221878,9.965456,7.697920,1.923450,2.918628
12.512650,9.271688,3.861743,5.628050,1.201846,3.895641
31.886078,21.597994,10.149997,12.580023,1.949777,6.255346
10.229403,7.276609,2.886732,1.897955,0.419647,1.359820
9.494304,6.403448,2.680773,3.910144,0.474157,0.558122
13.008223,9.269174,3.848927,6.804995,0.377327,1.432555
17.473547,12.422753,6.318762,7.503488,0.847905,1.506795
6.864789,4.984931,2.289829,2.613198,0.144775,-0.712040
11.058662,7.895453,4.514384,6.042782,0.743278,1.312786
4.888581,3.846483,2.161306,0.958657,-0.189083,0.878552
39.688347,24.040457,37.027683,47.723003,6.662016,11.344916
39.929352,25.971724,12.679617,17.895094,1.788153,3.793774
10.798951,7.458364,4.147573,5.290845,0.750218,1.345855
10.071556,7.580797,2.542200,7.126153,0.119776,1.206256
7.452778,4.705444,3.120155,2.966654,0.676410,3.637474
8.684586,6.294125,3.107079,1.730090,-0.040042,0.026978
6.247199,4.460568,2.613037,4.306548,0.272433,0.781225
4.111654,2.919286,1.755151,3.203686,0.822633,-0.250812
19.566637,13.717776,14.431205,12.429334,1.753021,7.411091
52.660194,20.882793,21.100504,26.129707,2.491479,8.393347
46.266354,16.771387,18.835405,26.476076,2.795928,6.008396
12.130828,9.024680,3.940546,4.766357,0.933935,1.087899
6.298206,4.363740,2.220434,3.883996,0.519778,0.999300
5.927330,4.199160,2.084542,2.772776,0.791651,0.921906
17.104342,11.751222,26.642099,30.572107,3.385329,5.805192
46.573608,17.211155,40.920815,59.724655,8.254809,13.748641
43.762180,19.446186,35.311085,56.790268,7.630414,10.961595
45.183952,18.938049,42.460117,41.317154,8.134381,22.458735
43.755379,23.251951,67.139084,67.185448,11.798561,32.226559
69.207977,38.473209,43.664692,71.060776,9.223332,10.877802
8.332012,5.766310,2.674842,3.939889,0.357014,0.380113
31.765219,21.842939,15.043739,20.024237,2.539699,3.989699
14.134864,10.125341,4.097303,4.240415,0.396824,1.633081
6.325965,4.493189,2.000962,4.379074,0.283152,0.314217
11.637888,8.489030,4.643839,5.982988,0.574218,1.232189
7.191210,5.356662,2.231499,3.227096,0.349350,2.728209
16.326891,11.538390,4.624970,5.475463,0.913034,2.506442
24.651075,16.867096,7.505497,13.895891,1.967099,2.402282
21.099487,14.512076,5.576426,7.032624,0.910676,1.711538
7.959304,5.613651,2.437264,3.835895,0.482701,1.296114
11.343850,8.117118,3.523324,4.682174,0.810216,0.078391
10.171996,7.368879,2.951659,4.373302,0.634270,4.094754
4.621269,3.528110,1.818916,3.120659,0.747178,2.005368
15.170244,11.248496,4.510892,9.306758,0.720485,0.431927
10.955955,8.250510,3.018841,4.362137,0.747221,-1.291090
14.732062,10.859090,4.142398,3.913437,1.015718,0.717918
10.365387,7.365062,3.120531,3.875501,0.607397,1.786891
13.727407,9.879019,3.946118,4.406177,0.422413,2.522756
6.373756,4.722897,2.028224,5.171874,0.608731,0.126732
4.421744,3.389762,1.636607,3.014613,0.331193,0.304706
20.716841,14.493406,5.600341,7.173633,0.930040,1.501464
4.409127,3.165694,2.007941,3.409808,0.610195,0.303400
11.699104,8.403708,3.436086,5.037824,0.608626,0.749881
5.956971,4.197597,2.172929,2.836797,0.334407,1.133987
11.459753,8.009844,3.666585,3.588102,0.226154,-1.043483
39.503418,26.049046,16.009735,25.514647,3.454513,4.633399
5.473532,4.036636,1.697255,2.993191,0.264298,0.509727
4.952031,3.649416,2.058648,2.891120,0.559372,1.212519
5.506979,3.907913,1.957812,2.205708,0.925134,-0.348158
10.829491,7.544509,3.483807,6.253094,1.606549,6.809741
6.065801,4.561815,2.053362,2.566251,0.375990,0.349301
39.496204,27.900322,14.188692,16.944260,2.907636,5.121181
10.072688,7.699542,3.123648,6.154250,0.685272,3.103229
11.553774,8.498795,3.264317,5.232899,0.640162,5.239421
6.759322,5.008946,2.139695,1.465580,0.842274,-0.073410
5.657176,3.973296,2.126954,2.537959,-0.033863,0.620668
18.027212,12.896681,4.135643,10.243428,1.397675,1.523613
90.030495,31.825047,155.432785,190.174149,29.275043,86.578247
49.772038,20.500725,75.875755,112.597786,14.462864,22.306595
28.506115,17.739519,19.654419,29.536798,3.978134,10.349216
14.000344,10.315404,3.749693,7.306129,1.004686,2.825062
96.604797,42.684467,43.597050,59.869930,8.856361,14.784220
15.207733,10.998691,4.497028,5.131377,0.054920,0.923999
14.751657,10.866209,3.993568,6.339997,0.522041,1.192493
4.150218,2.936972,1.506076,1.818804,-0.047207,0.603422
7.901237,5.763661,2.586517,3.999846,-0.015129,1.694031
7.594108,5.115898,2.098707,1.115997,0.485020,1.732176
35.429386,24.896063,10.645903,14.189466,2.293482,6.719011
7.865966,5.834197,2.608869,3.891446,0.802910,2.564448
6.387145,4.676320,2.443411,2.550184,0.314281,2.350543
12.558612,8.477749,3.027943,4.674748,0.425750,0.983666
73.439156,34.723328,73.170822,94.509369,11.326095,16.968525
34.059841,20.590246,43.798073,67.168739,8.392090,26.927572
8.610513,6.152056,2.089704,1.375002,0.096458,0.533262
40.591236,22.617695,75.912476,86.381920,11.368857,16.643492
11.043110,8.035044,3.399857,4.097401,1.306138,0.361646
5.205392,3.982754,1.811973,3.170280,0.558719,1.435591
5.586622,3.917844,2.304549,1.632762,0.123205,1.013270
9.770479,7.115937,3.307288,1.767550,0.784624,0.303822
5.173667,3.956506,2.226095,1.539620,-0.252982,0.645018
17.360523,12.724736,6.016105,9.954942,1.884389,1.955824
22.413067,15.706403,11.237372,16.614597,2.693043,3.431120
14.150729,7.353418,6.976141,10.585311,1.954864,2.511317
25.453245,17.927465,6.965997,9.015033,0.743797,1.055323
10.666894,7.490965,3.520689,4.662260,1.066666,2.444349
9.901696,7.061015,2.944693,3.712096,0.552226,3.842749
11.412031,8.359807,5.102116,6.686551,0.936933,1.384546
11.016448,8.034833,3.041983,2.867138,1.301176,1.801620
51.601276,31.095074,53.063900,64.650520,8.250844,17.431576
71.260971,34.060932,29.330996,46.198475,6.123724,7.260807
99.851990,40.223972,154.848938,185.438889,28.472223,51.651939
95.059067,39.108368,143.216064,196.035904,26.737740,50.931850
43.246101,20.067951,65.433792,107.895348,17.497238,66.520149
10.874104,6.640189,3.401195,6.910178,0.588635,3.677615
83.073517,30.946447,89.887405,113.137817,14.111297,30.597519
50.823845,22.433416,67.702766,102.402214,11.419581,15.203733
83.468735,47.953838,51.101986,67.560364,10.235096,32.741100
6.491880,4.819083,2.147179,2.100682,0.490071,2.056184
16.019064,11.622795,5.860932,5.143314,1.011959,3.344052
5.087697,3.815686,1.691497,3.271654,0.319422,1.272626
8.523062,5.882240,2.941011,4.389918,0.662005,1.176057
7.218884,5.373044,3.632562,4.319425,1.072170,0.980376
52.887562,22.249063,23.042799,29.021639,3.717338,6.884884
51.807922,22.200583,22.862726,29.598370,3.656012,6.746759
17.644911,9.071047,5.253933,6.742429,0.884166,1.952114
11.849545,5.317617,4.057032,5.496634,0.578931,2.961069
6.223795,4.540167,2.337101,3.659724,0.195968,0.593383
13.634565,5.900090,4.123919,5.032939,0.280301,1.378467
11.078725,4.626125,3.798800,5.224484,0.393055,1.172532
9.430833,7.086033,3.472949,7.334148,1.166820,3.890066
15.160420,11.198813,5.667649,6.383842,0.585772,2.878100
19.355143,12.722981,17.085506,16.194843,2.811455,3.223457
12.890404,9.483768,3.874942,5.319040,0.435682,0.984299
9.608262,6.550468,2.325295,3.563112,0.862123,1.366107
16.841696,12.040840,4.612356,10.703590,0.576706,1.135803
5.554612,3.996596,2.170989,3.550574,0.687278,-0.012532
8.719202,6.501604,2.429164,3.872343,0.445603,1.350525
23.007406,16.255089,9.923058,7.196011,1.652846,2.676648
23.818974,17.598238,6.377855,8.615579,1.415808,2.355275
5.402084,4.081252,2.144340,1.070083,0.417006,2.165888
6.086247,4.451931,2.143444,1.781788,0.545994,0.452447
12.568643,9.116543,3.877348,2.062876,0.910187,0.225590
4.273412,3.475465,1.886258,3.131922,0.339944,0.431280
13.038986,9.568673,6.205134,6.831279,1.340768,2.150061
7.364539,5.431890,2.680646,3.336219,0.586584,1.281888
4.626554,3.471339,2.190563,0.712896,-0.137465,1.984232
4.896058,3.656588,1.867401,2.022578,0.294352,1.321189
26.194258,18.183485,14.047264,14.863775,1.622885,7.158493
8.360113,5.914351,3.095186,2.955144,0.273415,1.119933
63.004524,32.263977,209.247314,254.252258,32.686485,60.368992
12.361074,9.123415,4.007927,7.043413,1.368284,2.159159
4.066722,3.156228,1.534036,2.158660,0.588545,0.374477
8.472973,6.143322,4.040842,5.347681,0.915543,1.317492
58.206009,30.873011,45.689671,57.461620,7.694697,13.065517
30.723196,15.753289,20.821960,17.762926,4.177361,6.228637
28.900307,14.050356,48.085827,61.788109,8.827458,11.189474
5.532077,3.997443,2.197609,2.098010,0.739171,0.230959
11.609329,8.673938,3.242887,5.366681,0.303616,2.228063
13.533389,9.872981,3.837015,3.823542,0.471670,4.206103
52.146614,23.991589,15.893172,21.638908,3.562387,18.944229
55.373447,23.724728,21.414446,35.365822,4.887365,6.649508
28.441294,19.803463,29.398258,39.330975,4.671960,9.021844
21.682320,15.635364,5.043555,6.406569,1.644784,1.120638
4.448125,3.371496,1.747809,3.451278,0.512625,0.715181
14.755260,10.173468,7.944521,10.553497,0.941846,2.869954
25.040247,18.180511,10.478402,14.256068,1.883693,2.799966
9.923149,7.271091,3.181927,6.272193,0.539686,2.280703
12.174847,8.388697,4.182873,4.393978,0.672420,1.368416
12.968971,8.855514,3.828781,3.635667,0.594577,0.326347
6.532841,4.937523,2.432851,1.881296,0.097483,0.381533
10.243715,7.067692,3.611996,4.744160,0.779032,0.711921
19.952990,14.299763,4.855881,8.186378,0.973088,2.164607
7.706346,5.648087,2.742260,4.392661,-0.072412,0.453291
9.197566,6.532004,5.021303,8.658760,1.103527,7.841605
21.715668,15.421252,10.660092,10.014600,1.914979,2.985354
4.923359,3.491407,2.238017,0.886858,0.257413,1.157442
21.868732,15.379210,9.361265,15.974477,3.494670,17.101500
4.468125,3.314728,1.820549,2.690253,0.412944,1.181284
65.408966,41.589043,50.157749,57.870975,7.828438,12.895502
14.430483,10.257030,5.132583,5.245374,0.660113,1.051638
8.950167,6.543799,2.464367,11.574512,5.246595,12.432590
4.240492,3.149356,1.791101,1.435446,0.074370,0.962300
5.323707,4.012741,1.941702,2.455989,0.139570,1.062621
13.810781,9.959024,3.597913,11.303350,2.808928,8.913809
17.895916,12.750332,7.903807,10.899985,0.934187,4.388106
5.151946,3.803136,1.927389,1.703652,0.608931,1.930134
11.085910,7.810749,3.245922,6.726700,1.184914,0.445269
23.446507,16.574619,7.730335,9.454108,1.678295,1.182513
9.530366,6.807163,3.149475,4.370291,0.944461,7.661574
26.377853,16.201452,40.923016,56.917152,8.285827,11.129839
4.935524,3.553003,1.697491,1.800080,0.309988,0.421271
4.765130,3.729544,1.912104,1.533699,0.290773,0.402351
33.789909,22.584219,32.298023,35.767517,5.241536,18.472342
44.957962,30.285992,24.212782,26.648138,5.041705,7.819102
37.064205,23.856647,19.720142,28.975342,4.357028,5.883873
43.201191,24.160646,84.157242,125.820236,15.631652,20.752893
14.422193,10.156210,3.288870,7.184543,1.034000,0.191160
6.073335,4.829599,1.373186,3.870556,0.064275,0.298324
9.377182,6.837268,2.191429,4.639618,0.927978,0.227015
8.129324,3.885344,2.023107,3.726167,0.386302,1.585013
10.218365,6.592993,3.155269,4.318422,0.597025,0.953279
35.090584,23.753178,23.334463,28.771471,3.928145,12.031827
56.336014,31.934769,60.244968,72.790558,11.211584,46.119137
65.405937,22.520582,63.109383,74.750092,10.729067,22.122288
39.979435,16.224089,57.474941,80.425491,9.110544,15.225287
40.877663,15.518878,22.829023,31.867153,4.413883,15.412948
51.663967,27.201221,46.215214,54.900391,6.962172,12.720699
9.466393,6.677584,2.882118,3.927245,0.553506,0.862749
4.201751,3.167248,1.328914,2.025701,0.169288,0.138195
5.473397,3.734298,2.078685,1.812599,0.111946,1.698820
18.533205,13.676518,4.842376,5.220340,0.471899,2.278624
16.141874,11.649806,4.845748,6.767423,0.540034,-0.099109
6.374617,4.521879,2.198448,2.811344,-0.414923,1.593545
85.399750,35.812309,96.970047,101.485207,13.747069,25.327116
79.526215,35.826672,97.493019,107.830933,14.107625,22.251909
58.622669,34.374825,105.210602,128.072113,16.877209,30.143604
47.788483,29.095858,32.142529,44.199043,5.699821,8.762343
48.184151,27.733194,99.286087,130.604263,17.401091,21.650194
32.137402,20.337297,18.915295,30.386099,4.544928,5.870490
9.984823,6.971748,3.192347,4.752227,0.604490,1.430889
11.413406,7.957825,3.392582,3.285838,0.653136,1.551189
12.485612,8.787226,8.390671,11.714635,1.147922,2.190590
19.473467,14.405711,6.027564,5.230012,0.765986,1.990106
5.098097,3.879538,1.615758,1.592120,0.012491,0.916179
58.283726,27.346533,75.322723,78.551628,11.778617,31.467363
76.009163,32.079765,128.326935,181.187668,23.844416,78.403191
8.354097,6.241692,2.414702,6.586666,1.201170,1.703736
69.937630,25.836576,57.079052,68.599747,9.600699,26.325720
84.943863,28.293118,55.291481,79.362381,27.694290,1560.745117
74.164406,34.349007,55.966164,79.660797,68.775558,3441.711670
38.162857,13.728017,54.554157,76.483643,33.916729,541.886963
103.096237,33.084019,76.940117,97.626137,29.118324,32.226311
104.049713,30.099630,75.204430,100.952713,13.527353,29.054773
79.399246,36.068733,43.499073,70.348938,7.903395,15.229790
6.109249,4.069936,2.511836,2.258605,0.171428,0.852057
9.512989,7.064381,4.155107,4.579388,0.306076,0.419419
141.631256,58.477230,53.059975,63.654362,99.658180,5956.317383
61.978745,38.112633,31.470634,34.652462,5.716917,16.586027
16.856768,11.831611,4.551911,7.558815,0.573417,0.203291
14.809483,10.600437,4.638706,7.509207,0.720117,1.660257
17.804083,12.403760,4.781819,6.088592,0.300159,2.192107
6.586891,5.097131,2.427778,3.363299,0.311238,2.864367
16.045679,11.241352,4.526490,7.602620,1.392911,1.703784
10.621614,7.444736,2.969695,2.565145,0.614601,0.508072
35.998753,23.901863,15.247377,25.709721,2.938253,4.031171
27.510599,19.237667,16.668106,24.452129,3.014534,2.347832
7.407394,5.479656,2.336972,5.284623,0.714839,1.767734
38.018307,24.567806,31.146847,52.513317,7.561343,8.111304
52.082367,29.698940,52.983074,70.507645,11.018442,25.816103
9.219704,6.860147,2.874689,3.110981,0.448203,1.038970
28.984154,19.858280,7.042239,8.960914,0.895976,2.639005
17.876141,12.408584,5.196198,5.425733,0.867768,2.336769
10.735979,7.552886,3.003966,1.932119,0.404357,0.159876
7.617388,5.428663,2.363919,2.835408,-0.200952,1.191811
8.389029,6.235707,2.754254,1.983621,0.341859,1.468942
13.273813,9.731684,4.399968,5.908482,0.513230,1.490085
4.710983,3.660560,1.871146,3.723469,0.507915,0.622362
4.876942,3.486863,1.652633,1.358277,0.850408,0.258476
50.772934,29.554762,30.058998,44.055782,6.436717,19.586601
14.608156,10.261315,3.044596,8.235036,0.367229,1.154704
28.410694,17.067661,9.995590,15.584371,1.595187,3.864228
79.794380,49.651634,72.116310,92.878616,12.317737,21.610670
115.522820,40.715275,91.908295,134.955231,19.403492,48.563507
47.059231,26.116796,32.355888,46.087788,7.186704,8.328733
54.444305,28.958448,44.600788,59.957928,8.830492,31.131128
23.325899,15.835322,25.457710,30.180325,5.220525,13.506830
66.663147,26.953260,97.730713,116.864319,14.936304,47.749535
6.806714,4.785411,2.477760,2.064668,0.493891,2.112373
28.716713,19.864321,19.456665,21.985363,3.896637,6.519458
76.107536,28.248911,127.522034,164.485367,23.651369,84.168266
91.304703,41.097824,98.209450,119.858551,17.240280,38.540009
75.832458,31.067467,150.850388,186.048584,22.982536,35.740280
44.667091,16.386189,49.808907,83.971977,9.574946,9.888279
8.801993,5.594604,2.418730,3.333783,-0.155099,1.413999
6.445381,3.969884,2.388156,4.134877,-0.035067,1.507250
14.113142,6.478536,5.020372,7.286305,0.510367,2.793213
16.106569,11.659143,8.097209,9.127687,1.267604,6.438075
41.093784,18.257915,62.564255,88.636955,11.831502,20.060490
68.133820,31.851131,81.746902,108.082451,14.345112,20.847137
10.044414,7.649840,3.288277,3.523712,0.046809,0.957416
20.812069,15.214575,5.288565,9.633495,1.537396,-0.538926
13.988759,10.078712,5.287100,3.225935,0.948416,0.900162
8.358021,5.705939,2.737582,5.361456,0.574510,2.161276
13.034691,7.279121,4.017163,5.122849,1.281163,1.825983
20.712086,14.238771,16.244467,22.548359,3.109157,3.405157
19.456774,13.571856,5.122919,6.834531,0.696399,1.380490
15.568972,10.990143,12.111806,23.563587,2.322699,3.095841
11.149291,7.923336,3.823593,3.922122,0.139249,1.380256
5.151392,3.413591,2.078948,3.263902,0.304422,1.095097
8.311555,5.737228,2.720804,4.226455,0.298664,9.972905
7.565642,5.735295,2.350558,3.874436,0.335880,1.515465
5.826152,4.128046,2.137852,1.673550,0.191595,-0.360719
52.775620,21.899107,17.727497,16.487684,2.473107,4.438082
53.686401,22.275877,19.119619,22.468931,2.771995,4.720966
36.905506,22.886345,56.465477,67.699394,13.636481,46.031151
37.778099,24.986750,38.024261,51.866428,7.089783,10.183654
6.315095,4.431856,2.400204,2.100849,-0.104075,-0.098424
12.380505,8.756330,3.455374,3.508618,0.392588,2.087842
24.560137,17.527531,10.114307,14.330007,1.154944,2.889627
7.563600,5.232388,2.346918,5.898720,0.083016,1.713093
59.019207,27.246534,62.609962,93.270653,11.598844,17.007242
14.362973,10.024883,8.618864,14.964088,1.948810,4.958581
73.364655,30.588041,58.013416,86.480705,11.661220,18.711891
13.551685,9.768476,3.869924,4.081693,0.767191,2.555085
4.211277,3.054898,1.330441,0.346395,-0.186674,1.268819
5.801529,4.425231,1.989502,1.835421,0.512383,1.436113
4.493886,3.153623,1.517945,1.614739,0.067606,0.911144
4.739347,3.407827,1.572904,2.388355,-0.114969,0.130741
8.033283,5.561872,2.377681,2.898261,0.216090,0.839409
23.108343,15.294593,17.345911,26.136414,3.540082,3.727900
23.910191,16.671412,5.933673,6.917997,0.893955,5.562687
19.379955,13.873019,10.139757,12.037938,1.118741,4.392323
13.892098,9.946644,5.848607,5.319096,0.899767,2.256870
18.290419,13.145105,12.864885,15.734919,1.823052,4.929380
7.233966,4.907829,2.921683,4.114582,0.674524,0.191192
8.749059,6.315907,2.825215,3.497247,0.098708,0.879673
9.417588,7.005468,2.795620,4.114523,0.549450,0.203909
10.288888,7.574151,3.235147,5.521766,0.671334,8.373535
9.992328,7.058984,2.969152,2.280329,0.676261,0.389617
12.434686,8.158409,4.566092,7.771414,0.862376,1.748656
10.530009,7.524926,2.886228,6.639148,0.867845,0.656626
16.949047,11.746655,9.506095,11.936957,1.601123,5.656206
9.195195,6.546365,3.574574,4.854353,0.332586,2.378897
33.984241,19.372108,38.808208,49.601521,7.032407,18.863937
74.935745,36.421745,107.608437,133.110947,19.342634,36.581810
20.004593,13.601400,17.781694,27.020561,4.001740,10.060118
70.682236,30.849533,45.462852,61.002209,7.953918,12.984273
66.882805,30.846603,42.224068,67.792435,7.593005,11.621763
76.636894,34.647713,69.661026,101.966705,12.489874,21.632469
124.878693,42.080288,202.697739,267.282257,36.212799,64.855652
53.870689,19.563042,313.631714,408.009857,49.675819,81.069977
12.047528,8.343542,4.024241,4.466988,1.059051,-0.297564
62.664970,30.628277,48.073654,64.167961,9.389359,27.288767
116.031372,38.433113,111.283615,127.297401,17.136551,23.021263
82.194756,38.340542,64.491379,91.428352,11.839828,13.656296
4.241426,3.097006,1.738362,3.073369,0.169216,1.593955
17.434027,12.463928,3.073112,6.325630,1.005574,1.136602
18.148224,12.664208,7.086400,10.674830,1.506238,2.379554
9.333415,6.702756,3.065077,4.153294,0.617935,0.027911
15.500906,10.461421,10.305955,10.752714,1.536518,2.741488
11.882323,8.637565,4.259486,5.445292,0.983705,3.293987
7.525095,5.699505,3.245772,2.027836,0.793533,2.702860
14.473870,10.158347,5.706221,8.165907,1.255458,2.354650
12.979527,9.621471,3.502655,3.691880,1.484583,1.645882
24.915710,11.948030,12.543721,18.832941,2.351606,4.261072
24.754702,11.973242,14.256669,25.674328,2.806313,4.792723
24.675379,16.598602,7.018596,4.946601,1.262825,4.084361
14.690888,10.197666,4.095034,8.029160,0.841175,0.717766
7.051286,4.903805,2.310084,1.386499,1.103153,8.285393
28.685705,18.710436,13.898317,17.188414,2.115164,2.694927
7.591017,5.168195,2.684895,4.028782,0.248761,0.714978
5.365074,3.880798,1.480177,2.354621,0.416464,1.682756
6.433257,4.593005,2.246762,1.642660,0.009799,0.273513
5.282397,4.088589,1.983818,2.967901,0.510808,4.688055
11.523973,8.091345,3.873005,3.879334,1.024976,0.161285
9.236765,6.956120,2.825717,3.017251,0.510585,0.296018
9.941875,7.533676,2.755714,3.074006,0.048354,-0.016628
9.982284,7.264625,9.354593,9.942429,1.724502,2.958482
5.584161,3.838692,2.061317,1.591530,0.554484,2.004712
5.435088,4.083863,2.171269,1.699111,0.605653,0.965625
11.194332,8.058568,3.034009,6.451212,1.472613,1.326939
15.110815,11.272093,8.383839,7.031385,1.733590,1.936504
8.530623,5.978069,2.810478,1.445778,0.735320,1.157652
14.114869,10.566922,5.471131,8.297657,0.797333,1.359558
5.929925,4.378183,2.198321,3.114673,0.411147,1.447157
11.169380,7.928012,2.992626,5.645205,0.984788,14.043912
16.905184,12.085592,7.164328,9.208103,1.115661,0.279093
7.346559,5.615922,2.488433,3.082866,0.313658,0.419115
10.560254,7.681610,3.173445,4.997683,0.494192,0.600739
19.996321,9.404488,6.784284,7.013155,1.362462,2.357162
18.141441,9.389431,6.360773,7.378197,1.464286,1.822850
35.862431,16.911186,8.567261,11.339446,1.517678,3.359704
59.564621,32.745087,53.833752,72.057503,10.174316,33.274864
9.888908,7.237062,3.119444,3.669590,0.620817,1.495670
5.296905,3.830902,1.422110,2.749168,0.441419,0.395514
19.237942,13.482089,6.983423,8.107856,2.234008,14.653059
20.804380,14.766058,11.939910,16.774424,2.448643,10.011003
9.451272,6.755603,3.221288,4.396691,0.758669,0.800467
4.562368,3.345267,1.797199,2.061903,0.164244,0.241204
15.757792,11.485301,4.395745,7.855761,0.709084,2.297511
8.227254,6.381972,2.651932,1.387948,0.082322,0.479024
8.521100,6.187769,2.605322,4.902208,0.748514,1.628654
19.248762,13.721752,4.851857,7.700201,1.610787,1.682382
7.892668,5.576739,2.920379,2.387927,0.143515,0.788195
26.952700,18.447676,6.621669,10.297591,1.379988,3.294830
12.968886,8.769332,6.383956,9.502470,1.062733,3.035423
10.909719,7.970752,3.124366,4.708784,0.483857,1.558949
8.195474,6.118387,2.797218,0.939322,0.412268,1.384913
48.022789,31.684399,37.904369,34.900890,6.902679,17.205944
77.446205,31.873281,43.565231,50.206459,8.350143,21.382725
78.447571,33.124168,43.258270,58.064976,8.617957,20.796438
6.529589,5.174219,4.222869,7.076684,0.849740,1.890124
54.089996,33.207218,59.901840,68.803894,8.872439,14.607093
13.710136,10.126816,3.022372,3.539274,0.671427,1.732702
12.561854,8.830187,2.568701,5.242730,0.788103,0.506319
7.109199,5.268655,3.235526,3.453797,0.355905,-0.322385
6.253255,4.607125,2.032433,2.806824,0.491278,0.531208
11.209133,7.928531,3.271897,4.520637,0.535420,0.198916
5.582311,3.919952,2.045202,1.796314,0.484960,-0.304916
17.777332,13.020494,4.545985,7.072197,1.137429,0.656406
7.400940,5.280641,2.726950,3.539598,0.335601,0.634660
9.662333,7.245892,2.933708,4.038415,1.154827,2.323166
11.355646,8.387249,3.613520,6.854726,0.606101,1.263100
7.481054,5.232966,2.585221,2.359274,0.536463,0.801153
95.101700,39.791702,74.437927,102.113518,15.606757,33.128792
55.846962,26.925159,55.998325,74.755760,8.599443,13.232429
15.682796,11.529289,4.746858,3.017156,0.961852,1.301480
8.241650,6.658578,2.501071,1.246606,0.457547,1.064323
8.177555,6.391971,3.546901,5.368882,1.143259,0.754856
13.724177,9.745742,4.203710,4.473173,0.954316,1.214221
5.263684,4.095167,2.081060,5.989424,1.193142,4.238157
155.152267,48.156746,197.527756,232.276642,31.867504,78.942009
36.352943,18.343174,11.537899,20.755568,3.521588,5.202409
59.112904,24.813557,87.140701,85.458031,13.324058,59.906113
77.305122,36.949055,125.361130,150.315811,18.500683,40.120792
4.317919,3.057434,1.730395,2.790125,0.212268,0.220367
9.127139,6.670405,3.781418,1.495181,0.900469,-0.284345
4.702933,3.353279,1.675968,1.713141,-0.065714,0.393055
4.302485,3.021955,1.958279,2.051632,0.786752,0.463370
4.446836,3.271929,1.935362,3.402759,0.583995,0.214299
58.013248,31.701834,62.050072,99.625107,14.754037,14.559093
63.581520,26.969561,45.930771,63.084164,9.853292,17.797630
16.254044,11.664411,4.099401,5.788686,0.697087,1.388298
8.544759,6.455689,2.534590,2.542774,0.317495,0.298886
7.865682,5.359797,2.471897,3.289628,0.540600,1.044884
8.735977,6.438048,2.519434,4.086612,0.356152,1.110603
5.195064,3.824659,1.530491,3.082677,0.784458,1.824142
101.978531,37.881962,78.262680,86.780319,14.650525,37.664810
5.760366,4.181703,2.296151,2.895202,0.277900,0.712584
17.309135,9.485637,4.495437,5.348556,0.933634,4.570731
11.007201,8.178782,3.156025,5.167546,1.140447,0.923711
16.154890,11.666311,3.723037,3.401657,1.393656,1.304032
9.217419,6.635153,3.044497,1.660213,-0.242684,-0.136980
13.159357,9.456511,3.455873,7.491271,0.799451,0.806266
20.181797,14.084179,4.713639,4.583007,0.595113,0.234782
13.658263,9.777838,3.250572,5.678817,0.277185,2.349080
16.716560,12.228564,5.352354,5.140072,1.173069,3.187890
32.906807,22.666945,18.586470,21.008795,3.784887,6.989951
6.999502,4.932700,2.302563,3.876027,0.102286,0.866840
5.633370,3.696571,1.905283,1.050689,0.568470,0.507653
39.465031,25.935001,14.295913,32.089367,9.444651,22.611412
19.766514,13.976643,5.893224,7.934891,1.050559,2.206346
14.040041,9.983252,4.638068,5.181898,1.111126,8.831324
19.137896,13.500604,9.452172,14.013637,1.666581,5.919546
7.501464,5.157234,3.067635,2.152672,0.184806,-0.020668
11.304929,8.036209,4.486293,8.008983,1.361773,1.067193
7.517921,5.443931,2.661315,3.129975,0.759908,0.853295
20.543365,14.552904,12.963027,20.799023,2.468898,6.214545
16.145596,11.686629,5.056845,4.205037,0.558276,0.871363
10.879261,7.848940,2.917210,2.559075,0.506491,1.511774
21.514338,14.867659,6.723133,10.237828,1.117375,2.531871
23.664467,16.992834,8.185099,9.253103,0.767561,1.666736
4.987134,3.451580,1.875906,1.229234,0.625481,1.407893
5.952581,4.114453,2.663608,2.652551,0.577591,0.797502
4.374981,3.132617,1.491025,2.724422,0.205531,0.340826
21.387459,9.889896,6.491481,7.878551,1.305216,2.322584
10.604127,7.663421,3.334218,3.443187,0.019773,0.188740
10.277617,7.221139,4.244040,6.916018,0.793797,-0.651097
14.948134,11.359996,4.562773,6.041920,0.695596,1.321146
13.466240,9.789783,3.853725,3.916938,0.418488,-0.347894
9.488379,6.834318,2.423776,3.382172,0.894444,0.501381
15.509523,11.094471,3.960022,6.381446,0.685202,1.146269
25.134399,18.151588,14.312203,14.226136,2.641286,33.547009
4.496217,3.228926,1.714430,3.249568,0.712540,0.153965
16.270597,11.984770,4.241204,5.404846,0.277889,1.419920
8.283016,6.147636,1.746782,3.384087,0.635802,-0.128770
4.329319,3.383261,1.753484,2.297549,0.386297,0.944712
28.376629,18.848700,28.316778,36.474384,4.114182,9.228130
43.616249,23.433920,28.363543,40.837700,4.701312,6.291515
7.320941,5.484304,2.106919,6.651116,0.191784,3.625890
25.279346,18.172812,7.810646,6.760014,0.687453,1.035506
22.215023,14.580902,7.666869,9.706212,1.634976,2.033340
9.948069,7.065164,4.963954,4.820077,0.343899,0.503213
4.780343,3.510243,1.811888,2.974730,0.290061,1.372929
22.474047,15.864531,5.979621,8.803967,1.024085,1.153802
8.107514,5.982587,2.070614,5.616058,0.890452,0.053377
11.336534,8.410721,3.342717,6.435324,0.551369,0.200170
16.897404,12.154117,5.545848,4.260998,1.144693,1.903748
12.038922,8.705855,3.085807,5.973247,0.898653,0.003849
6.410764,4.251348,2.461821,1.446842,0.027077,0.653194
7.438235,5.380337,3.195834,4.654985,0.889480,0.313002
14.864345,10.618854,4.071879,4.268497,0.766189,3.569000
9.230925,6.810957,3.307631,3.940003,0.494144,1.215412
14.867787,10.402598,4.837671,5.889752,0.894682,3.614726
4.859891,3.650067,1.547117,4.090778,-0.064234,0.393422
15.680853,11.335588,4.863249,5.839674,0.590512,2.229793
14.400931,10.276208,7.151748,11.283964,0.968085,1.327081
10.826860,7.786850,4.110620,3.205750,0.841223,0.687779
11.867140,8.858701,5.075102,4.919865,1.144305,1.814259
13.196717,9.179570,3.815049,5.137711,0.335523,0.149180
16.063391,7.816627,3.833687,3.437134,0.637432,0.859355
35.777195,24.732075,9.074444,12.768219,1.895246,0.600984
16.501135,11.499380,4.259093,6.368369,1.556278,-0.287142
10.419060,7.567973,2.872123,2.642382,0.426405,0.853461
14.391149,10.262321,3.680366,6.722426,0.244709,0.161797
18.728935,13.477668,3.799914,6.742614,0.932712,1.109058
7.754164,5.254589,2.283168,1.406623,0.688624,3.465598
11.691167,8.683442,4.228502,6.109149,0.842643,2.859206
7.535292,5.660927,2.701172,3.550996,0.602996,0.964682
16.119987,11.259543,4.617685,4.149840,0.880943,1.885778
8.303146,6.148378,2.888121,2.401942,0.788235,-0.333965
13.687037,9.875197,4.203178,5.966829,1.098990,6.725674
12.704206,9.266593,4.507835,4.484780,0.641983,1.962773
11.205304,8.371234,3.133750,4.789141,0.883940,0.716798
12.126209,8.792027,3.650285,4.454144,0.730854,0.312125
10.136959,7.074064,3.248785,4.251416,0.349544,1.078426
37.578186,25.408749,14.619387,16.411690,2.059666,4.582932
21.501995,14.812412,13.434514,20.368969,4.517532,8.272469
49.649723,26.422018,242.447952,318.392822,43.990856,74.578583
71.389084,29.039923,109.536346,121.899757,15.903135,28.185427
67.316093,28.977707,108.062340,126.570763,16.051174,26.460514
42.564884,23.943911,32.667171,45.762554,5.832154,8.684500
34.521942,16.060957,48.572277,90.995972,11.051118,12.237304
72.728363,44.606819,54.100800,69.644272,10.328692,28.530949
13.463587,9.762220,4.321820,5.589724,0.563569,0.307613
11.380812,8.688797,3.636432,4.066274,0.924149,1.129682
40.491966,23.151600,46.655479,59.890633,7.627447,21.175163
5.122842,3.818641,1.836442,2.490553,0.595011,1.494914
10.931997,8.154242,3.496753,4.384235,0.518097,1.185637
13.061549,9.076956,3.914114,6.243182,0.890060,1.298487
11.194326,8.054036,3.878776,2.550785,0.648310,0.811274
28.773640,20.503151,13.386529,20.954578,2.854142,4.767226
11.202722,7.895376,3.719521,4.453865,0.547286,0.419473
22.905767,15.175199,7.128033,13.684001,1.175640,2.116579
4.548553,3.442673,1.170062,1.249811,0.601134,1.642895
6.762052,4.814838,2.120724,2.841459,0.491268,0.548593
9.100579,6.738404,2.996164,4.665174,0.745396,1.297141
16.272640,11.809093,6.411741,7.770404,0.275128,0.435929
9.111970,6.894619,12.133891,14.874087,2.053166,1.499557
9.085938,6.321409,2.676305,3.348212,0.338907,2.386933
8.342480,6.374043,2.719981,1.736744,0.335950,2.576190
12.836568,9.193576,6.957481,7.892735,2.336058,11.132749
6.905560,4.825293,3.276311,7.610296,0.639123,0.765226
6.495913,4.756597,1.665403,2.420712,0.708830,0.756143
10.574361,7.658898,3.468256,4.163304,0.643458,1.531132
9.380400,6.814051,3.063813,4.198715,0.096371,0.940259
17.438942,12.468920,4.750540,5.109354,0.391023,1.356877
22.277447,15.591831,11.656139,14.201925,1.678996,4.131188
25.792435,10.839460,27.563120,36.445293,4.963518,3.540022
38.449402,26.912868,21.192114,23.906889,4.563191,11.559372
50.053654,19.259756,19.670177,21.110033,3.101367,7.176160
48.178608,19.251410,19.427588,23.830935,2.855985,6.416205
10.859545,7.340086,2.719618,3.419560,0.234621,0.938162
13.864836,9.598113,3.262243,7.970307,0.554612,0.421248
7.493000,5.250001,2.776070,2.185578,0.120041,0.854543
13.317385,9.396544,5.550369,11.795334,2.676969,6.770346
18.727068,13.697406,4.998932,7.845071,1.009850,2.705564
4.997510,3.417655,1.684226,2.649715,0.420616,0.204406
13.068942,9.486891,4.450948,3.988059,0.464303,1.848317
14.673541,10.744392,9.040934,9.143406,1.748074,2.420411
20.757046,14.851116,6.298667,5.596027,0.742098,1.417162
4.762777,3.336116,2.011595,3.060900,0.585173,0.696948
14.500580,10.409245,4.768404,6.121958,0.717387,2.144566
18.543629,13.499570,3.598713,6.695774,0.780085,1.161958
4.486002,2.985616,1.395324,1.737517,0.371519,1.060580
4.768303,3.245492,1.384082,1.647125,0.143991,-0.482518
34.545540,22.209261,25.301125,31.444996,4.663404,4.247976
27.914915,18.342133,13.898464,18.765392,2.932700,9.765478
5.384759,3.654003,2.129798,2.773163,0.411847,0.042249
7.970953,5.652992,2.555463,3.190057,0.451362,2.087098
25.194685,17.501575,8.175046,9.111406,1.065591,1.861642
14.146342,9.810291,5.431290,4.895754,1.001655,1.262215
4.490102,3.151618,1.340126,1.013264,0.290617,0.608563
14.056560,9.800190,4.264152,4.350067,0.702085,3.076330
9.502315,6.981560,2.611668,4.945491,0.749992,0.848122
53.283916,29.921789,59.522900,74.742477,10.851918,17.459618
108.004211,45.289062,144.961761,223.568436,49.647095,180.525620
23.470907,16.112711,7.544755,14.337518,3.234625,4.787515
46.627422,29.385185,81.282852,104.204552,15.326005,19.269028
152.034607,41.165321,112.282593,149.758209,21.340265,117.105080
10.034750,7.221552,2.626961,5.615552,0.517034,1.454185
6.801069,4.608353,2.288207,1.970544,0.481189,1.113615
10.721189,7.500198,3.323901,3.986568,0.667962,0.718254
6.943472,5.237645,1.977575,2.942245,0.263653,2.272262
5.567461,3.705220,2.157832,3.019928,0.493368,1.761056
23.437641,16.511370,12.870358,17.111864,2.601169,2.028944
9.193466,6.942118,2.699136,2.750075,0.741268,0.750568
10.122160,7.520555,4.309364,5.682410,0.786591,1.767448
16.227943,11.138692,4.475333,6.878754,0.651142,1.691355
20.567238,10.017643,12.333673,13.781467,2.147387,3.335207
20.421326,10.045777,12.994030,15.697677,1.606323,3.774395
68.200371,27.045727,116.908340,153.978439,19.466925,27.952871
15.988026,11.481234,3.872819,4.745047,0.467811,1.347479
8.039857,5.949406,2.480731,3.378589,0.054678,0.127431
8.887531,6.571269,2.517966,6.030150,0.577349,2.272357
16.315880,11.856294,5.151649,4.954265,0.511285,2.253660
28.686831,19.356209,17.167980,21.853239,2.807808,2.614866
67.722092,36.723564,73.687477,79.699875,11.208583,22.776119
18.165276,12.834713,17.922642,17.960688,2.758945,4.084150
20.618612,14.284358,10.560968,15.993681,2.596612,3.321623
16.880497,11.764277,4.472439,6.741515,0.865727,1.985039
22.893724,15.618270,6.731980,6.263502,1.089885,0.928990
8.403728,6.231883,2.496335,4.421444,0.355808,0.459102
9.089846,7.056950,2.866628,4.027560,1.031954,3.004962
15.354573,10.731400,4.762093,6.923920,1.122567,1.218383
5.163138,3.906508,2.071674,1.640466,0.145658,0.206160
30.340540,19.511688,38.020908,49.582458,6.618363,18.903971
5.689695,4.173172,3.754362,7.369400,1.129665,1.459806
5.753471,4.421467,1.919350,2.672981,0.628074,-0.009522
50.566696,20.870434,28.102375,32.085007,5.993142,10.734736
50.474495,20.882553,29.472290,34.890141,6.088530,10.186569
54.375450,29.928257,42.372936,54.896393,6.180828,10.019140
34.783920,16.913450,9.390539,17.680931,2.252561,3.452070
46.147114,16.977747,16.974369,20.040850,3.276559,6.444238
30.966877,16.379463,21.077019,28.167784,3.790092,5.976969
52.212265,30.408760,38.205227,49.311333,6.248574,6.732387
16.155222,11.349546,4.755915,7.557317,1.133399,0.836096
6.248625,4.496922,4.096013,6.182851,0.856369,0.782416
5.842669,4.580774,2.868253,3.196713,0.417086,2.937168
5.003983,4.069087,2.003649,1.535951,0.154761,2.275466
22.752146,15.133468,13.659690,13.124336,2.159184,2.683785
13.650300,10.297601,4.320968,2.497112,0.454827,1.248611
5.659044,4.132160,1.771327,1.217474,0.386347,2.529229
24.854660,17.266283,9.574159,9.214759,1.541803,1.914873
7.759132,5.947360,2.868370,3.212197,0.545470,-0.184591
36.103828,23.704727,13.983126,14.376078,2.030270,2.103166
14.796785,10.482206,11.043544,10.000010,1.676441,4.375586
9.051623,6.589084,2.896492,7.277750,0.745350,0.070036
8.396479,5.999674,2.744117,2.007212,0.082024,0.834285
12.384055,9.297363,2.835834,5.254394,0.384991,2.011853
6.418929,4.628179,2.506872,2.353215,0.270215,0.467550
4.842933,3.726347,2.236280,1.425833,0.587076,0.920872
7.237674,5.353212,2.157440,1.724149,0.897094,-0.109111
15.621297,10.988366,14.941404,18.149097,2.101376,5.544631
8.336214,6.223895,3.029966,2.997280,0.725257,2.785455
11.082873,7.828115,10.879795,12.751495,2.067042,5.021058
46.912457,25.447721,76.833748,86.366203,12.256400,17.185869
10.437758,8.015871,3.383562,5.348644,0.259658,1.567346
33.923588,24.135956,9.205390,13.213410,2.635670,22.124258
42.396767,20.057814,58.076283,68.074905,9.862197,28.267447
37.860538,21.677950,27.045855,44.082111,5.546204,9.270020
7.538311,4.963573,3.173650,4.993672,0.338222,-0.186956
17.231060,11.936714,4.916113,10.126087,1.142850,1.410894
7.929469,5.692234,2.815387,1.231271,0.393038,1.747926
6.621961,4.743457,2.099617,1.933752,0.271911,0.715006
11.339107,8.473006,3.681487,5.754267,0.608493,0.201643
16.941969,12.015858,4.368434,4.211753,1.117398,3.077886
10.540982,7.419903,4.034590,4.310470,0.120792,0.374376
7.607516,5.337715,2.611354,5.696691,0.761474,0.162522
43.462040,30.597504,14.180729,17.281050,2.340237,3.462548
11.353299,8.109674,3.375918,3.751835,0.083669,0.793130
52.053967,20.953911,76.652374,83.592209,11.380023,18.120661
51.364437,20.937216,81.591782,94.435989,12.008011,17.097090
36.428249,15.123025,28.151810,36.640820,4.864703,13.774628
33.475399,15.060537,31.494926,45.641720,5.207817,13.590610
97.966476,32.808937,139.617966,175.841980,22.388653,35.594971
4.205816,2.963045,1.481470,2.110492,-0.097187,1.402554
7.088161,5.572143,2.287914,1.419198,0.419827,0.412782
11.991291,9.012773,3.627551,4.806201,0.996599,-0.071259
14.457803,10.387403,4.710933,5.788675,0.709174,0.222705
9.490514,6.992293,3.064193,2.463445,0.192274,-0.600153
14.880251,10.157992,5.882242,10.458065,1.569530,0.373752
11.445828,8.099027,3.778730,3.943338,0.418508,1.236192
18.779442,14.009768,4.945395,6.300132,0.301387,4.237820
27.226175,18.433277,15.917960,13.920023,2.333260,5.478023
4.766030,3.512208,2.173189,1.417539,-0.005459,0.883327
93.053360,34.827847,102.524757,134.699448,23.000769,56.964924
90.336456,34.260147,79.054764,123.981041,16.056717,27.274498
24.888422,14.098079,20.200722,39.994205,6.067025,17.885195
32.462143,19.890234,85.242241,90.522949,13.332000,40.427544
15.616085,11.028477,6.585802,7.656658,0.671337,14.030611
19.573109,12.586826,28.745584,35.098236,5.024840,6.246674
26.886742,16.270247,9.329772,12.798268,2.023875,9.990247
17.258966,12.714635,4.466042,5.743259,0.951472,0.840274
23.958330,15.902966,14.785743,21.451275,3.385109,5.471581
5.181650,3.776539,1.928452,2.465432,0.097849,1.519831
13.431104,9.852026,6.910954,5.921257,1.042004,1.062177
6.924302,5.281302,2.429365,2.141161,0.162209,1.564988
13.513724,9.672577,4.232816,3.883629,0.804704,0.039748
7.045476,4.949925,1.913873,2.715969,0.613288,0.605703
44.873470,18.038670,16.272064,25.933752,4.545311,15.037954
41.067558,19.740061,18.486273,33.989113,4.618515,8.771359
7.795799,5.546511,2.857666,3.584495,0.741066,0.531547
16.160545,11.745808,7.630181,6.361277,1.413249,2.226645
8.570021,6.068365,2.665035,5.183349,0.035693,0.010997
20.239784,9.434514,6.661392,9.833654,1.515248,4.866008
6.866212,5.060378,2.006258,4.308781,0.189015,0.250903
7.659327,5.482444,3.202477,2.901655,0.617322,1.490664
5.239479,3.876358,2.298443,2.881907,0.388089,1.181355
7.628186,5.721322,3.113898,4.460712,0.895851,2.108600
40.379414,17.177446,39.957355,46.990051,6.900383,13.836565
43.203915,15.753167,39.253067,49.398640,7.302028,11.784284
61.234753,37.252251,48.259239,61.313076,8.010887,12.281569
50.332470,21.844013,15.458311,23.939167,2.901879,4.049825
51.323235,21.768435,16.292732,25.115679,3.355966,4.365766
109.716278,53.606182,84.167427,126.507324,15.313812,20.336105
49.852451,28.860031,144.839233,189.280014,30.486448,76.208458
11.984067,8.501483,2.835537,5.653604,0.803486,1.956365
35.562401,22.344582,22.175581,28.776484,4.004610,11.467252
29.807415,14.763612,14.454768,22.502737,3.273103,13.091203
46.598034,26.601400,46.375156,66.466400,9.988655,27.828802
11.447615,8.160894,3.721532,5.007535,0.977975,1.677817
7.299514,5.475208,2.498554,4.177019,0.343450,0.615529
16.551975,11.824188,4.640835,7.892695,0.567526,4.822564
55.469387,30.628897,15.157266,16.452789,2.685585,15.794050
40.886616,22.805248,44.188694,60.974735,8.012254,11.203786
15.265638,11.224336,4.298512,6.309475,0.652500,2.077633
23.310890,12.266946,11.665487,8.889681,1.640340,3.725406
28.306971,17.683867,22.165560,25.308765,3.905526,6.116073
33.362385,22.781059,21.051987,21.615265,3.059621,4.958519
6.604821,5.245978,3.070459,5.575012,0.878600,2.842221
11.445214,8.412140,3.456740,2.296905,0.588850,1.166298
7.740804,5.378256,2.535053,3.937985,0.255606,0.187581
13.802335,10.271828,3.983907,7.674862,1.066698,0.341449
10.901145,8.087494,3.289650,3.806011,0.155217,1.372353
11.811753,8.639488,3.813449,4.343671,0.413672,2.829638
25.239355,9.830069,9.069758,10.931763,2.104116,7.173594
41.545906,18.740839,40.909851,50.004604,6.877218,14.586238
8.454121,6.272387,2.828265,4.392255,0.264927,4.649549
5.470894,4.165262,1.973284,3.581120,0.018334,0.920472
8.791861,6.372115,2.869469,3.307798,0.669139,1.473360
21.660219,15.147155,5.421484,9.095319,1.141211,1.603545
4.588926,3.655980,2.634187,4.278245,0.600379,1.276625
8.728828,6.479954,1.963560,5.524167,0.067232,2.751046
25.968231,18.314650,7.032260,8.738894,1.659693,9.683937
9.422443,7.091444,3.009385,5.385329,0.371246,2.664070
13.891586,9.939034,3.958851,4.037411,0.391849,2.915133
71.771782,25.094444,58.423370,82.359116,10.632878,20.267845
60.797657,20.993536,42.420429,47.637726,6.755076,12.318626
58.667652,21.045734,42.610756,51.433285,7.180048,11.862063
61.933380,29.289494,29.293161,34.810688,4.784958,21.557577
31.902884,13.838386,17.049900,21.484915,3.558691,7.192542
16.039051,9.702811,15.175425,21.156376,2.696981,3.032792
9.407303,4.185615,5.826931,10.978338,1.512336,0.779552
42.179535,19.674660,12.343332,16.100210,2.501972,11.205717
35.717686,20.182236,20.149736,29.171003,3.836057,9.248101
4.047576,2.960970,1.529771,2.678511,0.040685,0.232237
7.222687,5.723405,2.444135,2.350734,-0.253431,0.405973
5.367684,3.961564,1.529364,2.405226,-0.042118,2.508076
8.022839,5.834818,2.827670,2.933985,0.380801,1.078738
8.951436,6.568028,3.639710,5.531393,0.839130,0.752672
12.085091,8.615608,4.101261,3.362800,-0.006423,0.251540
10.145275,7.415703,4.001744,4.844346,0.778213,8.948928
18.382114,13.097857,8.418471,11.226068,1.711028,2.772255
16.964546,12.008409,4.895246,4.447341,0.523005,14.021362
4.893452,4.040295,1.869716,2.932822,0.291081,0.488650
6.121128,4.418499,2.420527,4.884669,0.423639,-0.372712
17.247639,12.521545,4.968573,6.652358,1.013023,1.206329
17.040764,11.966170,5.690461,9.454012,1.554402,1.164351
8.598197,6.586641,2.564950,3.965087,0.565937,0.669599
7.240490,4.943628,2.042016,3.606210,0.539655,0.009728
21.816002,15.234781,7.562410,7.027882,1.653960,3.346131
18.735327,13.272715,5.685264,11.484436,1.142330,2.671532
13.647874,9.761910,4.352184,6.811020,0.243574,0.701433
20.334297,14.905214,11.141428,31.111336,12.327987,32.402966
6.376763,4.905526,2.399357,3.484052,-0.006758,1.866075
23.222313,15.247447,8.295546,9.875019,1.725625,4.080515
5.119702,3.873765,1.584929,2.309588,0.393663,1.167088
13.140976,9.259759,4.563088,2.672785,1.238366,2.729008
13.449548,9.813704,3.501927,5.249917,0.165545,0.034349
16.879776,12.029359,7.601710,8.880061,1.142043,3.106790
6.741168,4.936509,2.032542,2.409198,0.167543,1.022547
39.264500,19.861288,44.891209,54.998692,8.403082,53.187038
37.397846,19.752424,44.710194,57.878033,9.122110,49.585320
40.002205,23.171864,26.887035,33.564617,4.949294,13.760180
4.004385,3.321239,1.807194,3.054476,-0.025473,1.063213
24.293627,16.057270,25.331182,34.130062,4.238321,10.007609
114.914948,47.213406,114.489944,113.552231,18.930788,69.138336
14.456318,10.161742,7.080259,9.096759,1.891098,9.598677
32.612755,19.216457,40.509773,53.807892,6.737831,27.962057
9.926935,7.129325,2.721648,4.913006,0.237442,0.182514
13.392776,10.184400,3.450577,5.079754,0.642698,12.647587
6.197203,4.667552,2.360148,1.748549,0.347586,0.837656
12.433266,9.053968,2.853346,6.051804,0.353065,0.762321
12.797010,9.158063,4.274288,4.039970,0.874220,0.993372
8.546342,6.195182,2.922560,2.832291,0.925114,-0.158402
58.940407,35.197910,18.634598,26.919086,3.557101,8.032745
18.111755,13.401393,6.972955,8.099574,0.763325,2.880383
4.612503,3.573064,1.657329,-0.211714,0.478047,-0.511539
67.689667,40.342194,53.730553,72.747047,8.683235,13.565001
7.361278,5.411733,2.253572,3.569885,0.042960,0.730153
8.358547,5.933934,2.715268,3.378024,0.519064,1.666186
14.159780,10.286516,4.100387,5.983596,1.386936,7.475977
21.540913,15.698608,7.115989,8.760180,1.624099,4.790970
11.316657,6.678416,3.680488,4.035813,1.051492,4.722858
14.798952,9.871118,5.181376,9.716321,1.465570,4.196712
85.142822,35.319717,60.015320,80.688812,10.497116,31.093451
9.626448,7.224957,6.864290,9.369658,1.545054,2.132432
6.870265,4.690687,3.036252,4.173574,0.427270,0.390301
14.443404,9.974097,3.659284,8.091448,0.239386,0.620961
16.652782,11.692883,7.291192,11.029695,2.100399,28.171745
31.362022,22.247412,7.026839,5.724561,1.067347,6.119263
7.600022,5.459649,2.976439,3.181977,0.487021,0.928279
5.889547,4.151080,1.492473,2.357907,1.065897,2.621399
10.765697,8.163939,2.892860,3.212606,0.472696,0.528132
9.154003,6.942840,3.165687,1.928111,0.309899,0.573291
33.331970,23.143700,10.968451,6.158403,1.683265,1.628067
11.873401,8.301483,5.921047,6.969960,1.234553,0.261295
12.825411,9.545663,4.022429,4.553988,0.973462,0.936948
10.719012,7.387331,2.446264,5.424573,0.228577,-0.171304
108.092033,38.623920,113.597435,145.096512,19.230631,32.099796
105.555656,30.476751,127.888008,167.891647,22.477877,32.363224
77.346977,29.589916,64.773598,95.048286,11.991004,15.814420
42.511192,26.428020,71.082420,68.793861,8.641544,16.916065
34.280247,21.773378,39.259056,45.770130,8.673056,19.737793
56.546471,28.607271,97.642365,105.811394,17.446537,42.201267
9.457830,6.516651,3.531262,3.438537,0.726939,1.175550
10.922770,7.419022,2.889285,3.111331,1.078698,1.770823
10.794079,7.470653,3.547270,5.047786,0.438751,1.011093
18.162939,12.877420,6.347891,5.280711,1.471248,7.365286
12.645833,9.350744,3.542161,6.529806,0.456487,0.442643
26.201578,17.714712,14.754423,21.576317,3.267791,22.073786
43.841377,23.567425,26.362545,29.987791,6.946404,67.866943
61.523121,33.653816,50.923222,89.432327,21.185118,140.851791
24.679893,17.486132,7.540102,8.693028,0.644671,2.478507
48.746933,25.599834,31.488199,47.630821,7.022878,14.282450
47.345772,29.163864,29.314043,47.762779,10.622380,44.244415
11.333606,7.990365,2.686951,4.842199,1.406353,-0.053008
40.701149,23.055763,48.472633,64.013084,7.847014,11.269939
41.446728,23.884718,36.715378,53.351929,9.842140,30.014317
13.746857,9.773843,3.416962,5.669269,0.603972,0.964372
10.510048,7.347577,2.914766,7.230612,0.323027,2.259933
7.222289,4.996452,2.178357,4.141016,-0.036938,2.143404
41.557892,22.171003,20.743639,27.586573,4.639087,7.140393
42.324085,16.093363,24.163328,33.827297,4.502401,4.119249
32.433113,15.236454,20.459192,29.926651,3.849665,2.678956
10.030611,7.133981,2.079159,6.677495,0.380894,0.609891
42.276337,20.583670,28.484081,40.119621,5.646633,16.212585
6.725873,5.350985,2.365286,1.122446,0.118302,0.925804
6.439596,4.764710,1.908005,1.708809,0.583598,0.858335
4.265267,3.479927,1.801545,1.992254,0.325346,0.672974
11.997365,8.518411,3.920264,3.549428,0.665630,1.883009
13.555007,10.063856,3.949471,3.986125,0.147247,1.961197
6.267200,4.602767,2.168663,5.819295,0.270211,1.022737
3.688822,3.015990,1.633254,2.885242,0.583162,0.162701
18.228294,12.675571,4.950040,4.672500,0.122963,1.514771
12.561551,8.988509,4.310412,3.020639,0.870826,0.407351
132.783768,49.585949,173.468918,188.206024,27.372980,44.419968
128.928680,39.925735,169.253647,221.433411,28.227196,38.025005
94.245079,39.225590,127.352577,179.504578,22.594706,27.293638
81.376045,27.364365,136.845413,175.588043,24.175777,33.295040
56.391953,24.266790,60.659088,98.088715,11.400621,16.392439
8.771787,6.469912,2.952155,3.042561,0.490970,0.973595
4.835354,3.598491,1.966999,1.835418,0.212103,1.899867
5.871029,4.716762,2.085593,2.126534,0.144825,0.277365
18.642351,13.533734,5.351724,6.128466,1.260390,2.162734
4.211019,3.467293,1.827640,0.747120,0.059518,-0.287953
7.334720,5.192330,2.453863,3.323211,0.158985,0.052061
26.159958,17.805063,6.520187,11.503861,1.026969,1.765660
9.965772,7.119361,2.827239,3.056839,0.760913,1.541712
3.957649,3.075551,1.691135,3.650697,0.387855,-0.045567
20.275476,13.112344,17.576363,27.114243,4.138270,14.061902
139.031860,41.228058,106.661339,131.515823,17.880882,51.463741
34.448284,21.977024,38.031055,46.697220,7.318775,11.464367
18.621635,13.210616,6.314883,5.281479,0.893437,5.419314
10.900768,7.856700,2.934713,2.618814,0.343580,2.571994
9.384512,6.687278,2.898303,3.088250,0.912741,6.423650
11.547140,8.697482,3.256359,6.089703,0.823042,1.191237
57.482925,26.467999,50.867260,63.091183,8.177217,12.930188
10.825559,7.649283,3.642692,3.608539,0.152008,0.533493
17.809399,12.584672,4.572475,7.669790,1.231171,0.322262
110.244217,36.942245,160.291443,226.217896,29.991722,46.178772
37.475685,23.763016,34.072487,38.980961,5.519605,8.005707
23.473276,15.462631,9.668249,17.019623,1.431570,1.642445
35.932270,21.604319,22.246899,27.471312,4.513232,4.180067
7.246656,5.277883,2.527204,2.128426,0.096619,0.171271
7.028352,5.392085,2.912893,4.767746,0.932470,0.903207
21.212936,13.748110,20.363432,23.082418,4.240661,6.958411
11.317257,8.175664,5.917803,8.872820,1.394012,1.467161
28.717033,20.201183,10.886002,10.560908,2.528816,9.733651
5.117289,3.922860,2.120221,1.467552,0.057565,-0.207545
4.215421,3.293738,1.606986,2.317826,0.385861,0.353586
3.913275,3.082763,1.960407,0.154428,0.516016,0.092399
14.978765,10.412554,25.849802,27.448938,4.625728,13.953668
10.073072,7.056813,2.930691,2.929335,0.951114,4.130201
8.063612,5.775700,2.981991,2.577561,0.489683,0.491672
11.435727,8.007290,3.322724,2.086244,0.246193,0.017057
8.036251,5.534948,3.358525,5.370524,0.804119,0.525416
13.412093,9.754861,3.903333,4.009586,1.028521,2.971664
14.747066,10.680775,7.470277,8.493531,1.898927,2.258687
19.800817,13.598639,29.045185,25.652037,3.581406,7.421455
23.345829,16.670473,6.458338,10.766629,1.221068,1.621940
3.916950,3.026623,1.588990,1.759491,0.180294,0.105372
12.521908,8.734681,2.954741,4.301002,0.663343,0.799432
15.437983,11.417878,4.617968,7.494244,0.982137,2.075634
8.721118,6.145982,3.360765,2.407928,0.982139,0.975194
31.264700,20.818062,21.390303,29.100349,3.929486,6.786004
7.878969,5.532092,5.560491,8.536205,1.529178,1.604630
23.384024,16.077883,6.875006,10.157585,1.247339,8.822487
8.803722,6.649973,2.897233,3.442459,0.582827,1.164727
11.128373,8.073967,3.559039,3.944782,0.924480,1.449776
8.753457,6.256562,3.089869,1.932633,0.414611,0.251959
32.741043,20.361774,7.422143,9.323255,1.650181,1.704929
5.755546,4.420423,2.150749,2.662756,0.086217,0.806638
32.624401,17.318331,64.647469,81.386475,9.285251,23.033268
8.965170,6.354454,2.818152,1.511175,0.514025,0.692687
10.905835,7.922009,2.896048,2.438689,1.028459,1.462347
3.878330,3.054484,1.859580,3.376788,0.555148,1.751597
5.489993,3.937836,2.016289,2.992338,0.759750,0.793900
5.835171,4.513903,2.164510,3.130579,0.413347,1.723693
5.637819,3.974699,1.806723,1.925355,0.354695,1.262819
59.320213,31.545357,61.744747,85.414856,11.584882,25.252459
88.686653,31.038462,75.506821,76.299561,12.642967,32.067680
75.910912,28.535606,63.072750,72.230209,10.399078,23.014870
5.911545,4.339793,2.142661,1.614842,0.317642,1.320064
11.941956,8.781169,4.191070,6.038653,0.866089,1.358580
6.771212,5.122916,2.719164,1.023071,0.330939,1.592187
30.776728,20.623629,19.342714,25.316463,3.641798,7.812638
6.933640,4.738241,2.436943,4.114517,0.830020,1.218742
13.331524,9.934136,3.619524,5.010015,0.924020,1.683078
4.710428,3.509868,1.328622,2.187175,0.470852,0.103281
26.697964,11.394247,25.910460,38.211037,7.804933,27.201805
49.188416,27.946152,48.452457,78.832100,10.541162,13.431920
10.501539,7.776117,3.771257,4.683501,0.801479,2.370735
28.045776,19.451229,17.633080,28.027020,3.519587,3.304585
31.242275,21.293137,13.682493,18.959442,2.650453,18.334467
53.322136,32.039974,36.755966,32.816063,5.572035,9.625446
108.494255,40.201500,97.914810,123.989861,18.068382,36.989689
95.916542,40.158852,83.678749,131.953308,16.218426,29.326942
11.665452,8.398974,3.469095,6.954228,1.096675,1.054978
11.437812,8.472997,3.195916,7.042338,1.269409,7.539339
61.437286,38.369221,46.453907,68.989502,10.874512,19.012131
60.605423,21.057434,29.347080,40.881744,5.712704,11.219316
56.069576,20.969204,28.101889,43.646217,5.848198,8.622477
52.581387,25.140457,28.876394,35.959740,4.664492,16.043001
16.494156,11.280437,22.322647,36.382198,4.420665,5.630724
40.077301,18.688505,24.030779,28.737703,4.858687,12.331285
39.329163,18.983711,33.289486,42.224365,5.627753,8.485901
20.051714,14.474154,5.825224,7.695596,0.864291,4.005479
21.638050,10.187113,5.527917,5.818604,1.833410,3.104877
48.798454,28.245363,26.297565,36.453411,6.295339,8.621391
6.648479,5.113626,2.586147,4.241754,0.311891,0.823884
43.688583,22.388752,61.873138,91.799500,11.302022,11.343386
86.568932,40.273232,115.200127,134.120468,21.290041,71.506004
78.790764,44.633476,42.091476,51.310932,8.386110,31.815567
37.333771,16.740450,41.004513,50.185284,7.507374,23.472673
38.269333,21.656847,49.009594,71.520462,8.488019,20.270208
36.833618,23.160271,23.158516,35.737583,5.287253,6.955365
79.560356,31.324570,28.462328,41.146221,6.214313,9.431256
76.545105,26.241732,26.226254,38.694000,5.388118,6.907063
54.217808,16.400948,26.914116,35.004757,5.317256,16.468126
47.165215,24.194336,32.470261,43.836166,5.186886,12.180142
7.182454,4.880911,3.075914,2.108971,0.811689,0.204816
9.133054,6.816815,3.131165,3.737047,0.777762,1.773524
9.681775,6.994898,3.734974,3.689164,0.923557,1.728977
3.901119,3.069315,1.692226,2.300926,0.536379,2.036404
5.683719,4.248957,3.068389,2.446409,-0.009200,1.492810
31.463198,21.945005,12.193797,11.505486,2.096342,5.976702
29.160778,20.428310,16.442533,16.141590,3.246443,4.609638
11.032194,8.175791,1.964691,5.417212,0.752344,1.074100
7.628500,5.717479,2.410036,2.981952,0.704119,3.419364
22.934757,16.004629,7.441696,11.749089,1.867243,1.360347
39.398830,26.755220,12.813619,16.805309,3.525213,17.545300
15.822600,11.396967,14.049154,17.000040,2.592201,4.369125
6.102312,4.641801,2.386143,1.643564,0.585549,0.088659
10.619351,7.855417,3.943418,2.932259,0.586939,0.920480
15.395899,11.345450,6.043633,7.926272,1.989877,12.369687
11.461764,8.140543,3.661533,5.628755,0.749669,1.548839
8.834509,6.251161,4.107685,6.274267,0.596696,0.802031
9.087450,6.625072,2.681568,2.777465,0.618374,-0.176139
5.342572,4.047976,1.544554,2.806139,0.450341,0.689436
19.339586,13.361806,12.564666,15.405538,2.549492,2.117932
8.820724,6.628944,2.349617,3.639618,0.692022,7.024472
19.245832,13.304094,21.123436,25.319927,3.929900,26.934017
4.693360,3.285663,2.166176,1.545280,0.688696,1.026572
6.972606,5.143185,2.811487,2.958074,0.173994,0.289108
15.598407,6.722223,4.920365,4.755410,0.860735,1.054965
14.845891,6.738864,5.137403,5.133520,0.971854,1.405457
10.024919,6.946178,3.725203,5.642432,0.752750,1.253426
9.987127,7.572081,3.103184,5.064348,0.561907,1.663807
6.748528,5.039945,2.480734,0.927458,0.393156,0.224446
11.199808,8.451919,3.308702,5.450647,0.833651,0.810824
9.603902,6.907459,2.555160,2.994370,0.595773,1.645354
4.430030,3.307351,1.700482,1.962232,0.464055,-0.036611
17.891291,12.950356,4.895841,4.255694,0.887969,5.479572
30.251408,21.701517,14.620652,25.100098,3.235825,3.779095
4.473474,3.250993,2.313737,3.048648,-0.134023,0.882800
4.148331,3.187512,1.706249,0.899241,0.297456,0.242641
17.370239,12.167677,6.451694,9.849700,1.125021,3.103570
7.472084,5.412974,2.638459,3.219308,0.701096,0.219814
6.858685,5.130760,2.590144,3.921663,0.359495,1.732171
13.235200,9.103100,4.009581,6.146767,0.560692,1.358209
7.254192,5.251455,2.875470,2.627585,1.199394,0.528934
10.655859,7.713386,3.941470,3.582300,0.113369,1.326918
5.955947,4.449330,2.522560,2.558901,0.505302,0.101599
21.835419,14.745771,21.303493,28.928967,3.293324,5.315635
9.319860,6.832243,2.919226,1.106234,0.687205,1.193514
20.205309,14.937881,6.470543,9.332808,1.610453,1.802365
7.960637,5.929495,2.529751,5.150005,0.001833,0.955631
16.157326,11.124117,4.316674,6.737628,0.621472,2.796917
5.505239,3.782233,2.259524,1.441898,0.247515,0.454958
8.059278,5.575846,2.483011,3.667409,0.206509,1.423860
15.696827,11.158629,4.636433,4.374677,0.926679,-0.090289
14.271284,10.344722,3.504608,5.813048,0.666274,2.331725
22.210102,14.728110,24.357227,40.355946,4.730625,7.518032
16.137009,11.513999,4.953253,7.575912,0.260848,1.243726
10.978820,7.700434,4.576479,6.285535,0.782748,1.808404
15.804213,11.131743,4.621466,8.510181,0.933275,2.219594
11.628048,8.135625,3.354601,3.823677,0.282880,1.366856
7.476483,5.483766,2.257820,2.761875,0.486515,2.342047
9.070753,6.595239,3.948182,4.097928,0.879808,1.212138
24.786327,17.472595,11.460032,16.917391,2.166508,1.639794
7.466254,5.786680,1.972334,2.696807,-0.136160,1.081482
9.040697,3.453382,2.405250,1.624603,0.139467,1.545598
16.447908,11.171041,5.150196,8.249613,0.676251,2.404496
27.112467,18.553257,14.331436,26.648830,7.329491,24.691965
5.661641,4.127832,2.450253,1.693440,-0.034807,1.974496
17.971579,12.568653,4.592075,6.227671,1.230577,1.593888
8.839749,6.116143,3.187676,3.693034,0.288550,5.155168
4.532573,3.533278,2.306030,1.483880,0.696703,0.875604
17.571850,12.852986,4.344446,4.764063,1.181304,1.511688
9.543293,6.909905,2.219641,3.595491,0.266823,1.113820
7.826395,5.711072,2.840045,2.933243,-0.018267,0.512234
10.276463,7.117269,3.374404,3.302530,0.221623,-0.458966
18.069899,12.784536,6.585536,7.383358,1.079039,2.737489
18.903759,13.465085,4.540478,7.404189,0.504985,1.444155
4.597250,3.393824,1.801797,0.431853,-0.333417,-0.083552
10.674091,7.602460,3.498444,4.244032,0.577131,0.675333
13.514761,9.923395,3.477008,4.298084,0.430047,3.590194
12.185599,8.814961,3.933702,4.598972,0.263306,1.471347
19.347530,13.682106,6.223506,5.941154,0.902801,1.493728
17.200851,12.653571,3.973176,4.840681,0.670222,0.639425
24.793530,15.532893,32.046932,39.352505,5.348814,17.955828
29.494856,19.442719,36.555576,39.260204,5.347345,12.791764
41.848076,27.263296,25.940567,23.590395,2.862817,7.338309
16.852503,12.325407,9.401555,11.854165,2.590663,18.499891
11.179458,8.221662,3.890457,5.934656,0.551091,3.174436
11.964592,9.010153,3.676337,5.004879,0.707991,1.264481
15.465071,10.931705,7.634294,11.825427,1.081379,3.220705
18.229719,12.996981,5.310371,8.989107,0.136523,1.184861
12.192977,8.980239,3.643114,5.656317,0.825598,0.846648
5.489581,3.934318,1.932447,0.542761,0.344311,0.202949
20.497072,15.027809,5.558737,9.104587,1.566219,4.125199
38.160908,24.402075,19.486784,21.197077,3.887658,8.766488
6.210720,4.641849,2.698697,1.512502,0.729019,2.548126
11.878885,8.813456,4.423785,5.939071,0.629144,0.716172
17.882488,11.994701,10.643831,11.928930,1.854443,1.567925
7.492918,5.358324,2.924921,6.149019,0.472770,1.253628
54.983418,22.328720,32.470573,36.705566,5.037273,7.257851
56.407085,19.195122,40.649879,55.589146,7.099082,8.739263
12.128325,8.665211,8.405277,7.373423,0.575268,2.020549
10.867143,7.841912,3.709312,2.004732,0.148107,0.540332
5.266226,4.000739,1.944468,1.621232,0.102177,-0.221098
6.810894,4.815410,2.381428,3.989703,0.277776,0.894621
5.381306,3.844290,1.741151,3.703548,0.031600,10.581281
4.400486,3.772184,2.214096,2.261426,-0.026643,0.554623
12.108118,8.768238,3.577679,1.315682,0.091588,-0.215743
10.311287,7.705906,4.334598,5.260357,0.667970,1.798648
18.257357,12.974060,12.206864,16.381296,2.694366,7.340262
6.815712,4.987465,2.343425,1.673584,0.807604,0.531172
5.177001,3.922703,2.233919,1.288006,0.408286,2.095815
14.354746,9.924973,4.398867,4.875587,0.714801,1.924726
11.622498,8.779253,6.335310,8.536776,1.259284,2.211087
8.893405,6.473622,3.180408,2.444416,0.547213,1.158205
20.589870,15.156136,6.226099,7.257650,1.028735,0.480190
11.780268,8.614259,3.816885,3.858646,1.146739,11.893233
11.912848,8.192592,6.732941,10.038791,1.364791,1.206064
8.423053,5.799663,3.118301,7.478219,0.505824,0.657261
14.538607,10.723665,6.515538,3.979052,0.998872,2.366214
4.138447,3.135699,2.061383,3.632004,0.447272,-0.261379
11.359897,8.248064,4.223451,2.487039,0.525033,0.794805
14.718586,10.120046,5.210594,6.429087,0.630803,0.575236
14.928685,11.072189,3.484579,8.601882,1.437071,1.558733
4.982958,3.644603,1.794475,4.220430,0.445579,0.271280
39.907700,27.059338,13.022015,17.823816,3.193277,4.144182
79.868721,38.244640,54.630604,62.137932,7.477211,14.374967
58.718830,35.264660,57.455814,70.365646,11.185349,44.599613
13.171756,9.479026,4.283584,6.648922,0.627933,0.875528
18.398561,13.011548,4.493570,9.299047,1.543759,2.085035
7.024954,4.865993,2.534410,3.620891,0.558933,1.611585
5.775152,4.527721,2.186646,0.527884,0.049660,0.203535
31.477694,20.481003,21.173519,34.952084,3.835174,10.781088
13.621366,9.823888,4.056829,4.165535,1.216686,1.217353
32.092800,19.551025,30.460152,31.481344,5.013666,6.543417
12.830851,9.381190,6.273158,6.293084,1.046634,1.539276
14.981680,10.549162,4.255301,4.892978,0.990021,1.339871
15.715038,11.134727,4.483396,5.615920,1.045089,2.249436
5.883408,4.379068,2.682225,3.290350,0.385397,1.258678
7.508195,5.290287,2.350698,4.467538,1.001102,1.460912
9.339501,6.393246,2.232824,3.264862,0.029893,1.235304
8.591116,6.576444,2.966712,2.493733,0.260700,1.869097
7.453495,5.574178,2.675307,3.617611,0.808979,0.160763
12.465842,8.677066,3.534932,7.694028,0.613779,2.074839
8.820828,6.370901,3.082215,5.221640,0.550307,0.570838
18.005072,12.578785,16.131655,22.456364,4.475307,23.726351
10.035882,7.453101,3.348051,5.843778,0.857945,0.382376
13.534928,9.462498,3.736372,3.986149,0.967607,1.699084
14.687657,10.187096,5.743842,22.232969,12.203489,38.869637
44.309380,17.446978,48.835518,53.302414,6.688999,12.505340
59.587318,17.482576,69.312576,72.001595,8.400796,17.234903
38.043095,16.928406,45.749031,49.352573,5.415219,11.618000
11.914052,8.453981,3.317560,3.646227,0.358123,4.241626
13.474612,9.549379,3.755043,4.823696,0.237891,0.961443
14.939128,10.543675,4.021017,4.569859,0.631524,1.508732
22.655329,10.975014,6.209129,8.049178,0.778625,2.411845
19.498146,9.746319,5.656453,10.283623,1.122376,1.560898
3.909669,3.182465,1.503165,2.218129,0.268841,1.956895
44.193977,25.747160,18.143114,20.685259,2.640265,4.511523
5.639212,4.028269,2.232558,3.747863,0.577887,1.233214
10.053709,7.332009,2.969926,4.155216,0.366166,1.671025
4.632274,3.369377,1.198860,1.353822,0.088668,-0.345557
11.849843,8.594033,5.080472,6.866660,1.139927,2.842995
6.321798,4.556275,2.561371,1.273395,0.422149,1.034705
49.391575,19.838245,14.472689,13.500206,1.421470,5.904781
37.557194,19.890497,11.823680,11.747720,1.398241,4.318927
8.931050,6.539206,3.107726,4.560853,0.240518,2.076547
22.674482,15.917735,5.162498,5.334859,1.022007,2.607759
27.303108,18.857038,8.810818,13.028463,1.278887,1.495868
18.002842,13.280826,6.753603,7.612374,1.395802,1.239124
10.307086,7.622716,3.343524,4.762206,1.010594,1.079799
32.711033,22.351912,13.357086,16.815483,2.062451,10.189297
13.794615,9.496927,4.175982,7.785891,1.687495,2.021276
9.627568,6.805635,3.341449,1.875957,0.591016,2.195925
16.288599,8.890039,5.407463,4.686490,0.579219,0.938297
13.397517,9.989055,3.710922,4.871385,0.930484,2.918693
4.705504,3.335334,1.565968,1.667711,0.194790,-0.397723
15.114728,10.814092,4.470357,5.325100,0.659948,2.917029
11.581786,8.325937,2.359015,6.331070,0.822526,0.797198
53.159985,31.159002,40.777699,51.721878,7.480012,15.449988
8.829912,6.194755,2.773604,3.054193,0.602189,0.935222
16.618450,11.439603,4.091201,9.991282,1.345114,3.019070
63.881195,25.474590,26.821907,30.761787,4.071103,9.268252
64.348602,31.555523,35.560932,50.818092,6.115102,10.521314
8.182098,5.550420,2.402544,3.970477,0.647658,0.975989
14.600665,10.621206,4.606150,3.608498,0.948641,1.783862
5.096414,3.355033,1.338501,2.820200,0.200186,0.772538
27.633501,18.711405,24.282209,33.773548,4.813642,11.843088
3.650872,3.084656,1.344604,0.488085,0.284838,1.572082
23.667112,16.989473,12.101414,14.614121,2.104991,5.491717
17.383158,12.523005,9.341349,11.210194,2.349434,5.141891
16.669172,11.898796,5.055799,6.918823,0.436524,1.945034
9.612546,7.364680,2.614930,4.911605,1.195315,5.728782
4.303516,3.042004,1.529184,0.860077,0.304127,0.062787
9.207766,6.926044,2.622836,3.195362,0.709282,1.307142
22.922554,15.966676,9.080415,9.352552,1.788176,2.890592
5.638247,4.053351,1.898145,4.054538,0.163484,-0.290055
11.967280,8.412881,4.114842,3.824754,0.381910,2.186349
11.198271,8.242162,3.243501,1.562276,1.025927,0.185961
88.591835,42.329220,150.616379,133.240845,17.295561,33.899002
20.496027,13.648157,14.881942,22.183779,3.255647,8.117372
18.789093,13.113220,5.598639,12.299113,1.004223,2.325494
58.535522,29.398577,68.164909,99.863007,13.810654,22.186426
43.768047,28.171091,63.237198,91.775963,14.995204,23.977846
32.956459,22.108337,17.918968,25.863604,3.638176,5.117690
18.076904,13.262840,7.329959,8.727380,0.641381,1.511171
30.066309,21.292999,8.768085,9.110769,1.030553,2.492757
13.273083,9.851225,6.234927,7.380274,1.330876,0.901440
39.639969,25.280029,29.044733,44.691181,4.454371,7.289975
15.589811,9.907783,5.303077,5.575686,0.740961,7.351003
44.949612,17.372070,74.511414,82.492783,10.260117,18.806364
55.053200,19.170002,80.085495,99.573296,11.858295,18.594894
66.384666,36.724808,31.692204,50.116276,7.099343,10.203403
45.108849,20.947304,141.770035,168.967941,22.959661,34.288353
29.797377,16.148882,47.683014,75.875237,9.222618,8.137112
12.925714,9.470444,3.089440,4.582261,0.458748,2.154095
8.325371,6.119267,3.368331,3.056629,0.623534,0.884043
7.494087,5.550218,2.544039,5.041331,0.775078,1.143606
20.336559,14.623773,6.498776,8.004030,1.591666,3.003150
10.326786,7.087309,3.327221,4.009278,0.027630,1.485359
34.706547,23.586435,13.855186,19.264015,1.553148,4.472239
11.507591,6.727697,4.668756,2.896422,0.505657,8.680862
18.314976,9.877013,7.326664,9.011667,2.097894,9.456713
17.456598,9.951364,7.879606,10.365731,1.748162,9.398214
24.814632,17.268677,6.797588,17.954990,1.352733,1.497485
19.869436,13.586432,18.812969,24.447485,3.968940,4.226456
5.785885,4.282487,2.105875,3.432637,0.367519,1.315035
5.131428,3.781000,1.728812,2.460546,0.078419,-0.243495
4.785502,3.409269,1.407714,3.814894,-0.098725,0.576155
14.294199,10.313869,3.975183,5.353561,0.838836,11.440439
5.733330,4.497015,1.331557,2.770066,0.367074,0.625336
39.057148,24.114874,19.414003,22.637413,2.812873,6.278873
56.460213,30.195345,78.398468,90.286125,14.977924,102.638641
33.267937,20.698824,14.458261,19.314489,3.822208,6.915202
42.880184,25.863979,71.373444,79.447365,10.146312,25.960377
18.906990,13.618116,6.566085,7.259848,0.791545,4.476572
10.328476,7.364357,2.138442,3.623320,0.440636,2.423717
55.522602,27.584650,25.933323,35.280693,5.396441,18.679144
14.987805,10.356684,7.617362,10.462053,1.873957,2.475689
52.345356,33.483749,48.002625,59.643894,8.493408,15.364324
15.328656,10.882272,3.784053,5.260712,0.812522,10.355573
5.387739,4.032776,2.068841,2.825039,0.508380,1.035407
4.260593,3.222376,1.833863,2.987157,0.268867,0.682335
8.922770,6.871771,2.677028,4.378207,0.650162,0.135827
14.261323,10.692119,4.818806,4.816028,1.306019,2.106698
6.022036,4.615601,2.116697,2.428944,0.081071,1.042488
5.053388,3.665010,2.017293,2.286529,0.104043,2.904849
14.012078,10.075362,5.122211,7.551997,0.707799,1.527478
22.496698,15.893878,5.000725,6.602408,2.050418,10.657312
10.728943,8.292897,3.194842,6.922081,0.661145,0.479012
47.805618,19.467117,48.320293,70.290436,8.029907,15.460925
35.997597,14.956887,21.543121,47.454060,4.958118,6.082841
5.725578,3.991273,2.085070,2.495627,0.538247,0.826311
44.262310,23.432041,63.763165,72.673996,10.352054,16.354090
36.999786,24.522078,9.167508,17.283857,2.513661,2.719555
59.493305,32.788853,25.749088,30.067625,5.556112,36.328163
77.020935,34.417336,72.113007,80.318352,12.523656,62.845074
10.553183,7.944233,8.372867,15.935802,1.554402,3.123735
8.519783,6.581235,2.353396,5.152796,1.236339,2.121139
44.064686,27.088610,25.669222,27.220392,4.238035,8.118367
15.020831,10.553267,4.963039,7.988524,0.593798,1.256614
15.463418,10.360641,28.173330,28.675957,3.862565,6.948709
46.263729,19.585289,45.425037,56.341705,8.064305,18.886658
40.646847,19.462070,45.081745,63.099628,8.297506,17.408243
9.859786,6.909479,2.918298,3.578262,0.093196,0.782734
48.757809,23.326757,44.195328,42.646614,6.992182,54.461544
9.840307,6.747818,3.642227,6.428131,0.698525,2.057574
35.441513,15.913185,12.888732,15.096858,2.752166,9.621002
52.521061,27.359371,45.117573,57.765862,10.490525,32.382462
26.386873,15.580979,19.546627,31.701815,4.017656,6.974510
59.203011,26.887854,97.838486,125.898552,20.075918,85.750977
46.672470,17.920118,69.708725,109.386642,14.098247,52.379025
55.197475,33.590454,34.708111,53.230320,9.747996,55.949116
150.629089,46.787655,234.853561,321.025543,43.636955,78.876900
59.799728,25.305231,53.831711,89.230255,10.880971,14.997272
36.526215,15.975841,15.758641,22.797798,4.295847,11.584733
44.801903,15.971377,20.181320,26.287809,5.172808,11.614114
51.329163,27.192644,48.518410,63.801960,8.489115,13.335682
24.988363,9.712914,10.217038,17.478876,2.711916,7.340387
48.219429,27.608118,29.959579,44.298279,6.379439,15.199474
21.319588,15.984053,8.032738,13.881251,2.405965,2.609453
46.319473,26.855450,30.514921,43.126530,5.685024,11.763877
20.871555,14.546579,9.000029,12.649297,1.827467,4.130518
80.462227,32.484272,107.697327,153.519424,18.825094,35.897942
38.979610,20.884922,37.108284,62.440922,7.254304,19.842905
9.554184,6.879992,2.688819,3.301712,0.939159,0.310254
20.766914,14.501146,9.859375,12.198421,1.692186,4.155621
11.354609,8.186949,3.057222,6.776602,0.590175,2.005971
4.109169,3.043789,1.308190,2.617682,0.328134,-0.101031
46.944313,19.383190,37.234634,48.883240,7.409230,10.669337
43.396141,18.362206,29.580219,50.442375,6.596668,7.485627
20.396482,12.573494,5.258122,6.684023,1.348460,0.916079
19.508610,13.292128,6.151603,9.556161,1.312847,2.114526
17.679972,12.758819,6.212082,6.254480,0.819082,3.037713
6.581694,5.251555,1.745219,2.289603,0.298152,1.803464
9.045246,6.794895,2.943356,4.437983,0.355920,0.312285
9.036978,6.309913,2.681918,5.987081,0.346695,1.952225
4.702981,3.241336,1.333784,3.186821,0.238358,1.574607
23.774120,17.133018,8.263251,11.073095,1.399196,1.162941
32.280884,21.874128,20.681549,19.887449,4.412317,33.738644
8.052427,5.607830,3.603827,5.002985,0.607212,1.817716
5.739296,4.520802,2.103326,2.097427,0.261061,-0.034144
13.252561,9.528080,3.138989,5.241317,0.828746,0.506651
4.221948,2.997339,1.626060,2.345387,0.430695,0.756185
4.315873,3.206395,2.375976,4.353295,0.553300,1.468056
13.504633,10.196157,3.313993,3.743320,0.885998,1.874098
44.402260,28.429703,29.029745,36.652771,4.972582,17.316607
27.722473,18.582949,16.052015,23.711273,3.116674,4.982106
5.577411,4.188478,2.027276,3.356253,0.380180,0.467351
5.430957,4.083071,2.430095,1.400960,-0.076311,0.889399
10.174518,5.703359,3.120876,3.314500,0.524639,1.611430
12.137061,8.572077,4.035120,3.362504,0.097734,0.689709
10.945013,7.981883,13.013837,17.401436,2.319546,3.187349
6.487969,4.998851,2.162330,3.601932,0.153367,1.055880
7.998583,5.725371,3.765728,6.888374,0.116615,0.991537
5.082723,3.668510,1.676430,0.350917,0.241427,0.929587
12.110413,9.004466,3.618657,3.904317,0.070483,0.128038
10.992812,7.846778,3.489745,7.411751,0.841523,1.833595
5.025682,3.948244,1.772905,0.895775,-0.006774,1.076952
4.909066,3.426241,1.538974,3.255821,0.036426,0.878030
7.086494,5.405284,2.285178,1.378022,0.090530,2.196481
12.437067,8.696589,4.370163,5.700861,0.571568,0.376911
6.021805,4.575382,3.149211,4.693154,0.517948,1.605397
6.172323,4.623287,2.200079,1.214706,0.305722,1.149194
4.157579,3.131852,1.476401,2.187388,0.454793,-0.166946
6.268888,4.694216,1.940635,2.487347,0.618163,0.725382
4.120102,2.941627,1.499418,1.645754,-0.032332,-0.032582
5.406717,4.399180,1.665511,1.442682,0.170419,1.069977
6.488050,4.449039,2.289005,2.935586,0.536142,1.252648
5.479383,3.988398,1.637893,2.153193,0.353975,0.449098
15.919859,11.624317,4.914119,4.654706,0.828677,3.271240
8.520658,6.123866,2.431247,3.672322,0.078201,0.639407
27.192163,18.719053,13.666172,19.792192,2.822726,5.550103
31.637896,21.362713,41.888165,51.530972,6.873832,13.554149
54.851780,30.388138,74.883118,93.144279,11.987081,19.748144
118.950516,39.436169,166.669235,211.568954,29.059971,66.447861
46.080334,23.420731,36.558689,59.257278,8.719042,11.544418
54.394886,23.079227,33.620487,52.021568,7.012858,18.058792
130.639206,41.202084,186.954224,292.441681,39.561146,63.045578
135.735001,33.082455,216.542252,330.839172,43.067749,90.273857
75.240028,25.207195,124.842239,164.566620,22.241810,71.646118
7.662642,5.765635,2.406957,3.134435,0.691955,1.711523
23.963909,12.607054,11.291332,16.809225,1.976263,2.530063
13.992675,9.917218,4.296717,6.057902,1.172317,4.019396
5.367763,4.198119,1.899639,3.789220,0.366950,3.200821
4.952858,3.968467,1.837854,1.557407,0.703359,-0.405993
37.107536,20.011532,14.717232,19.922882,4.240834,43.956776
38.846855,22.690460,26.333208,35.291309,5.288678,10.997697
5.103040,4.226319,2.078144,1.787273,0.146699,1.224403
10.834216,7.983310,3.396092,3.803181,0.468630,1.781107
28.174843,18.973377,9.390281,10.434879,1.411184,2.261763
13.626325,10.166511,3.700949,4.935712,0.321929,0.460823
25.461508,18.369581,22.421000,20.251949,2.257246,6.807152
74.897614,43.145348,83.132927,96.733849,14.086804,39.769852
150.939316,53.981064,215.190399,239.640732,35.724121,74.736504
57.936947,27.129438,44.543259,70.330841,9.233356,23.969709
11.931017,8.822870,4.261584,4.298382,0.997377,1.540576
4.821370,3.716047,1.846476,1.303613,0.011224,0.473331
62.817493,35.668205,27.095123,38.128315,7.600280,34.324825
13.765234,9.613152,3.603634,6.634694,0.779627,0.845207
21.579832,15.474813,5.498425,11.012404,1.184557,1.063357
8.577201,6.412878,2.822284,3.236179,1.182839,1.162925
7.148872,5.113131,3.191748,2.765727,-0.167316,0.997583
5.510448,4.245605,1.985586,3.305538,0.506107,0.106117
112.732056,50.943985,104.340607,140.885651,16.989227,30.048698
65.261360,38.979179,63.346058,70.320816,7.865883,13.031452
47.100929,18.371159,69.087120,90.776062,11.077836,18.666136
45.029499,18.358646,66.849213,87.071342,10.976327,18.396442
30.658049,22.088875,11.940843,11.526879,1.968010,5.457451
12.031152,8.835165,2.966598,5.762840,0.414487,0.946314
46.901363,23.319653,19.305824,20.969561,3.493083,14.122500
47.716766,24.827923,50.844330,74.854034,8.236933,23.397694
11.026923,8.049735,3.307053,4.789660,0.197840,0.594692
11.235354,7.900374,3.704845,4.109825,0.438978,3.110734
13.970345,9.805738,3.736115,5.436699,0.589409,1.371049
17.410051,12.457695,5.412308,8.449224,0.925463,2.785407
11.058695,8.072451,4.092920,4.872242,0.927499,1.663853
15.253611,11.592468,7.868212,9.852386,1.707676,10.690632
35.011890,24.271341,19.166019,26.377480,2.474143,4.169319
24.788555,17.673786,6.867997,9.769279,1.146757,0.902649
13.674073,9.789424,3.777461,4.501064,1.422337,2.823922
16.140184,11.558084,4.343391,5.350898,1.084418,1.369611
6.659619,4.982271,2.479730,3.037820,0.749675,0.837986
5.032815,3.929232,1.874638,4.190555,0.021691,1.062528
46.356651,27.666201,24.166893,38.098759,5.404620,9.617136
25.868694,17.702499,10.486758,10.479254,1.662477,5.627662
8.963783,6.586344,2.972670,3.802235,0.437477,0.733928
16.466331,11.726739,4.799337,6.844386,1.176286,1.079738
6.694011,4.682859,2.117587,3.378822,0.796280,1.103802
16.095289,11.303086,6.224807,9.688433,1.719133,0.416277
13.948370,10.474414,5.528757,7.186918,1.262254,1.610410
9.130189,6.756000,3.173693,4.184383,0.716206,0.921103
46.689327,27.025627,56.604519,72.740364,9.209616,13.470561
9.161185,6.074895,4.047920,4.969448,1.054662,1.430670
11.996170,8.356042,3.229265,4.880697,0.756013,1.232491
29.959234,20.357088,22.948252,21.692331,3.782056,5.607861
10.006047,7.236250,3.190158,4.924930,0.529960,1.246942
5.767541,4.327114,2.037585,2.932809,0.196434,0.260760
10.606194,7.703071,5.129785,8.660561,1.038695,3.919249
8.122030,5.918883,3.016549,3.742883,0.611836,0.522109
12.525619,6.905923,4.067826,5.733772,1.035802,1.238910
11.598807,8.698469,3.320144,4.461840,0.542177,1.699327
4.458426,3.463463,2.210512,3.197614,0.488572,-0.374119
4.583506,3.495193,1.984300,1.065916,-0.012141,0.682315
13.149730,9.666251,5.322034,5.728065,0.799506,0.918688
7.592644,5.561669,2.655034,3.429621,0.625396,0.887589
11.382293,8.480275,4.806196,4.646173,0.581944,-0.141481
5.459473,3.831178,2.260285,2.074437,0.738690,0.530105
19.121128,8.916750,5.791185,3.058230,0.748451,0.793053
26.005844,17.441620,10.723894,12.217969,2.162299,2.459182
4.778650,3.730366,1.742665,2.379155,-0.145928,1.158623
8.692662,6.276577,3.178422,4.774826,0.015631,1.015483
15.925104,11.226169,4.783455,6.136699,0.794634,0.937052
71.032402,28.006199,35.559830,41.878094,5.774568,8.493216
8.075599,5.775556,2.331098,3.431086,0.649983,2.053956
16.089979,8.592083,4.959291,3.808599,0.842495,1.006117
9.607836,7.055261,2.875202,5.280056,0.792252,0.066509
13.222399,9.508911,4.018358,4.736311,0.403415,1.424123
9.834469,7.084897,2.355298,6.193995,0.733611,0.994346
20.143463,14.140408,5.968214,4.001512,0.617982,0.582538
8.051975,5.732136,2.681236,1.007529,0.012953,0.683534
42.235321,15.023049,53.062202,70.283653,10.352069,26.523157
42.985451,18.464081,29.217695,47.472980,7.083682,52.819439
29.634405,16.867805,46.914440,55.268795,6.586190,20.865353
61.498302,31.979784,65.920174,75.389946,9.527104,18.175999
81.144325,38.943233,75.214371,97.878563,13.162304,59.599899
46.413944,17.757421,21.382908,33.436199,4.128920,16.645437
172.072159,44.535107,247.181259,297.409637,41.224617,119.333870
97.460564,42.950554,75.509972,105.105301,13.263136,19.508070
94.211052,28.214861,156.113403,186.823486,28.332346,62.374931
80.151398,23.657793,71.448906,106.658508,14.385002,23.105230
68.885704,20.657087,29.860359,48.976799,6.976663,16.575380
40.363144,19.889748,53.450874,76.870598,9.336935,19.314013
43.869762,15.751766,14.900377,24.208759,3.887160,8.698744
68.593575,42.444424,42.853828,64.692390,8.401318,12.334702
72.280128,26.778351,74.031250,100.955849,14.099104,17.265932
99.782173,28.299795,115.258743,160.115433,20.833244,28.581228
91.805618,29.952953,215.039581,233.782257,33.900734,57.221783
139.627441,44.700230,201.549011,252.039612,33.387455,48.451408
180.632751,49.792622,148.764618,225.542206,32.342587,54.083923
178.010880,51.832104,172.033997,241.155441,31.527058,61.468834
109.684036,49.662846,139.831635,214.775314,25.722519,42.971489
5.896663,4.144028,1.947598,5.865324,1.152129,2.079311
10.596901,7.424411,3.251987,7.254244,0.739128,0.025399
9.152010,3.574306,3.562048,4.703379,0.860035,1.577897
8.927949,3.423462,3.531103,4.206525,0.797492,1.373534
5.409970,3.563021,2.301972,2.218943,0.336898,0.520288
8.203419,5.802676,2.753170,3.366771,0.217351,1.185461
12.303532,8.939813,4.318294,6.110457,0.786449,3.298728
10.277556,7.678406,2.925248,5.743424,0.946660,5.494060
28.813841,20.285814,15.664855,22.843084,4.231221,4.284770
8.655192,6.010581,2.994190,2.920932,0.701644,1.207495
3.688990,3.036012,1.700958,1.172189,0.512725,0.194801
4.455267,3.067854,1.862405,1.203636,0.229501,0.590955
6.375592,4.851670,2.545220,5.811962,0.379060,1.988978
15.538876,11.019691,5.584354,6.942537,0.732235,1.499162
8.604047,6.140283,2.774420,3.616983,0.416097,4.202902
5.055447,3.930354,1.966326,1.266075,-0.009553,-0.166454
21.398241,15.342501,4.234931,11.008327,1.647073,0.368475
11.561126,8.274096,3.613233,5.602436,0.728692,0.186935
12.968600,8.957117,3.497003,6.035406,1.007076,1.496209
14.616237,10.532015,5.899570,7.560560,1.595065,6.964289
5.611804,3.999922,2.211596,4.337279,1.193062,0.288938
5.671737,3.874839,2.245485,3.989938,0.230733,0.606784
10.348706,7.544994,3.201114,4.365996,0.808358,-0.231867
7.173438,5.356545,3.518375,2.579815,0.610181,0.551536
20.397795,13.990640,28.034307,40.714584,5.026576,11.526882
59.478092,35.238464,47.974789,57.974735,9.276664,11.974738
3.865604,3.102106,1.536543,3.828214,0.567243,1.408177
21.103079,12.385408,7.383858,7.592324,1.260139,1.993095
75.134758,40.772053,54.916359,76.652138,9.531450,15.795255
73.399467,36.913136,91.716187,131.227478,19.167301,38.292236
41.971348,27.474665,26.641195,35.266884,4.917741,9.964189
5.022433,3.570045,2.140592,2.590731,-0.215630,-0.266726
31.268139,21.408707,9.675796,7.730667,0.893730,1.594591
15.770970,11.266485,11.272583,16.450741,1.856007,9.457307
11.746301,8.653862,3.923815,4.840581,0.592083,1.650586
9.764730,4.173465,3.458014,3.294740,0.943947,1.705145
10.091119,6.091706,3.880763,5.547317,1.060732,1.614320
9.472429,7.342223,3.351983,2.853184,0.543310,9.059690
11.573643,8.367258,3.208006,4.006015,0.641311,0.390029
9.454471,6.650868,3.397797,2.733918,0.498996,0.743261
20.245213,14.293965,6.653345,8.791708,1.249730,3.021116
9.240933,6.499794,2.395219,4.811584,0.470294,1.381886
8.032603,5.618547,2.664438,2.752584,0.524402,2.431572
11.143614,7.956543,3.627583,5.986981,0.798151,1.410753
19.951929,14.052423,6.712833,6.255085,1.564072,2.609854
12.544284,8.939497,3.422241,6.472211,0.833899,0.147079
6.869879,5.160284,2.672618,3.873279,0.529982,-0.144249
34.335247,23.637260,11.430034,13.792952,2.734361,6.264145
13.161663,9.442542,3.449551,2.890142,0.646822,1.131335
4.222834,3.069043,1.761381,2.818660,0.622253,-0.227933
4.087737,3.309842,1.646200,1.436815,0.126536,0.901743
4.155543,3.409707,2.002522,3.146173,0.473408,0.681808
7.124034,5.148499,2.496709,2.044506,0.272968,1.621337
7.366405,5.498431,2.489638,2.892212,0.333519,0.694699
9.626972,6.957539,2.966738,5.515644,0.916033,1.243870
6.111093,4.479967,2.263976,1.970724,0.412528,2.132696
4.480488,3.393022,1.906903,2.198638,0.581312,-0.198153
29.255920,20.439085,17.209482,14.866209,2.820138,7.814931
36.519730,22.402369,28.393650,36.547966,4.315526,11.942245
8.936934,6.117914,2.610707,2.443551,0.438486,3.852561
31.219841,20.783575,35.310623,46.517380,6.186190,9.511258
10.147600,6.959297,2.858388,2.696864,0.648630,3.131317
47.373199,25.784260,55.728046,56.369171,8.345576,49.240746
40.022411,26.121508,11.906837,17.467548,3.264018,2.900052
27.464609,18.374847,7.227742,8.980870,1.943467,2.270077
23.522142,16.422300,11.594305,13.021449,2.234005,5.859291
97.430710,46.014099,101.426346,108.013031,17.223402,54.092560
66.642426,24.988428,98.660339,134.991119,15.904210,28.752407
164.232483,59.828392,279.379089,315.800537,41.074337,106.406052
98.213020,42.570889,111.601967,151.524109,23.607086,47.951859
111.064041,43.493828,98.523415,112.028915,16.667389,69.416412
11.248600,8.062321,3.820552,5.202649,1.124843,1.409240
9.972305,7.243881,2.734526,4.038929,0.112417,1.519787
6.888922,4.734713,2.186186,1.430166,0.261763,0.405335
10.740297,7.801565,2.922733,2.261904,-0.022913,0.978586
13.597277,9.762857,3.518059,5.385905,0.920936,-0.201096
15.511859,11.376180,6.055926,8.105780,1.725504,2.026482
10.886840,4.775044,3.860049,5.368093,0.416069,1.631910
10.620486,4.806366,3.819629,5.908852,0.578803,1.105703
35.082603,22.235558,22.647453,28.373228,4.497185,23.473171
11.880186,8.286386,3.507877,5.433429,0.066645,1.524929
31.325939,20.691435,9.830578,9.710290,1.550938,1.676085
5.540416,4.450808,2.381658,3.860386,0.372022,6.165938
5.463929,4.205707,2.541264,2.488729,0.872832,2.746609
30.971231,21.409725,10.210007,15.165031,2.037821,1.414124
6.320236,4.228599,2.579380,3.810337,0.433460,2.746836
5.156326,3.605920,1.884697,4.141025,0.517668,0.504023
16.825417,12.090563,5.318438,5.361225,1.309285,0.873598
7.597950,5.136273,8.562029,14.394094,2.222626,2.691522
10.773807,7.840704,3.004240,5.899867,0.329551,1.116722
9.591196,7.142020,3.406275,3.749595,0.476377,0.239260
6.508058,5.039855,2.000252,3.430832,0.764579,5.593831
9.207638,6.672201,2.809054,3.950061,0.132606,1.160753
19.625206,13.692871,6.490774,3.870721,0.786595,2.437313
9.232005,6.409128,2.628161,5.071037,0.896237,4.438915
44.677181,29.460312,19.184931,27.091467,3.941819,6.075672
4.765056,3.694272,1.546451,1.921245,0.464897,1.525519
15.255891,10.798099,5.126063,6.996375,1.439589,2.265054
47.234257,19.173573,46.683308,68.967064,10.318551,19.273901
4.477607,3.176626,1.794899,2.675066,0.197237,0.357168
10.649578,7.764868,2.955631,4.664203,0.255241,0.753397
8.101243,6.121003,2.284345,4.829329,0.230423,0.120738
6.760122,4.850924,1.963639,3.305835,0.794287,1.180796
14.348559,10.039195,5.244969,9.913133,1.011562,7.329907
4.437730,3.011252,1.544737,3.013625,0.504527,0.045443
9.987548,7.054281,3.501235,3.677541,0.430168,1.236615
22.609592,15.364969,11.664340,19.183134,2.466600,4.208871
9.819999,6.719594,3.917664,6.216446,1.204867,-0.737141
11.196780,7.970912,2.471668,4.426497,0.903519,0.927063
6.328916,4.571002,2.126532,2.718329,0.587207,1.084743
14.947979,10.503713,3.919233,3.905712,1.308814,1.517550
29.279955,19.999025,7.422229,9.222987,1.452153,3.414670
49.082287,30.586269,47.953339,45.851562,6.139966,10.670817
4.858800,3.331741,1.985995,2.931878,0.316109,0.165199
36.728069,25.579302,28.506151,32.953617,5.003242,11.704176
6.277538,4.681451,2.419216,3.531713,0.460386,-0.170137
5.139523,3.585945,1.811978,1.452678,0.224619,0.682469
7.450469,4.983375,2.266039,4.182357,0.694809,-0.397326
5.780429,3.913418,1.929901,2.440073,0.447970,1.115255
6.837533,4.904860,1.894082,3.770441,0.434556,0.832349
4.823168,3.400589,1.118870,1.379786,-0.164312,0.438473
4.422416,3.092128,1.945781,2.216212,0.184489,0.264683
30.134386,20.360977,6.937499,12.125710,1.827397,1.244885
58.715736,20.489666,57.728355,84.782524,12.227152,23.135721
97.824913,28.401045,81.411324,126.793701,17.509001,24.230610
37.646374,23.194918,33.719311,44.261852,5.989129,17.335663
67.327972,37.973866,39.994038,59.042404,8.039378,15.399877
44.190575,16.577942,42.543922,57.095943,7.826095,9.386920
36.044140,22.985075,58.399139,58.955135,8.989710,11.937205
17.055546,11.221020,6.208492,8.826906,1.272401,1.509814
14.567923,10.813063,4.772241,4.946781,0.983980,1.328478
9.273867,6.376419,3.188894,7.244537,0.681515,1.853880
13.206343,9.130034,3.827542,7.031437,1.686477,2.044486
5.355636,3.850988,1.574293,1.661227,0.000320,-0.312304
37.315834,22.075094,22.168718,31.677685,3.872520,4.017978
38.264236,22.037981,22.758318,34.301380,4.265548,4.231908
5.080116,3.411462,2.428477,4.550524,0.837914,-0.287267
7.359258,5.047632,2.430613,3.403174,0.434128,1.390020
11.180546,8.238231,3.716702,4.391402,0.988801,2.283783
8.171497,5.716286,2.631990,3.908814,0.648364,0.156891
4.516272,3.719672,1.772720,0.363464,0.380735,0.437771
5.599812,4.127837,2.086952,2.526209,0.711318,0.961902
7.365811,5.150345,3.240133,2.349430,0.363359,0.271177
7.265348,5.401390,2.368346,3.872101,0.156488,1.441787
27.418768,17.314861,20.924719,23.741817,3.565844,18.228386
22.968075,16.446020,7.363522,8.621325,1.526237,3.701895
13.314472,9.583000,4.143430,5.158119,0.067044,2.139193
43.256638,26.496281,10.531653,17.658672,1.874938,4.488101
15.570305,10.939374,5.662340,10.151014,0.981522,0.546691
20.489029,14.430222,5.325001,9.121345,1.013751,8.111735
18.531521,12.926230,7.726998,8.440848,1.680890,8.474912
10.499991,7.246484,2.759759,2.473117,0.557662,1.250097
14.219739,10.196287,5.376432,10.130399,1.201856,1.349171
14.576431,10.280746,5.485072,7.868343,0.735083,0.590976
8.397113,5.777992,2.258185,3.803444,0.475142,1.832732
45.798023,27.153042,46.439781,49.560459,6.795575,9.623348
9.324190,6.361341,3.525983,5.146263,0.728644,0.817364
18.133316,13.086775,4.322143,9.151599,1.198061,1.823126
9.809826,6.812702,2.523160,2.695917,0.853213,0.814616
32.595173,23.051550,8.707078,11.530049,1.257761,0.372019
15.992249,11.455217,8.876025,17.687248,1.623067,3.537489
18.671511,12.934948,8.421146,11.039389,1.590842,2.601308
21.728657,14.724977,23.103029,25.817017,5.187374,14.792450
14.106047,10.031246,4.197457,5.403276,1.325153,3.834962
25.714983,13.887430,7.207105,9.772774,1.868143,4.853343
29.292866,13.996219,19.547897,21.721313,4.194283,18.237736
10.685576,7.750058,3.275418,5.321503,0.976285,1.128880
16.606098,11.509179,3.988002,5.548837,0.814701,1.093338
4.656111,3.370646,1.717866,1.754304,0.322354,1.044242
24.058500,15.639043,28.449390,30.248182,5.110583,19.126772
40.905251,23.695503,50.516331,87.624756,11.348790,17.368788
20.063616,14.350295,5.583587,9.427667,1.517928,1.346191
10.815133,7.737491,3.420155,4.321495,0.392373,0.819927
9.748219,7.045369,3.382328,5.190833,1.020291,0.136950
54.888489,25.087748,25.341995,35.073952,5.239706,17.013487
10.111923,6.862198,3.285238,5.409404,0.967738,1.917280
8.537742,5.835891,2.102167,4.226550,0.147567,0.858518
12.781229,9.190222,5.012025,2.191948,0.642330,0.318455
4.453443,3.257679,1.590881,4.242070,0.114225,1.330942
7.445823,5.613188,2.913155,4.257958,0.019811,1.329887
7.540792,5.771586,2.282076,2.705555,0.894755,-0.262892
14.218307,10.122697,5.321270,4.759987,0.838851,0.553193
6.543818,4.435881,2.908777,2.694201,0.640575,0.713467
15.070926,10.747772,4.307278,5.647675,0.472145,6.857683
11.767016,8.238244,3.838934,6.592587,1.032312,0.288395
26.616718,14.796358,9.852912,11.018230,1.540752,13.412683
29.391779,17.225945,33.934368,53.270191,6.926656,13.388949
15.622166,10.881100,4.069344,6.689495,0.464038,1.527548
6.016659,4.359852,1.751328,2.628487,0.602121,0.593432
10.910341,7.953129,4.183787,6.079938,0.682742,0.544569
4.239745,3.314173,1.757134,1.215793,-0.144287,-0.572315
15.828671,11.584912,3.625074,6.347588,1.177691,2.555333
18.391872,12.978081,6.249856,8.012448,1.433277,4.290855
10.317483,7.373204,3.218349,4.214151,0.513114,0.211838
17.121191,12.055136,3.262398,3.487030,0.728933,1.095571
14.526502,10.242541,6.424141,5.914678,0.870102,5.888951
4.351060,3.057307,1.745111,1.561333,0.146762,0.012344
14.472845,10.155033,4.069453,4.605210,0.808641,1.894710
8.613099,6.151245,2.306056,4.481524,0.580124,0.358158
15.563879,11.288145,4.244064,10.574015,0.932960,1.282610
8.002031,5.491642,2.840526,6.306770,0.876747,1.391060
37.169834,19.712351,65.854233,98.350616,13.487582,18.479712
61.445145,20.869686,55.192039,74.273453,11.528189,26.192783
92.131805,32.686844,100.448921,126.128716,18.132904,49.695839
137.614670,41.077274,132.677856,172.874283,22.716677,45.814316
156.729919,50.131809,190.095200,248.527008,30.330896,57.684444
57.979694,32.384155,79.149284,117.898010,16.484541,26.675335
32.817661,14.285978,52.205261,76.895325,11.368323,19.171858
60.663380,34.223026,108.467705,147.084167,19.214703,39.430527
6.068611,4.202342,2.173516,4.909417,1.006492,0.780125
46.634270,19.446829,47.228794,52.195019,7.416895,14.727645
40.924633,20.587132,56.183250,72.130684,8.426779,22.237885
51.586700,27.244160,54.662025,71.875038,9.633960,20.218836
6.449454,4.813409,2.406968,3.574151,0.882873,-0.142720
11.225777,7.889285,3.501305,4.859642,0.807848,3.062843
28.238661,20.038763,7.229122,6.181972,1.507199,4.065004
8.451939,6.103788,2.512534,2.563223,1.089526,0.604162
13.624943,9.499653,3.291792,7.057948,0.660121,2.019688
35.958878,23.497875,12.164926,17.002399,2.110332,3.370307
23.421635,13.134237,10.106824,12.016903,2.273394,4.994266
15.070780,9.138208,11.516100,11.887073,2.002701,7.580752
13.328964,9.985601,3.117048,3.843689,0.907713,1.154361
50.312984,30.690359,19.523804,26.990719,3.280490,4.298121
14.200402,10.511600,4.348696,5.227882,0.865146,1.296233
15.291874,10.610657,20.851606,30.868063,4.525086,4.442979
30.364460,20.335917,16.360680,25.358864,3.639445,10.400393
8.319824,5.717916,3.044567,3.254947,0.767303,0.527565
5.111656,3.499778,2.214719,1.508886,0.188705,0.523106
24.584356,17.292208,9.352740,13.359122,1.884076,12.664899
4.448960,3.123901,1.811285,-0.213733,0.807307,1.432979
37.937302,24.166016,30.633640,40.705723,6.873019,27.385197
6.945771,5.168681,2.477611,3.103487,0.991603,1.001710
92.401382,50.117317,63.211769,75.501808,11.537120,16.569580
15.987471,11.639452,4.601383,4.682126,0.962284,2.092638
16.479559,11.745930,4.893065,6.161098,1.688302,1.740166
33.500542,19.584543,60.621971,67.645615,11.471392,30.619408
5.458541,4.260922,2.059314,0.648012,1.024851,1.234001
8.877541,6.572753,3.247584,1.699764,0.061879,0.805295
13.306724,9.349314,3.781505,6.111073,1.217821,1.458773
4.043814,3.275754,1.805591,1.921871,0.559978,0.454804
24.013660,11.697425,10.890787,10.699292,2.693710,2.775118
7.503736,5.643368,2.763701,2.952073,0.463255,1.222589
14.441271,10.531251,3.572102,4.497939,0.460814,2.252519
11.704099,8.642199,3.369649,5.308000,0.470557,1.118309
6.983140,5.021667,1.609929,4.029088,0.789413,0.668188
6.837970,5.102915,2.193107,2.491439,0.438229,1.552689
47.247707,27.429733,23.742807,28.208494,3.742573,8.863919
14.553634,10.588311,12.135403,11.832797,1.360228,3.771864
6.998677,4.893912,2.643550,2.131803,0.382354,0.623740
5.821802,4.058476,2.168851,2.816569,-0.152508,0.097089
28.855471,20.043354,6.941164,12.721317,1.536643,1.652249
9.290977,6.846751,2.916107,4.678622,0.269328,-0.548953
8.743116,6.487191,2.549360,3.002123,0.709125,6.120766
25.918253,18.311501,5.444446,8.944072,0.884752,1.319640
44.351997,27.901751,12.988080,16.664045,1.931492,4.835410
7.482405,5.331368,2.177622,2.896350,0.624737,2.160936
25.542807,16.408487,23.445354,27.668879,3.200371,7.219332
4.717056,3.738933,1.770984,0.627806,0.077132,1.024547
10.789099,7.451376,2.644778,2.633189,-0.008548,0.684610
23.577543,14.700014,10.411975,17.958921,2.928923,4.983659
13.492312,9.519655,13.554190,12.575625,1.837391,3.831227
17.102615,12.472597,4.598786,4.596602,0.685839,0.763447
26.607569,18.105587,9.087606,12.434349,2.006936,17.242531
15.913506,11.080741,4.420071,4.064838,1.208129,2.816366
8.722023,6.382961,3.997089,4.656219,0.624863,6.068539
6.470669,4.750724,2.415211,2.702228,0.926789,0.592974
5.642712,4.002090,2.012232,-0.028202,0.589418,-0.003332
12.431361,9.119035,3.704165,8.017490,0.545840,0.637574
45.507034,24.401457,17.010759,20.460653,3.537107,11.442475
36.605370,19.745853,38.948421,51.534096,7.730250,16.240578
11.500614,8.368330,3.190584,4.038269,0.989145,0.236856
21.038315,15.379281,6.275724,7.236627,0.844921,0.718592
18.106102,12.968684,7.703590,10.232616,1.828790,12.758627
24.052605,16.257399,11.270622,35.501812,10.457941,28.110699
7.760008,5.457786,2.598883,3.186313,0.795278,0.423878
12.544486,8.929024,3.512363,4.889942,0.720012,0.954119
4.235104,3.225652,1.762160,1.483838,0.314678,1.440891
6.131874,4.712146,2.111381,4.083800,0.584719,1.040298
14.393816,10.006290,4.971087,6.333482,1.045317,2.567080
8.673155,6.101494,2.834800,3.982686,0.250831,4.915430
10.615508,7.636064,2.862790,4.540338,0.567430,0.926076
10.734541,7.703749,3.067206,4.900775,0.829951,0.530013
32.381664,19.849274,17.263855,21.075500,3.301129,3.418146
50.451584,28.344675,44.240784,60.746796,8.279466,10.053560
51.968731,32.011444,41.004284,53.673935,7.672910,14.423190
63.763573,23.683933,79.284401,89.968300,13.902884,35.431690
74.852432,23.716904,87.920090,104.680954,15.509347,39.030476
54.875759,21.428621,41.659962,61.246929,8.345605,22.545692
123.975395,44.615150,209.778671,272.050262,37.012722,63.576767
50.084984,23.543617,42.860905,63.221775,9.000669,20.249622
70.824425,39.246361,75.749908,101.639107,12.228601,28.201824
7.376860,4.604671,2.351390,4.579967,0.766510,1.216398
6.341867,4.475606,3.540044,5.325942,0.688920,0.407575
5.176528,4.165892,1.932277,3.914153,0.447526,3.507456
4.779163,3.662209,1.664344,1.553756,0.628140,0.086300
10.306614,7.645279,2.049904,3.732034,0.773981,1.578165
19.386326,11.026123,5.172799,6.258462,1.369070,2.893662
14.324368,8.556329,4.584630,4.495179,0.587942,0.860618
8.382639,6.178138,2.877612,2.748610,0.506929,0.261161
5.374518,3.896498,1.772179,1.600956,0.168774,1.170549
9.985697,7.060345,1.976854,8.380485,0.989353,0.946637
15.906777,10.587118,5.036287,8.842344,0.703450,4.392362
6.910649,4.987741,2.077026,2.828438,0.484803,1.911153
7.361212,5.305491,2.536269,4.566496,0.286287,0.079994
4.382282,3.457989,1.638099,3.544538,0.754431,0.438112
110.208565,35.161526,81.415932,99.483719,16.955353,34.285778
108.810844,35.067352,101.325462,129.776062,19.376514,36.363850
53.870186,25.240183,55.847214,70.498222,8.011311,17.581865
31.507664,14.147531,52.316555,60.109699,9.182624,28.078798
31.843849,14.121052,58.402027,70.565956,9.518598,27.613111
75.008858,35.386711,78.198250,103.362244,13.435618,34.881794
71.807404,32.931347,53.585327,79.579300,11.488156,30.103271
8.411231,6.111098,2.562888,1.303600,0.007905,1.216496
23.362303,12.608359,6.434695,8.470003,1.341697,2.031212
13.393154,8.586022,26.108784,38.707485,6.043195,9.626384
34.087074,23.588049,16.373713,21.190573,2.165795,3.742018
42.203651,26.738728,43.718456,57.365238,7.758983,21.408234
7.087452,5.309723,2.605533,3.080732,0.341356,1.418873
4.633721,3.587570,1.904888,3.481276,0.616090,0.569638
22.167896,15.876431,5.248246,5.179337,0.835049,1.565914
33.365868,22.422546,15.308072,16.787775,2.666239,2.824950
7.869606,5.350616,2.688412,1.840760,0.141411,0.238761
10.316298,7.915830,2.933139,2.065082,0.311186,1.316730
66.788666,37.685642,45.446495,61.890102,8.084890,11.047744
15.389349,9.404088,7.829660,9.649486,1.291350,6.818353
12.480375,8.813074,3.827246,6.326056,0.765429,1.487542
8.845248,6.246350,3.458131,4.050258,0.228674,1.656306
9.475638,7.060487,2.920890,4.917468,0.505328,1.029615
16.559246,11.694259,4.959428,4.367533,1.094076,1.018339
5.390193,4.225712,2.108104,3.231012,0.309777,0.280041
6.040174,4.638756,1.987094,1.774076,0.927872,1.096560
6.465323,4.583174,2.329015,2.738668,0.674469,1.210686
9.327680,6.683120,3.543527,7.075425,0.550889,1.587180
8.394418,6.073077,2.229414,4.586116,0.549644,0.278481
13.409453,9.331763,3.318747,3.165455,1.180241,1.093689
25.306473,17.880758,6.215880,12.476885,1.991945,2.716054
6.979730,4.851614,2.741162,1.471123,0.322666,0.407496
6.984453,5.217965,2.527604,3.327039,0.799885,-0.091441
5.076200,3.458843,1.696225,3.746367,0.138879,0.176772
6.752687,4.865808,2.507894,2.740224,0.115771,4.573550
7.675154,5.460522,2.157762,3.118223,0.294906,-0.051033
8.476079,6.073283,4.345860,5.221868,0.046040,1.738200
8.149718,6.139248,3.402827,4.081355,0.333996,0.593737
4.142159,3.126912,1.625904,3.395643,0.567592,0.265488
128.454269,47.401417,108.221550,156.728088,20.984436,28.764709
99.384819,42.540203,82.807899,132.537674,16.212151,20.030819
29.273788,10.184219,13.786286,26.653679,3.241187,7.418751
108.216660,48.009544,115.244400,144.529312,18.841576,44.558243
87.324249,22.762091,135.748123,174.348434,24.074081,40.491253
65.208443,24.793049,120.262024,144.373703,20.305376,33.961704
66.280609,21.241159,43.248337,71.754120,8.859790,20.944145
144.415329,47.263165,331.338318,404.381897,52.869316,93.795013
130.857010,43.456421,317.300201,413.523560,52.149399,96.025658
67.862160,32.998417,153.124802,213.140045,24.135683,48.270496
110.766350,35.198410,131.542816,167.891434,21.707453,31.107792
72.545044,41.229576,69.460876,100.882385,13.516388,21.977535
99.726265,40.656433,113.328072,155.002518,21.188335,66.619278
37.779224,19.631203,24.398308,46.670338,5.515038,6.861750
110.767303,42.009144,148.622131,194.702057,24.774164,45.176998
4.877518,3.680825,2.031209,2.331814,0.262584,1.250736
6.300962,4.712329,2.155137,2.676975,0.338775,0.702324
52.624477,29.298994,80.062439,105.910057,14.502638,38.336823
50.778286,24.145817,43.596622,54.376163,7.172587,10.426241
41.030499,15.386806,19.409500,33.458286,3.746739,11.594442
56.456741,22.015402,30.501152,42.375660,5.377778,10.663174
48.046364,29.092375,43.474625,49.627113,6.578980,9.350762
7.157992,5.065729,4.593919,10.672474,1.344229,3.025258
8.876917,6.553236,2.699879,3.961136,0.028063,0.415283
7.366535,5.394576,2.664531,2.872984,0.980381,1.380207
11.918541,8.585884,3.801824,3.243044,0.378438,1.134756
8.939723,6.809165,2.806824,5.094229,0.204166,0.058025
63.993195,31.672009,47.810291,64.324722,9.143140,20.629759
23.761751,17.260815,7.249524,8.104970,0.737949,1.256761
7.406867,5.471505,3.148115,4.435812,0.245549,1.441136
4.993118,3.871905,2.058770,2.330985,0.027513,0.820600
10.252050,7.736209,2.840528,4.720336,0.777923,2.822849
8.846025,5.980000,2.260104,7.881313,0.633149,1.103608
4.046800,3.348875,1.824117,1.627634,0.302893,0.166229
42.745430,28.645472,11.476425,11.974025,2.651258,6.890230
7.629096,5.580612,2.524596,3.349104,0.283394,-0.553873
4.502070,3.404101,1.751170,1.848830,0.067902,-0.271306
11.634530,8.421748,2.547261,3.011724,0.362499,1.027562
10.797996,7.724960,2.510752,6.854933,0.703944,1.692721
10.687739,7.743535,3.127690,4.157043,0.439748,0.647595
6.579265,4.527954,1.645216,2.337300,0.348582,-0.203110
64.179649,31.213026,43.502975,65.067238,8.643895,14.005278
91.263031,41.603214,82.487106,107.839462,16.032789,21.262299
111.889168,30.702015,147.827972,220.876785,31.666134,33.918133
125.175522,54.417656,153.795364,232.805862,29.601393,52.851955
63.944088,25.438339,53.614445,75.730309,12.262173,68.136108
7.422182,5.365175,2.361876,1.688341,0.118352,1.685471
9.736219,6.758970,3.180327,3.422797,0.325899,0.765867
6.738788,4.607620,2.360332,3.698514,0.053797,0.362163
21.192385,14.767513,6.041210,5.594631,1.244713,0.446340
26.492643,13.161441,36.506062,51.193260,6.278107,8.479444
54.939346,29.679413,61.864346,72.012299,11.177000,29.781513
13.662205,9.882868,3.992492,6.827180,1.129304,0.350543
9.217011,6.793385,2.803807,2.492577,0.102842,0.094910
18.525684,13.137023,4.249484,4.768008,0.942541,0.157064
7.678802,5.648515,2.807368,3.481658,0.202708,-0.269445
11.770885,8.120077,5.227287,5.834282,0.961663,8.722556
5.269572,3.555045,1.963594,2.791415,0.350188,0.647707
5.715652,4.205066,1.781091,3.241842,0.224280,0.621827
5.402342,3.786627,5.082733,7.592969,1.269152,0.215430
10.877786,8.017999,2.860130,5.419897,0.136668,0.984020
13.851204,10.323227,4.423523,4.096431,0.770200,1.859223
6.175549,4.368435,1.912683,2.926386,0.083113,-0.309215
13.037064,8.965202,4.496799,8.055017,1.099507,2.300921
58.659409,29.046240,100.788963,107.883629,13.446045,29.392279
22.605017,15.917603,5.536095,8.233490,1.242720,1.429634
5.800004,3.944010,1.722291,2.857606,0.677371,0.412217
15.118697,10.890991,3.718118,5.866170,1.373281,0.746441
4.601268,3.420559,1.585852,3.674004,0.592106,1.428294
17.190454,12.018270,6.411959,11.640628,1.210887,1.970413
42.476616,25.858189,46.793461,62.668541,9.834900,37.049736
17.177952,8.919307,20.377993,57.892887,15.051752,58.670212
58.017342,22.747786,75.006172,99.767235,16.320845,22.840656
86.836624,25.648638,103.910751,142.172699,20.138796,24.287649
63.434227,25.635086,71.331764,88.865074,11.572708,15.810706
43.294121,28.593378,30.636246,46.332237,7.399723,35.222393
44.302155,25.124914,14.173626,16.178034,3.429019,11.933201
62.069012,34.413330,25.370216,32.643749,4.570607,14.935980
67.946190,38.667248,167.936722,191.489624,27.694294,81.967422
20.594664,14.770614,5.487670,8.478916,0.702868,0.950780
12.061679,8.654120,3.561697,2.483601,0.442362,0.618623
13.571780,9.881832,4.371320,4.674166,0.786260,2.827020
6.388944,4.695718,1.739886,3.989020,0.652076,0.118635
4.903410,3.627142,1.561152,0.401350,0.586813,1.323683
4.163377,3.012820,1.680931,0.660616,0.426544,0.919999
12.945385,9.402407,3.655972,3.657008,0.345925,0.367915
5.253463,4.097756,1.462481,0.688155,-0.156628,-0.620613
20.482571,14.489141,6.663028,6.595147,0.784148,1.632311
13.101687,9.791587,4.356184,7.914701,0.956366,0.738554
23.415604,14.774677,26.492165,42.021545,5.197170,6.253021
41.007896,25.174280,25.294657,27.997702,4.265018,10.725126
8.917362,6.532261,2.539446,4.118886,0.307748,1.256487
11.280087,7.798161,4.695764,7.766951,1.367787,7.605720
8.383771,5.894804,2.722111,3.122810,-0.091951,1.126935
19.171022,13.739489,5.512306,10.345685,1.578905,0.641815
4.437500,3.288426,1.575693,3.736125,0.035861,0.465071
12.449857,9.364268,11.257117,15.961986,2.412190,9.826806
8.901821,6.719018,3.050850,1.496933,0.330601,-0.165752
6.375710,4.668452,2.813915,4.515383,0.513329,6.583558
6.769488,4.761069,1.742816,2.442865,0.398598,0.696745
22.046036,15.473277,10.138970,11.473660,1.595183,7.460814
14.880564,10.559895,4.193457,7.191967,0.754553,2.041705
5.413786,3.750987,1.587833,3.767479,0.288997,0.598606
13.396143,9.206835,3.730443,3.236828,0.990189,-0.033865
4.586423,3.412885,1.492491,2.355777,0.118158,0.066928
19.135241,13.308508,4.815740,5.787984,1.902892,14.647591
12.793194,9.163587,3.704531,5.890440,0.722000,1.463851
37.018269,23.310221,34.651688,34.179062,5.812694,11.516537
14.280810,10.230695,3.357559,7.743664,0.639848,1.296861
12.209033,8.865497,3.552991,6.177198,0.815608,0.014888
26.097925,17.387247,14.089025,27.119980,3.660917,3.451551
22.728085,15.928479,6.134604,9.505576,1.101134,2.314162
4.302343,3.150852,1.506781,3.879802,0.441235,0.262616
4.546239,3.097346,1.633671,1.486446,0.104109,1.911104
11.362717,8.579325,3.545781,5.286153,0.440121,0.408576
10.427116,7.612470,2.801443,4.994356,0.419796,0.136877
29.644760,20.514338,9.694715,49.121651,20.525690,103.226891
32.275688,21.476305,16.835854,28.533335,5.920031,14.373880
28.164730,18.449644,9.689522,12.464826,1.974824,6.699008
13.366254,9.047913,3.290242,5.600242,0.700310,1.632606
15.965549,11.260695,4.079848,5.706766,0.498632,3.482803
14.557520,10.409362,4.032294,4.293855,0.221669,2.019980
5.542797,3.927184,2.101656,1.308008,0.159781,0.289518
4.033740,3.243118,1.424434,1.703004,-0.066787,0.337693
15.825389,10.991371,4.210831,9.207647,1.358952,2.017268
13.772083,10.011172,3.807520,6.363501,0.272797,1.294883
7.604765,5.563719,2.667502,3.254421,0.716578,2.543606
6.272245,4.559490,2.414571,1.173783,0.428268,1.674902
12.980246,9.168727,3.578926,7.184756,0.804248,1.811142
20.690969,14.624046,7.983931,13.286240,2.303923,3.358214
15.874155,11.117056,4.016287,8.038875,1.163994,1.461226
12.536190,9.047565,3.036205,3.443049,0.346610,-0.415047
5.563162,3.747809,1.946040,2.368964,0.273996,1.682759
12.987058,9.233966,3.393628,6.698646,0.941392,1.527323
6.386394,4.859730,2.446937,2.477292,0.387917,-0.378428
19.979746,12.157972,5.734746,8.766273,0.774585,0.567012
13.230759,9.434243,3.845721,4.942869,0.792221,4.073306
4.837982,3.356834,1.902288,2.725358,0.108301,-0.184090
16.032202,11.330436,5.136104,5.699224,0.852171,4.264781
4.073123,3.318654,1.874458,1.978708,-0.127383,-0.451845
11.072434,7.829468,3.300411,4.084836,0.680754,2.871656
12.932639,9.323244,4.183053,2.361271,0.796479,0.836036
16.742472,11.989798,4.748802,8.583678,1.195770,8.014185
29.330057,19.367342,27.473986,32.181423,4.687084,10.314084
8.660966,6.270570,2.887714,3.947593,0.398612,2.708604
8.029968,5.887881,2.872505,2.945068,0.484565,1.179766
7.603329,5.639907,2.106467,3.936194,-0.002023,-0.091039
5.000537,3.450098,2.662201,2.151165,-0.099362,0.246793
37.022358,24.783091,9.481189,14.110762,2.030687,1.291768
28.378263,19.951836,7.935522,8.655796,1.596048,2.081526
12.922107,9.397841,4.095920,5.037732,0.536523,-0.502735
13.247065,9.593660,3.997199,2.903726,1.153300,2.602215
132.713501,53.912601,144.120941,174.115417,22.667519,37.211555
6.426804,4.747468,2.141702,2.866003,-0.047469,0.283104
25.546000,18.676285,8.566759,6.334563,1.769902,1.640696
5.898789,4.431123,2.360846,2.864617,0.055060,0.580016
67.146698,26.423658,23.292212,31.100452,4.429045,2.451788
65.494102,26.498499,23.237108,32.556076,4.865729,2.436483
6.810987,5.081513,2.180887,3.308680,0.751526,0.615886
11.762158,8.723576,2.616261,4.063998,1.085170,0.567629
6.118690,4.336904,2.340640,2.793064,0.509870,1.075567
10.586813,7.980987,6.954543,5.812145,1.215695,21.227774
9.895323,7.416152,2.835353,3.221666,0.654438,1.235493
12.678036,9.086581,4.342675,2.497972,0.345589,1.985398
4.367876,3.514566,1.493875,2.505462,0.214688,1.028070
10.001628,6.965106,7.478811,5.611134,1.231738,3.105107
5.796520,3.931380,2.036977,0.635584,0.098916,-0.074171
23.609524,12.569190,27.969090,36.764778,4.819388,11.225923
27.811928,17.113554,28.878969,43.173977,4.771709,6.943171
30.823320,18.462286,40.306000,70.020470,14.221672,35.238171
13.706903,8.875620,22.966476,32.575851,3.705916,3.666011
27.068968,18.726255,13.007640,12.885766,2.224219,12.541121
8.895928,6.220006,2.655852,1.611699,0.638723,2.386831
8.265339,5.891362,2.280094,4.449203,0.604574,2.734520
4.137650,3.159586,1.653009,3.081661,0.528344,-0.334148
9.732062,7.182202,3.278651,6.771273,0.652834,0.912611
5.755761,4.548616,1.992422,3.575485,0.642074,3.010141
55.047195,35.517628,22.987392,26.596741,2.793597,8.804074
18.923359,13.518439,4.506752,7.289412,0.725962,2.960630
6.949688,5.051042,2.101130,1.262283,0.106404,0.344245
10.587173,8.042135,3.591930,5.362980,0.548225,1.462600
4.129605,3.141766,1.402317,2.126137,1.144604,0.561312
4.416590,3.509441,1.801852,1.576738,0.001872,-0.140389
44.444687,28.317636,32.026611,30.475365,4.507711,8.008473
11.435554,4.565473,8.634634,10.182920,1.664285,0.593258
44.093224,26.562023,32.813129,38.364223,5.840312,10.607708
45.949184,28.943176,25.067993,44.186775,6.540990,11.077998
17.295223,11.954353,5.021926,7.389857,0.100216,3.719080
21.311123,14.454699,11.001968,9.951748,1.945436,2.875082
54.858604,33.056053,21.625980,34.915646,3.320095,5.715572
24.233799,15.713211,18.366936,27.353901,3.653443,15.751110
48.464787,29.527842,28.257761,40.472980,4.670471,11.983625
66.492195,25.456932,112.719307,128.871704,14.867603,32.584221
66.563591,25.302927,116.505646,139.528046,15.789298,30.459263
62.854893,32.008518,44.407848,61.897205,7.569042,10.000245
57.427177,24.451385,26.708065,35.291000,4.997726,6.406475
51.165817,22.928953,26.643129,40.415726,4.927355,5.028415
12.043372,8.524601,4.185555,4.782986,0.690095,0.375449
28.543020,19.878374,8.664589,4.799524,0.666458,4.101285
10.219809,7.022602,4.826098,4.326324,1.058348,1.525780
14.419296,10.317330,4.648271,5.345806,0.765906,1.376157
6.761961,5.137127,2.541504,3.074151,0.027341,0.723080
12.404451,8.634786,3.158826,6.486793,0.610066,1.206278
14.696253,10.166744,4.170222,5.370351,0.954094,1.216916
7.037448,5.351394,2.482319,3.340029,1.000182,0.664376
6.791238,4.986441,2.598072,2.056201,0.029280,0.753173
22.369854,15.911083,10.147912,10.955577,2.933488,24.802559
5.541381,4.215324,2.299479,1.632947,0.249467,0.571272
8.138593,5.685669,3.050798,5.569187,0.734518,0.912000
20.921869,15.181168,10.535737,12.411667,1.596819,2.198220
12.743422,9.414294,5.703045,6.702794,1.178923,3.200290
19.192406,13.764051,5.473319,6.452679,0.766860,2.253978
10.793571,7.871603,3.472833,3.062104,0.264270,1.943081
5.619681,4.445425,1.754267,2.267393,-0.017690,-0.456402
49.090412,25.578316,34.205181,47.579082,6.273310,8.174726
29.798361,14.742602,23.116106,33.407215,3.849437,7.603276
14.700313,10.569718,3.710049,5.792250,1.592756,1.155125
22.998608,15.645782,21.684191,21.336960,3.474429,9.066882
22.741230,15.898388,6.119752,18.307514,6.532304,20.001610
11.311806,7.044750,2.979593,4.278119,0.522160,1.893505
22.045261,15.647925,5.391685,7.412165,0.878276,1.196536
18.505377,11.988208,19.777964,19.660833,3.704632,4.806346
10.081607,7.218733,3.585694,3.218497,0.467438,0.176880
11.643825,8.752275,3.099117,5.278670,0.413801,0.774879
6.996091,5.007351,2.085227,3.490208,0.327127,0.669753
4.015861,2.969401,1.519683,0.939439,0.579890,-0.146435
6.291059,4.479495,2.056118,2.980811,0.507295,1.591133
14.159940,9.964875,4.894208,6.816548,0.802284,0.365110
29.729855,14.076594,16.226519,19.823862,2.841455,3.003097
4.039873,3.249758,1.759297,0.457877,-0.218749,0.465978
11.798747,8.393456,3.366696,4.739711,0.576666,1.090247
5.673449,4.198938,2.202428,1.311759,0.130293,0.628853
13.378226,9.570605,4.802475,8.798095,1.035526,0.807653
11.172904,8.143270,3.411996,3.957401,1.051926,5.903247
59.204159,28.904375,35.821117,46.476086,7.420737,18.684958
92.933342,33.490726,48.783440,68.479240,10.087391,30.484198
63.311451,33.358112,29.623415,48.416691,6.544359,24.631193
136.385834,48.855766,156.543991,204.441605,26.598616,73.399582
121.359909,39.708538,93.527466,135.019669,17.802757,30.364285
108.255188,43.313690,132.041977,182.826920,25.791096,40.451916
65.901833,35.136589,160.951233,183.195633,23.364882,31.900402
46.192078,21.533022,13.879074,17.937080,2.907395,13.529465
54.378113,27.575493,37.433140,47.946156,5.937782,8.907498
38.418289,13.885488,21.373947,29.034883,5.031193,8.887866
5.857132,4.523704,1.769357,3.499145,0.699887,1.043115
33.504475,22.021585,12.521341,12.991885,1.874700,9.123002
69.595428,33.631458,48.921482,56.010632,8.242330,19.526993
31.660118,12.927629,36.580635,40.152142,6.250738,23.464729
31.450834,13.018362,39.306404,51.583141,7.463384,25.015402
21.353418,14.323030,28.918617,35.288406,4.134161,12.707209
10.210258,7.361232,3.474848,3.009037,0.314533,0.115568
13.466037,9.691486,4.219685,5.429499,0.853906,1.363637
4.595037,3.193873,13.581429,15.038683,23.161213,1570.833740
6.098865,4.423600,1.992751,1.519593,0.034131,0.185428
7.770012,5.361487,2.460638,4.472963,0.524137,1.478466
13.580010,10.046462,4.678241,5.214662,0.976278,1.187342
4.795446,3.379799,2.711880,3.189531,0.155909,-0.189075
10.279752,7.587932,2.471514,8.093122,0.668761,0.710196
13.706560,9.834826,9.912362,12.479614,2.288332,4.493444
11.748358,8.633158,3.518140,3.866263,0.249775,2.424073
8.172599,6.149841,2.197129,0.949055,0.361584,2.498888
158.637405,45.477356,176.449066,226.309952,29.409105,54.386227
16.347078,12.001723,7.415759,7.445022,1.375977,4.039083
49.412205,30.780445,41.989853,55.672192,7.977433,15.137829
13.842287,9.955412,3.482157,6.846142,0.607364,2.505230
28.652681,19.646843,24.450077,25.652983,3.275615,5.108142
7.618129,5.749649,2.518807,3.880538,-0.132282,1.471044
25.042116,17.473789,11.407432,11.226032,1.597293,3.933712
16.711660,11.882925,5.370786,8.300625,0.655048,2.811230
14.428088,10.300049,4.287572,4.310616,0.911367,-0.367438
6.782386,5.195513,2.625409,3.462057,0.652111,1.362829
11.470472,8.117012,6.932489,6.289957,0.226762,0.895337
18.698130,13.457647,9.791908,10.032984,0.878630,4.149900
5.301311,4.084806,1.976905,0.569543,-0.147590,-0.192654
5.265729,3.866859,2.021801,1.094023,0.134619,-0.200142
48.427673,31.470022,14.461096,29.085228,3.265069,5.582052
15.056266,10.718337,6.499197,11.592161,1.236070,2.631405
5.762452,4.373579,1.975826,2.370996,0.305468,1.135025
4.896733,3.566164,1.834511,1.725371,0.041101,0.645801
33.854126,20.909426,65.783119,98.027596,13.107355,22.531603
10.727738,7.516385,4.435854,5.806163,0.808789,1.950059
14.514230,8.788831,7.305910,7.462681,1.296671,7.449693
17.222866,10.352738,24.670187,24.746391,5.216088,23.267735
27.081343,18.562551,7.624420,13.176022,1.226631,1.593873
21.513914,9.473653,9.222314,9.768327,1.873500,3.880902
33.782249,16.018387,32.906445,50.111549,6.712164,7.172270
73.700714,27.713997,68.851349,79.199768,11.491556,16.807943
65.151100,26.738323,80.903419,87.029099,12.952559,29.190405
56.637520,24.086281,70.285126,90.107002,11.598938,18.921522
5.268814,3.631247,1.970363,3.299462,0.209342,-0.281111
47.683334,21.999334,39.249798,45.339901,8.344281,57.385353
11.249924,8.102889,3.882350,1.728791,0.178064,4.687813
13.893083,10.229103,4.397274,3.365254,0.258468,1.075542
11.329220,8.649872,3.112973,4.435740,0.283924,0.609650
11.739758,8.497703,3.099227,6.124743,0.298851,1.155087
6.118332,4.737569,2.161346,2.593040,0.833197,0.219534
5.163601,3.473805,1.473064,0.770028,0.683540,-0.029786
10.764603,8.060711,2.946201,4.230234,0.765806,-0.345770
18.889011,13.585975,4.137370,8.042975,0.995210,2.155855
7.234680,5.116546,3.036180,2.792181,0.702888,3.944487
6.251441,4.210493,2.418683,2.669738,0.119090,2.869225
7.158870,5.450008,2.429088,3.388740,0.540739,0.728457
17.908852,12.947725,6.845912,10.135677,1.391062,16.075596
18.373158,13.140692,6.521678,6.334816,0.948232,2.262844
18.414118,12.724240,9.465052,15.960246,2.136795,1.668008
6.374021,4.999128,2.198682,3.662612,0.369635,1.826162
4.389372,3.247182,1.872190,2.057400,0.181737,-0.076864
13.930976,10.043629,3.196505,7.567348,0.143321,0.943043
8.061081,5.958465,4.782250,8.355063,0.947549,0.637682
4.470301,3.108580,1.871280,2.991036,0.407983,0.450543
8.088909,5.601823,4.129375,9.031181,1.817675,1.454511
13.257843,9.454862,3.405774,6.112940,-0.084956,0.428507
14.761952,10.287708,3.846931,4.671535,0.848039,1.388993
9.498377,6.784132,7.120897,9.910228,1.171487,2.322867
10.860129,7.850187,3.318651,1.582331,0.645546,1.931216
83.775627,39.713425,94.927979,107.909599,14.769057,24.165140
90.634735,28.393671,88.855530,135.855713,15.762972,29.112982
9.252352,6.464220,2.535310,1.964474,0.602500,1.113453
17.649385,12.235185,5.223816,8.886714,0.490270,3.734879
8.180990,6.159865,2.614645,4.270387,0.447181,0.971288
49.892265,32.625263,27.827742,28.199701,4.438295,10.662279
9.763905,6.880882,3.086086,3.656472,0.411335,-0.201434
21.613638,15.188434,9.260385,12.201880,1.496411,0.773686
9.579192,6.569332,2.929912,2.003942,0.256738,2.528695
39.143517,26.013546,18.797428,27.169704,4.765524,29.396061
11.834929,8.810720,2.917919,5.627463,0.712512,-0.491091
7.060425,5.075613,2.537457,4.322976,0.175122,0.024822
10.684074,7.919965,3.755028,3.705612,0.747946,0.594307
4.687227,3.608311,1.819474,3.111500,0.717934,3.601354
33.350376,23.280518,8.311474,11.101880,1.248920,1.388123
24.995741,16.092262,29.591990,50.660088,6.164197,5.590689
17.371382,12.449189,4.931856,6.991072,0.920247,0.994061
23.122757,14.937313,6.896743,6.672213,1.011952,2.851949
10.753908,8.049702,3.454090,3.513556,0.958602,0.021417
29.062252,20.638573,8.124012,9.379277,1.869776,7.715385
7.235242,5.190323,2.520165,3.857346,-0.175962,0.279808
33.342495,23.462778,14.471946,15.324319,2.064626,3.154723
8.298100,6.418101,3.057779,3.273178,0.491347,0.573229
17.540180,12.397852,5.258193,7.750183,1.099894,6.743954
53.787804,30.929449,17.327599,28.312920,5.445333,14.947207
83.265594,32.640667,31.523645,43.121300,5.285551,11.329592
103.263023,33.322365,42.236824,57.245354,7.372273,13.126612
90.907364,33.223526,40.391552,53.699471,7.267310,12.018278
101.568169,62.289371,73.256371,90.038498,12.090730,33.769478
109.618683,38.957161,192.580688,250.945892,31.569887,37.828979
7.632864,5.756421,3.898541,8.873458,0.831716,1.551664
20.599445,15.189074,5.862846,7.257106,1.269597,2.180823
22.290304,15.879007,4.963933,7.268746,1.759899,1.811235
11.121618,8.043157,3.432478,6.039422,0.293853,0.439174
7.705263,5.728333,1.492544,1.077276,0.348695,0.179198
4.596110,3.327148,2.285065,2.600696,0.028087,0.704603
8.500040,6.068899,8.794812,10.763921,1.458780,2.763752
61.228901,27.630030,38.061035,55.559563,6.110629,19.397488
54.192307,29.705956,25.638046,32.490852,3.520296,12.652149
21.715315,15.685979,5.707811,8.402083,1.388251,12.190347
15.539638,10.993994,4.344614,10.140098,0.738655,1.522251
35.058430,18.032431,22.237616,24.491198,4.622045,17.218483
51.806335,19.540606,36.815319,49.232296,6.818276,26.859362
64.608009,28.756161,72.318207,86.464981,13.525198,40.321453
45.299442,15.406943,47.787781,66.246796,8.833952,14.795883
40.474072,14.722205,33.455990,47.236523,5.693648,11.019336
36.370575,21.842104,49.315651,84.478294,11.156590,19.508863
62.155853,35.699764,112.786163,143.728577,18.865791,43.490505
33.929283,19.673315,44.488102,65.739021,9.243157,14.619654
42.634144,25.836329,19.023924,31.784870,4.414995,20.130327
86.932503,38.339649,39.165485,43.716328,6.558691,14.525742
43.490768,17.554745,27.820566,43.309681,5.776628,16.216362
6.320385,4.760686,2.014774,1.420576,0.798812,0.246719
22.013729,16.031734,8.369201,8.261753,1.610175,1.380008
13.985847,9.932187,4.639863,5.337359,1.200441,1.521695
4.188696,3.048385,1.504125,1.399563,0.460904,-0.928869
17.943962,12.964875,7.255399,11.572182,1.410292,3.924817
3.843338,2.960648,1.578816,2.459959,0.038963,-0.210759
9.810707,6.987753,3.094170,2.885698,0.273451,0.114744
4.273917,3.119106,1.846663,1.228109,0.251865,1.468591
11.447107,8.000708,3.273965,3.774143,0.939180,0.867402
5.972291,4.068876,2.012826,0.825433,0.461161,0.286800
18.969519,13.379276,6.035839,7.620591,1.137564,19.422062
14.205411,10.390822,3.587965,6.116323,0.435418,0.272495
8.927915,6.655063,2.834523,3.431763,0.513075,1.929733
10.298740,7.467642,2.139505,4.219046,0.796907,1.231705
7.139298,5.250049,2.156868,3.650238,0.412776,0.572395
6.948524,5.091255,1.952773,3.380881,0.742916,2.310021
10.879987,7.723262,3.233018,3.049032,0.688573,1.310726
13.048664,9.557845,6.439479,7.798544,1.084048,1.819628
10.625993,7.721042,5.273191,7.704226,0.933991,3.112000
10.948651,7.896143,4.722540,5.905832,0.454597,2.208154
42.250893,28.051941,25.569826,50.952820,13.703969,34.995838
39.424355,22.545698,10.569403,12.230484,2.724091,7.637112
26.937563,14.275743,8.214497,12.010097,1.972467,6.707892
6.992832,5.393934,2.239101,2.472563,0.127103,1.467372
6.414416,4.888661,2.453858,0.462282,-0.276137,0.722737
18.546732,13.646868,6.284381,5.925725,0.779876,3.970110
9.458512,6.972448,2.387823,3.442876,0.796013,2.895319
8.287848,5.673755,2.724671,0.954623,0.048040,0.614712
7.665395,5.361696,2.256118,4.211934,0.429501,0.185149
10.145526,7.116280,2.785885,3.225173,0.803925,0.350467
9.011058,6.588819,3.460612,2.562808,-0.072026,1.497072
36.669907,24.073174,20.399731,17.988892,3.244853,10.471118
81.624321,43.167351,102.919350,123.579849,16.108515,28.863129
50.169472,22.177702,113.439430,161.615601,17.429171,25.501215
20.989462,15.307135,7.795041,9.394280,1.670987,2.924795
11.054714,7.986536,2.700056,9.444529,0.884855,0.747077
86.494568,30.338518,104.250580,118.801720,17.777552,47.956005
72.029305,33.308784,147.909500,186.203842,25.969294,53.775387
58.297466,22.010921,58.833946,91.820885,11.404818,25.688410
55.240719,21.996231,53.586014,82.537636,10.262629,22.415134
42.201946,26.556110,29.446531,47.984108,4.988621,6.372302
61.163521,34.528187,60.587593,69.975533,11.184364,61.170422
49.858624,22.329636,19.576824,24.348076,3.443908,9.901982
80.312737,30.071825,36.614841,36.772129,5.902553,10.993665
82.241096,30.213116,35.701942,34.956535,5.780005,8.114165
7.966993,5.902254,2.362113,2.978414,0.150350,1.059851
11.091712,7.579992,3.168495,3.972836,1.495590,3.239666
4.119964,3.130278,1.508298,9.341356,4.329165,13.440834
17.046059,11.713681,12.354997,15.921332,1.822261,2.381457
22.007971,16.068703,6.333564,6.226815,0.767215,1.777179
4.731429,3.585153,1.939278,2.468521,0.308145,0.125465
13.837068,10.017309,4.224649,8.426008,0.688417,1.938690
8.921284,6.892972,3.707424,5.048286,0.588250,2.501737
11.793813,8.602363,3.500645,5.509260,0.342527,8.299769
7.021411,5.292746,2.538867,3.163106,0.206258,1.080573
58.065300,28.216618,18.596901,19.628897,3.130500,5.446181
48.356350,27.561861,17.016037,19.803108,2.641025,3.280758
12.922849,9.284329,4.261108,4.532579,1.047859,1.019992
30.756283,20.164181,10.304067,19.754330,2.357696,2.063930
15.861732,8.921391,16.381018,21.683743,2.729160,1.945424
7.199429,5.097180,2.361433,2.060359,0.662735,0.710298
31.152409,20.974268,9.640787,17.328129,2.122631,5.348532
19.181168,13.390148,4.572114,5.739825,1.161467,1.412687
28.725874,18.793642,44.474262,51.936749,7.642710,15.954610
4.498289,3.419274,1.671230,3.036021,0.419506,0.205342
32.480869,22.110540,34.552338,42.223072,5.584095,9.342360
26.470167,19.004723,7.099015,6.964462,1.346278,5.266946
10.193501,7.278449,2.875649,3.464365,1.580976,0.526831
11.354421,8.562565,3.568632,5.322233,0.905427,2.132759
20.737312,13.265326,5.028570,7.771469,1.011942,3.375752
39.079643,24.611523,11.119015,15.713407,2.344558,3.630290
19.599203,8.344235,6.877805,6.446530,1.998433,6.357517
55.720840,26.425508,48.279541,63.199551,8.562419,20.768021
45.318726,24.818707,46.592346,66.906471,8.208165,16.843214
5.929437,4.241712,8.169750,7.486195,2.110246,2.788328
19.294918,13.641890,5.142951,6.601929,1.148319,3.398919
5.034253,3.739439,2.076567,3.147950,0.377861,0.525544
5.242617,3.697304,1.930065,1.977151,-0.068085,0.536896
11.262142,8.070063,3.390811,4.395261,0.740043,3.989988
11.341624,8.515121,3.564801,5.034148,0.301730,0.295280
9.759158,6.838878,3.678249,3.065977,0.627017,1.421001
26.391584,18.218319,7.893005,11.430510,1.716343,14.408732
12.970164,9.474019,7.118297,9.719189,1.147457,2.073766
30.231106,18.014233,8.469737,8.644211,1.464324,1.427573
31.131271,18.044107,9.118476,9.838586,1.265774,1.548448
36.923508,24.079926,15.373851,22.612997,1.876110,4.120985
9.330359,7.012982,2.931502,2.467228,0.650388,0.576931
20.117674,14.625780,8.208257,5.158746,1.042805,4.748066
37.737080,26.133896,10.778082,12.744056,1.795583,5.051508
9.730584,7.133899,2.902284,7.411366,0.206198,1.764402
12.322072,8.900942,5.312528,4.652721,0.725070,1.267735
6.204931,4.481733,2.115180,1.402192,0.254970,1.666427
19.807617,14.353386,5.643139,8.170248,0.741781,3.233325
5.142560,3.848469,1.650466,2.789096,0.649409,1.556599
16.010557,11.368420,5.047239,7.033358,1.310925,10.788289
14.119313,10.097311,4.016547,5.297683,0.518613,1.138242
17.234882,12.284873,4.938257,4.961497,0.452240,0.012949
12.464135,9.047623,4.046619,4.056117,0.680678,4.104055
5.434822,3.987116,1.761058,1.958329,0.864060,2.173028
5.887487,4.512978,2.165379,0.829752,0.350929,0.135014
10.289476,7.316668,2.955415,3.906622,0.454855,0.838005
9.930264,7.271040,4.028624,2.992013,0.312143,1.320680
10.813644,7.476194,3.345102,4.340232,0.899725,0.980102
16.694246,11.910171,4.551579,6.614374,1.250471,2.847389
9.907124,7.488464,2.424775,9.295048,4.097067,12.338887
4.449745,3.182727,1.570959,1.763005,0.077010,0.655354
19.123123,8.060823,8.634267,11.207376,2.220357,14.119706
18.099936,7.887621,8.429459,12.039059,1.733154,10.763636
13.890928,9.742504,4.003579,5.675242,1.073688,0.521057
25.338144,16.816696,18.640011,20.825562,3.496334,6.870679
4.604192,3.243881,1.170099,1.730579,0.138436,0.175614
11.314383,5.362859,3.582969,4.932920,1.247690,1.070636
18.258791,11.987630,6.886146,7.212840,1.110953,1.459657
10.359358,7.546397,2.984421,4.041047,0.959150,2.696633
6.417721,4.778498,2.370265,4.461474,0.741677,0.633525
8.099614,6.130747,2.649673,4.696210,0.552456,-0.214051
8.174251,6.026175,3.588730,3.826303,1.039775,1.287516
11.009373,7.990631,4.413114,9.515326,0.948417,0.593574
12.247769,8.943423,3.471094,3.525095,0.750520,0.614283
20.689619,14.676845,4.732718,10.936059,1.514489,1.713793
5.880390,4.384787,2.144471,0.945090,0.385988,0.665931
13.296623,9.467224,4.280634,4.692210,1.411998,1.947883
11.846086,8.528278,3.254793,4.334157,0.635915,0.665858
11.251819,8.220081,3.273389,3.940843,0.694408,0.200953
6.438180,4.650616,2.194120,2.396862,0.762121,1.429012
6.351565,4.750140,2.161622,3.351669,0.464268,1.714712
14.900952,11.025264,4.531921,7.331650,1.418608,2.463860
13.950225,10.204277,3.861744,5.001840,0.862932,2.233151
4.136022,2.998602,1.702598,2.203090,-0.375102,3.055032
9.881484,7.012871,2.970473,2.073512,0.581793,0.815803
15.539239,11.121990,3.846444,5.493639,0.816896,2.470160
27.882868,14.138573,16.839176,22.904238,3.733374,22.659420
22.739027,15.065660,7.802680,10.361199,1.535910,1.842496
8.088155,3.956035,2.987364,4.942944,0.981648,-0.017512
18.041937,13.317538,5.063494,6.245931,0.785745,0.699910
17.240183,12.484186,4.337936,7.513656,1.531035,0.420149
7.555768,5.820188,2.420372,3.208689,0.484545,1.592642
13.914815,10.163013,3.204491,7.132050,1.107163,0.096805
40.511501,23.537275,28.067354,35.465431,4.968264,10.285723
96.308556,36.465561,89.733185,99.048965,13.488109,42.762512
92.076485,28.814234,49.249931,67.013504,7.870152,19.614101
44.227779,27.218262,42.476795,72.082489,9.195532,15.886430
13.688220,9.871531,9.953168,14.535725,2.943843,7.472888
59.764069,29.964781,44.731911,59.656181,8.818084,14.857960
30.822861,17.280989,18.436201,32.598587,4.194829,5.810445
64.557869,21.180296,140.767426,175.766754,25.535513,59.969913
64.732140,27.465910,41.181385,52.416332,7.026408,13.162212
67.144745,26.576359,47.371899,67.032944,8.098499,13.866320
43.701355,23.859501,47.103378,79.980721,9.575275,14.837122
18.762659,13.588247,5.703222,16.490299,2.853552,4.829864
15.991764,11.199293,10.262849,13.267571,1.859255,2.291863
6.171338,4.544707,2.292707,3.365956,0.600073,0.120640
17.546461,12.746389,5.612143,8.533313,0.826530,1.516433
15.069604,10.341360,5.325854,6.668456,1.404651,2.337115
4.786708,3.641940,1.850259,2.174379,0.287592,1.358532
12.031470,8.487657,3.439862,5.678232,0.550273,1.421428
9.252083,6.835724,3.114683,2.868363,0.539506,1.294269
16.645187,11.666551,5.398989,7.691051,0.544264,1.094674
37.649372,25.106142,19.750740,26.449629,3.659188,6.825722
28.958227,18.502897,13.461458,19.243673,2.370674,2.314329
26.218636,18.099466,6.666694,8.148510,1.253487,3.743398
21.335838,14.948798,8.491863,9.408997,1.365775,1.274965
6.075302,4.169040,2.459042,2.501030,-0.017257,0.980504
15.608191,11.445827,11.245385,13.606012,2.385156,3.695079
7.187307,4.935168,2.185250,2.497240,0.473652,1.444490
9.745596,7.473759,2.830941,2.767217,0.563346,1.789502
14.795220,11.008243,6.939381,10.527651,2.051216,2.382572
18.498705,13.732578,5.213458,7.600952,0.866869,4.620628
7.907956,5.345538,2.314090,3.104603,0.407030,0.513748
14.479938,10.582039,4.520516,5.546165,1.508276,1.325049
12.874986,9.153162,3.412811,4.266562,0.796490,2.980446
8.216084,5.857160,2.820717,3.906824,0.796909,1.417647
4.654828,3.310189,1.943746,2.217334,-0.232846,1.040686
7.120173,5.143441,2.575919,1.989002,0.462595,1.006903
15.363029,10.885522,4.670371,3.510843,1.188893,1.240242
11.490852,8.151003,3.907262,4.831567,0.973187,1.116063
27.848877,18.931601,12.456801,16.483776,1.956596,4.275225
9.686988,6.949395,3.137456,3.156558,1.176720,0.698989
9.625515,6.607651,3.523510,4.258173,0.358762,1.983074
12.935668,9.691817,3.736311,5.963055,0.858079,1.250455
5.857474,4.108706,2.155441,1.622380,0.290552,0.321549
20.596327,15.071048,6.803387,8.585336,1.411953,4.408228
14.507101,10.248137,6.396740,4.722088,1.163315,1.858935
40.737858,25.875992,17.462904,20.632288,1.890170,4.922225
16.722342,12.003182,12.966460,20.653292,3.025929,3.340911
24.138275,17.518951,6.625597,13.645991,1.874339,2.393926
15.908696,11.433135,3.971877,11.907755,0.959523,1.613892
36.580036,24.113447,26.912825,34.238888,4.697219,5.668477
45.443874,28.434093,39.797375,47.973087,7.498897,17.027735
5.957190,4.302775,2.159476,3.369114,0.420155,-0.195810
30.918968,21.211863,19.211441,30.952732,3.780947,8.675429
25.403835,17.475882,15.597974,26.791628,3.807092,4.812540
17.485218,12.011173,11.458443,13.881584,2.118603,11.178564
19.916283,14.394163,7.267631,12.281075,1.710819,2.958540
8.626742,5.862976,2.615746,2.199888,0.708048,1.028948
9.774672,7.179519,2.872553,2.324123,0.446836,4.280544
28.160036,19.018818,10.247999,18.197681,1.855080,1.757897
59.344177,25.710081,71.304733,95.410835,13.226562,25.566401
85.136635,30.249964,83.400520,120.728401,14.912135,23.933407
14.795070,7.313474,5.043978,9.408854,2.182866,1.767254
10.625144,7.459159,17.212379,30.463125,3.514528,6.298928
5.954823,4.034706,2.132991,3.081197,0.939370,4.027359
6.423965,4.486511,1.931722,1.876013,0.052653,1.280596
20.124849,14.684776,6.033096,8.144599,2.021427,2.352712
5.683543,4.185591,1.940324,2.927909,0.263434,1.527974
5.204968,4.071160,1.450521,2.074558,0.392346,1.133142
4.272423,3.334648,1.776369,2.049835,0.139832,1.352309
8.475520,6.213871,3.843175,4.217853,0.814363,1.046902
8.294232,6.067580,1.778506,3.450895,0.673264,0.216149
10.708875,7.820867,2.795134,1.749976,0.538815,0.932054
8.972673,6.284214,2.722339,4.239034,0.706879,1.568514
12.548588,8.855544,4.045886,7.197211,1.069184,12.091493
12.982216,8.899088,3.858642,3.856091,0.836159,1.895812
13.045331,9.375448,3.456312,8.351442,0.959664,0.945241
10.881239,7.697261,4.215887,3.977403,0.800848,2.087156
11.029943,7.984277,3.112973,1.546424,0.563895,2.027122
15.075692,11.055634,4.374578,6.348692,-0.063591,1.203315
6.601943,5.047133,1.884142,4.535997,0.487690,1.114083
6.449192,4.727395,2.020393,-0.225640,0.068397,0.528697
12.000878,8.798469,3.477585,3.941640,0.700435,13.697678
6.471083,4.466722,2.799540,4.786188,0.971416,5.791395
9.400243,7.020466,2.889402,2.750942,0.300146,1.119567
7.091420,4.894528,2.332821,1.689291,0.495968,2.619354
17.543301,12.612169,5.189370,4.840213,0.607867,0.926131
31.864773,18.090420,8.340533,12.125762,1.956320,1.426581
14.872550,10.871765,3.970957,6.388479,0.523138,5.404082
8.783131,6.281316,3.034163,5.850983,0.486309,1.828355
11.058839,7.756032,2.886239,4.594987,0.586989,0.408281
7.902901,5.995639,2.099559,2.766378,0.664732,0.089792
4.698235,3.016164,2.184349,3.133950,-0.025524,0.687816
6.579681,4.630924,2.988203,1.408516,1.048572,0.931186
64.673622,29.556042,17.110113,18.324949,3.622732,4.854171
72.766022,34.223892,23.523827,29.989700,4.785079,5.628744
14.741563,10.338766,4.345533,8.921103,1.282215,4.945053
17.133955,12.498109,3.712525,12.166242,0.835656,2.135464
20.260529,14.393381,16.123535,20.676134,3.589717,4.996802
26.943727,18.390034,13.135607,23.106466,3.293656,7.589480
4.700264,3.249236,1.966654,3.798157,0.034349,1.865956
16.368080,11.818138,4.397554,8.150944,1.042400,-0.813153
16.200928,11.548356,4.710430,4.337618,0.467597,0.952409
5.363456,3.837456,1.711932,1.904642,0.726519,0.404091
19.163067,13.137818,5.497735,7.220990,1.274029,0.975273
14.310507,9.938210,4.172809,5.592927,0.013004,0.685230
5.090322,3.949932,2.113556,2.524005,0.388892,1.374660
8.586878,6.377683,2.664877,3.988682,0.755940,0.173674
10.862734,8.030537,3.156943,4.611835,0.846709,1.359398
7.958921,6.016669,2.681646,5.982542,0.297068,0.438288
6.266691,4.850032,1.959404,4.283074,0.121811,1.604987
12.645770,9.336496,3.563338,3.751299,0.923088,1.179665
22.432400,15.626184,10.006047,8.682687,1.181598,11.255643
6.765390,4.913226,2.267231,1.534842,0.200888,0.616228
4.434534,3.237780,1.768530,2.173860,-0.177004,-0.067667
11.909044,8.971186,4.146829,4.065177,1.206284,1.969270
4.714621,3.590005,1.745448,0.633656,0.478309,0.669109
28.584557,18.250294,23.775198,30.693560,4.715991,6.940808
13.714116,10.136084,3.786533,3.802886,0.931404,0.197102
16.168833,11.812010,5.037842,5.801243,1.519498,1.152093
38.493492,27.474325,15.816698,14.586853,2.139664,5.790150
15.460328,11.244042,4.067262,6.245768,1.039476,2.648068
11.954453,8.978936,3.428661,3.663021,0.342438,1.386244
33.737202,22.354357,23.641720,20.680506,4.113527,7.385441
75.584503,24.675938,60.928116,66.796570,10.376334,13.081672
84.493393,23.561350,67.834404,83.930946,12.026368,18.826935
69.458549,21.242237,54.296204,75.811134,11.338830,47.513561
77.222153,21.307194,49.260483,67.491692,10.988108,48.100819
59.253941,28.805996,35.742428,54.974953,6.855277,20.300320
65.503510,41.514156,21.137173,25.989027,5.084585,44.527550
11.234240,8.086193,3.505215,4.404381,0.124628,2.245646
10.093035,6.972532,3.695092,4.378351,0.999170,-0.432526
21.811909,15.093715,7.333415,12.092055,1.372688,1.156003
7.441131,5.180336,2.146520,3.955716,1.104434,1.111527
21.999422,16.069315,8.109611,12.905163,1.987641,0.944923
20.379278,14.284266,4.728715,11.588333,1.134789,1.494650
12.890642,9.294127,4.442195,5.227569,1.004782,1.025982
11.156382,8.404818,3.155713,4.662956,1.001564,4.930061
14.737591,10.465134,3.601404,3.635995,1.341219,1.450422
58.523422,34.439167,106.285698,116.879135,15.290504,30.451241
30.712961,20.033520,23.860207,34.089554,4.971210,12.933272
7.979503,5.922057,2.543031,4.348932,0.370781,1.353456
13.503695,10.198203,4.081995,5.374599,0.419250,0.215576
7.149343,5.306300,2.877429,2.831415,0.760057,-0.359148
4.051587,3.372251,1.321537,0.912384,0.358589,1.161056
31.578358,22.314175,8.997230,15.627728,2.657171,3.690823
13.748803,8.103945,4.257306,6.043718,0.842976,1.600703
12.933605,9.167626,3.515532,7.950310,0.803669,0.211995
22.419447,9.091869,7.599800,8.443558,1.295769,5.361338
19.689981,10.501747,7.934486,11.369275,2.221899,6.331067
11.038584,8.156598,3.010638,2.965074,0.899168,2.255368
14.412365,10.195124,4.200613,5.525623,0.998913,1.802305
4.797410,3.202452,1.964716,1.910105,0.339150,1.078399
19.453556,13.771357,4.470212,6.975071,1.013171,0.501927
7.387693,5.306670,2.324720,2.144215,0.850071,0.900302
7.122555,5.323112,2.293681,3.834669,0.639177,-0.066644
7.002820,5.274848,2.514627,3.155190,0.946422,0.902240
25.008081,17.266872,10.097903,10.244746,1.643863,4.764236
29.499634,10.565961,11.506419,13.183640,1.685229,1.649316
26.079594,10.603459,11.103265,13.725389,1.568411,1.674335
21.242657,15.667733,5.454500,5.738410,1.431845,1.663978
17.642735,13.063092,5.077120,7.499017,1.119386,2.328751
9.180352,6.902807,2.784642,1.647844,0.621716,1.935068
68.992950,27.193323,67.806084,104.351181,15.844777,19.985994
26.337631,18.769264,5.614224,10.186001,1.229456,1.096071
14.963010,11.076119,4.540147,4.072544,0.515590,0.285669
11.956157,8.264010,3.381706,3.244066,0.707342,1.385267
9.602555,7.018072,2.971515,5.109382,1.015860,1.168280
35.599590,22.659534,52.557137,53.857811,8.220219,38.504017
13.478659,9.635586,5.480905,10.519941,1.899257,5.858928
15.963201,11.248913,6.144886,12.717609,1.681668,2.495392
124.513115,38.059624,241.007034,271.645508,35.334404,44.582043
65.142479,24.870726,28.835316,42.848846,4.737623,7.723086
4.495897,3.064607,1.857749,1.997464,0.880125,0.705944
15.043450,10.859000,4.425765,2.884567,0.487667,1.038807
13.161821,9.818455,6.433517,9.433175,1.475295,1.258647
6.422313,4.604360,2.346584,1.973180,0.855364,0.260617
51.366360,30.261854,47.439182,70.834213,14.569613,39.985115
13.537465,9.756987,3.779816,4.085877,0.614741,2.273625
15.194086,10.714361,4.438771,5.124180,0.675672,1.941513
26.703411,17.220068,17.999998,31.510021,5.122868,31.794912
8.280376,6.126493,2.981870,1.736657,0.147081,1.025503
7.621674,5.565863,2.287277,1.764503,-0.002684,1.673285
17.492823,12.341360,19.592085,23.674242,4.174233,19.219118
9.621387,7.304124,5.367332,4.454367,0.799716,1.688959
5.383299,3.604056,1.687451,2.249503,0.268990,0.183373
5.544888,4.262098,2.080859,3.007228,0.604801,0.425678
12.116262,8.643452,2.944589,1.759683,0.803315,1.510224
6.570207,4.593250,2.384502,5.093219,0.189146,0.606440
4.771060,3.723826,1.794409,1.067804,0.218780,0.755028
28.982012,18.071180,39.154465,57.098057,8.413371,20.582415
128.436737,37.025661,232.874863,316.285950,40.970318,113.208206
14.832730,10.920527,7.798813,13.990263,2.518465,2.901783
129.381165,49.360458,243.234680,254.038757,36.327927,158.069916
26.900127,16.792206,19.806997,35.652866,7.660369,22.882818
69.605141,30.812351,41.541142,46.762012,7.827847,15.133680
11.385813,8.066869,3.452048,4.571006,0.761083,2.660980
4.259243,3.374087,1.860111,1.741676,0.327650,0.509955
11.893394,8.673702,3.484830,4.530080,0.002098,0.544800
6.334967,4.557415,2.232688,4.364285,0.413607,1.284286
4.114117,3.105175,1.826931,1.666267,0.663230,-0.056934
15.173579,10.964037,8.451464,10.782484,1.492522,2.166442
15.442119,10.561652,30.907192,40.662056,4.507308,7.080313
18.878349,10.339220,7.061609,5.576477,0.383087,0.937722
10.181744,7.725905,5.225976,6.680938,0.889943,5.199565
4.276405,3.319871,1.643634,2.666688,0.508022,1.379213
5.502242,4.225794,2.052612,3.612973,0.421985,0.526767
11.010414,8.115031,3.297964,5.638792,0.680330,1.608721
14.460303,10.502399,4.498360,3.934212,0.758115,2.582078
4.920752,3.713261,1.821654,1.752322,0.335877,6.473166
5.758375,4.437609,2.136639,1.571989,0.370479,0.561750
19.886038,14.044663,6.116656,8.409274,0.981582,1.434453
5.178270,3.593982,2.670332,3.856668,0.502875,1.502764
11.312020,8.086065,3.895804,3.436749,0.570038,-0.614886
8.884273,6.304502,2.767043,3.607877,0.603436,0.104820
4.706738,3.585567,1.628735,1.815466,-0.033190,0.883495
32.431915,21.503584,9.209652,13.803867,1.238508,3.516331
33.785091,23.999666,10.350119,13.855354,1.447227,7.620108
14.709002,10.679370,9.880545,15.212036,1.907655,3.744806
15.171640,11.292921,4.778597,6.441930,1.733864,8.130280
5.845575,4.275451,2.640179,3.343018,0.243904,1.585615
12.106609,8.855371,3.999988,5.120153,0.501601,1.835403
39.356319,25.548384,26.123255,45.893253,6.109405,8.113911
11.527261,8.242754,2.616189,8.500556,2.128581,6.781776
12.827747,9.154379,5.636440,5.937589,1.915677,17.512415
6.332042,4.691327,2.624546,2.327934,0.557989,0.461516
40.431965,16.845303,27.815672,33.142475,4.935628,7.424183
14.789804,10.888079,4.264265,6.960645,1.575491,0.495816
19.293852,13.328183,8.359290,8.418306,0.999679,4.122084
6.064943,4.221443,1.746849,3.544920,0.649756,0.654130
17.981150,12.937555,5.097888,8.379367,1.190515,2.405985
14.312022,10.276992,14.468478,16.924458,3.251661,4.971251
6.327327,4.523705,2.232618,4.489289,0.293302,1.051040
110.418526,39.939045,43.311230,59.960762,7.429760,18.479069
52.165821,24.761240,26.447651,35.762402,4.589584,9.892448
16.764668,6.668926,13.374291,18.752892,2.646006,2.880967
34.823410,19.836897,12.680527,14.134038,2.947400,4.455434
28.381866,17.517588,34.841148,54.940857,7.835220,6.763196
14.374000,10.001629,6.225101,8.495714,2.260839,2.128268
14.794210,10.852856,5.712305,7.168694,1.507917,2.418023
12.940701,9.557414,5.456826,6.571406,1.525903,0.257294
22.854626,15.975432,6.373600,9.405802,1.681960,2.388431
4.661842,3.525702,1.509257,4.306532,0.103607,6.054491
13.987977,9.874459,8.541947,10.508754,1.893798,3.412199
13.182383,9.551104,10.305009,12.887947,2.320091,12.075247
5.344223,3.564700,3.357668,4.024688,0.546439,0.978690
14.069427,10.120953,4.088303,4.531030,0.874578,2.373459
8.652896,6.571524,2.623223,3.611720,0.733123,1.179538
12.913807,9.788611,3.567600,5.345153,0.634426,1.869038
18.158659,12.986962,4.407291,7.231556,1.427308,5.378263
16.238010,10.908128,25.397654,33.959507,5.330288,12.458364
11.104940,7.909506,3.244405,7.368802,1.020073,1.066608
27.835251,19.009539,29.433561,42.734646,6.683794,17.491688
21.015923,13.305161,19.364483,32.525257,4.604136,8.863189
58.330303,31.201357,65.578476,101.974495,11.866756,20.982286
21.483477,14.225673,13.873152,26.631474,3.067970,7.659397
41.281849,25.210201,22.349537,33.133286,4.611425,8.900091
13.758762,10.307619,3.406898,4.765242,0.649941,0.394192
11.911454,8.459230,7.843345,9.480622,1.721715,2.454374
60.566483,28.010185,96.226326,108.205833,15.656693,29.140003
3.921485,2.922987,1.677893,2.803645,0.762637,1.104717
21.156622,9.819020,5.774868,11.251661,1.349297,6.354292
35.631577,22.197878,23.558943,36.000572,5.911005,16.054182
13.569340,9.863516,3.125357,4.762381,0.676364,2.531935
16.658066,12.121858,4.418942,6.553208,0.451872,5.961028
5.532302,3.979695,2.188650,2.937602,0.225983,3.938849
16.923225,12.154440,4.411036,7.092939,0.765268,1.898267
24.219740,17.687460,5.737789,9.758175,0.825818,2.074247
8.939094,6.098490,2.669545,1.941439,0.219476,1.098460
11.334158,8.331361,3.622182,6.090356,0.597136,0.516494
3.704536,3.045372,1.637586,4.233797,0.413333,-0.537845
7.232367,5.370092,2.387284,4.355605,0.678501,0.388296
4.495185,3.313984,1.931400,1.662128,-0.003544,0.553431
13.661843,9.938638,3.968455,6.846762,1.319013,1.772120
5.610576,3.710439,2.056708,3.164543,0.419230,1.204757
5.287510,4.042949,1.934843,0.216996,0.399362,1.250494
4.048702,3.080756,1.695955,0.200366,0.159976,2.924135
6.821253,4.850760,2.283872,2.971589,0.256211,0.492842
32.476158,21.555418,14.900826,20.993601,2.940668,4.891696
15.038244,10.591933,11.623326,12.032349,1.415997,1.775493
22.059744,15.692469,5.878954,11.843713,1.881136,2.330971
5.479553,3.945245,1.788866,1.246475,0.130153,0.588409
11.852913,8.338246,3.490555,5.012602,0.432191,1.161637
10.392056,7.775760,3.408116,5.089642,0.735377,1.224627
9.088733,6.708514,3.365750,1.942976,0.093337,0.727299
4.760544,3.900490,1.934842,2.969402,0.428025,0.366757
8.014342,5.745916,3.769176,5.832840,0.690368,1.605627
13.216256,9.555173,3.244887,5.335758,0.883403,1.181921
8.912395,6.718375,3.257123,4.731588,1.115432,1.081957
6.406981,4.517970,1.668658,2.431392,0.325532,-0.284787
12.029798,8.892178,28.495413,32.447445,5.066983,5.781796
5.221006,3.575114,1.966170,3.157296,0.337891,0.342763
4.051286,3.220671,1.620929,2.816116,0.073930,0.961930
30.821156,21.516953,14.621843,18.652220,2.794297,2.918653
9.504581,7.244487,2.747561,5.622575,0.651543,1.335535
9.106580,6.718991,2.918759,3.286155,0.065261,-0.041131
15.562572,11.348609,5.049563,6.417951,0.775671,1.873727
5.374540,4.052494,1.614027,1.896751,0.124744,0.634345
11.120188,7.928039,3.970736,5.673256,0.421910,1.206625
14.336438,10.205487,4.208828,6.484585,1.434030,1.225826
17.309618,12.449478,4.210553,8.215143,0.725065,0.523956
12.713022,8.752357,4.368046,8.504671,0.796340,-0.777042
11.408389,8.063679,3.582973,4.978683,1.052362,0.971705
4.426104,3.344063,1.785367,1.863978,1.168425,0.462962
17.243418,12.049536,4.697278,7.963913,0.747343,1.722667
6.685135,4.864929,2.122882,2.353786,0.680028,1.171671
7.312159,5.067930,1.870080,2.782496,0.668610,1.301564
14.959005,10.299024,4.848580,6.928294,0.865079,0.753036
10.026920,7.423584,3.322609,3.777853,0.449373,1.617103
10.015189,6.768958,3.931839,5.595042,0.229654,1.434889
7.031641,5.151127,2.621512,3.758452,0.715645,1.963573
11.255001,7.903915,3.559529,6.728929,0.828004,-0.532129
14.497699,9.652399,12.986096,21.821161,2.574274,1.228271
8.150100,5.866693,2.775721,3.399266,0.237257,1.250652
4.221673,3.068416,1.793686,2.543792,-0.062345,1.079030
11.256870,7.959095,3.336085,4.039219,0.692089,0.150551
76.654114,31.579897,140.366989,176.565887,24.728472,38.560062
11.998269,8.731632,4.982709,1.993850,0.588883,1.370693
13.466530,9.724420,4.240757,6.674344,1.117893,2.016014
7.882213,5.993361,2.140106,2.946317,0.844798,0.684480
17.915098,12.683784,4.702579,9.472982,0.839232,2.156458
27.610067,19.290451,8.927652,9.679929,1.237561,3.539216
8.849508,6.544200,4.170142,3.097598,0.685833,3.006811
12.185224,8.744418,3.695992,7.246994,0.791681,0.671673
12.076994,9.025462,4.477550,3.453902,0.024949,2.434171
10.779862,8.186174,3.353444,4.667611,0.522539,0.802649
14.603382,10.407428,4.355820,9.352697,1.380738,1.891677
7.413000,5.441909,2.029984,1.821372,0.784004,1.917475
8.953165,6.293372,4.051747,8.257281,1.209674,1.366435
5.344886,3.879474,1.417901,2.248602,0.047249,0.268479
40.290653,25.736977,21.800478,30.656622,4.578073,9.747221
49.642464,18.107840,45.367664,48.832420,6.066654,16.520231
45.115673,17.297285,44.540417,52.615185,5.665239,13.367287
5.241343,3.660227,2.268761,1.274930,-0.001243,1.232818
34.146019,15.454662,12.531101,15.708714,1.621851,2.434590
9.877076,7.324369,3.464533,6.720912,1.011552,3.916830
10.709505,6.287872,6.330206,7.755320,0.769731,6.254316
9.739787,6.891376,3.500444,4.262775,0.233971,0.794417
5.472699,4.029066,1.971808,1.733965,0.171032,1.657590
18.465134,12.558035,5.617147,4.646283,0.480593,1.529883
6.254723,4.964602,2.209819,3.087666,0.616045,1.116772
14.421127,10.482870,4.808674,6.754136,0.185592,0.431589
5.901508,4.582750,2.298792,1.792226,0.261402,0.452016
9.864306,6.975349,3.392994,3.653886,0.567626,0.388396
25.612955,17.737566,7.264462,11.612597,1.753503,1.950912
11.055824,8.247463,3.465171,3.250220,0.221438,0.471291
6.932912,5.347031,2.469326,2.750712,0.495176,2.234899
16.478170,11.720557,10.033358,15.590254,1.964858,3.745218
40.582767,28.014282,23.320919,27.967941,4.660422,40.439144
3.978624,2.993649,1.701166,0.767415,0.826966,1.467238
55.998882,31.975246,52.075413,61.025105,8.474238,16.901501
9.180366,6.788845,2.920881,4.675045,1.012234,0.501664
6.394793,4.690398,2.243516,0.211759,0.469616,0.674591
5.437806,4.309080,1.814477,2.525957,-0.008832,0.757043
8.376051,6.252879,3.806371,4.294608,0.606637,0.653846
17.011467,12.287695,6.204468,6.017743,0.889050,1.448409
5.307607,4.037158,1.966061,1.438523,0.115256,-0.045688
11.764417,8.575774,3.215982,3.564103,0.617729,0.505032
11.085803,7.630503,3.579419,2.487486,0.979774,1.294258
12.802810,9.130675,3.496060,4.628139,0.812146,1.263111
11.425515,8.231521,3.775253,5.341250,0.561932,0.915477
7.683374,5.741875,4.020423,5.579029,1.259855,1.988390
13.738852,9.627460,4.358685,5.511804,0.411276,1.771326
4.979087,3.745265,1.908994,0.655801,0.672908,3.970628
45.723083,26.945690,32.052071,48.779980,5.421554,13.846251
73.131332,32.845093,64.652992,81.514603,10.497952,48.791428
28.027607,19.615040,10.278535,14.462349,2.153748,2.553031
31.569973,21.193480,12.249934,19.565756,2.832667,6.149966
18.657639,13.227510,4.366289,6.518660,0.822443,1.534294
9.589682,7.014180,3.073026,0.284927,0.555937,-0.033409
8.309545,6.245851,2.408644,5.186564,0.234433,-0.094358
14.106345,10.309359,4.062156,5.360503,0.653575,2.106806
4.596817,3.627323,1.609223,0.596592,0.237785,3.624345
12.211466,8.865710,3.549139,5.074903,0.458640,1.651065
17.085890,12.293178,4.130476,5.367709,1.157827,1.035632
10.243611,7.694477,3.098014,1.265157,0.320097,0.612631
11.181146,7.841977,3.660460,3.332156,0.080917,3.204028
10.916287,7.695031,4.313522,3.629575,1.012961,4.234723
29.468763,19.450390,25.784819,32.115540,4.924237,20.154951
11.876842,8.673358,3.896327,2.070359,0.232791,1.221520
17.760935,12.691296,11.444504,15.013014,2.260307,15.772372
10.341337,7.642436,3.684017,5.838788,1.141002,2.099145
6.040371,4.173994,2.378201,2.315188,0.260285,0.853306
9.089208,6.789533,3.224719,5.470629,0.812234,0.068015
10.399680,7.536875,3.585848,4.821784,0.962812,1.624169
16.484222,11.534410,4.080821,8.400814,1.068309,1.901537
7.596551,5.521491,6.960672,7.370963,0.695691,1.870650
5.963400,4.604694,2.484628,2.152814,0.176980,-0.183893
5.280362,3.876588,1.816128,-0.003376,0.043922,0.391473
17.245920,12.243705,5.842793,7.545363,0.652437,0.805392
11.922062,8.439313,3.623410,5.223769,0.567027,0.787376
6.615312,4.896862,2.596143,4.753664,0.395560,1.383088
5.378400,4.224905,2.012630,3.841610,0.022268,1.430431
6.189568,4.586189,2.867612,1.756652,0.396308,1.393400
18.228506,13.004583,6.030478,8.678000,1.055698,2.600462
30.879787,21.102886,26.538263,35.061211,5.089956,6.974302
15.790854,9.765370,6.554200,8.535146,1.652047,4.673619
29.292456,18.111237,60.283855,67.935638,9.586816,19.181805
47.950451,30.140821,35.573402,56.518848,10.096517,24.768986
14.909303,11.054774,4.244783,7.776988,1.205816,0.668413
4.791746,3.654304,1.901444,1.298032,0.140808,1.376392
25.110727,17.369066,7.491092,9.711636,1.404643,3.123855
57.018005,34.411888,29.445263,43.649376,5.361426,10.779777
24.971048,17.437424,31.692352,34.179993,5.268414,13.777429
4.987665,3.931567,2.141019,2.367707,0.110355,0.955912
41.772949,22.456703,13.132275,16.919304,2.749468,19.815630
90.776215,45.428684,83.732239,102.515717,13.329039,16.826157
18.138264,13.285195,5.062471,8.251007,1.177017,2.181942
13.828931,9.596525,4.142290,4.483387,0.248909,0.473694
6.724825,4.719547,2.468697,1.659938,0.202441,0.834218
6.496929,4.536886,2.442648,5.400784,0.284744,0.699698
10.464729,7.843950,4.150150,5.579648,1.019379,2.363604
10.378177,7.476865,3.208483,6.577603,1.290937,0.927342
6.727304,4.813423,2.236280,2.311877,0.754017,2.000275
76.965614,31.368685,34.274864,45.957611,6.783070,10.901033
64.003021,24.358130,43.676624,62.356232,8.951176,11.342877
44.080654,24.972342,28.528315,34.335911,4.352386,9.174835
31.630054,17.853882,24.804266,42.037537,4.764713,8.026607
32.346622,22.058222,32.669487,41.353584,6.001975,16.366095
158.975388,44.996372,516.246094,685.396729,89.969994,170.114182
177.983902,62.218964,174.943161,270.887115,41.160568,65.793434
41.033585,18.976093,22.982958,40.819225,4.961969,14.300035
165.379883,46.721909,350.216431,501.742554,79.499481,219.722595
105.950691,33.352798,76.939880,90.093765,14.167577,45.315491
99.064964,33.378090,75.130058,96.369637,13.002852,37.951874
50.956680,28.089500,63.332760,85.791061,11.549104,18.024012
157.791565,45.802868,198.977753,229.919724,33.108433,63.171959
67.545441,26.592836,41.587276,80.495201,8.968444,9.346550
11.186141,7.400617,4.295871,10.911522,1.358731,9.661744
20.589228,12.794760,17.988483,28.255301,4.401930,22.349367
118.278625,42.472355,180.961823,217.354828,32.545273,86.704575
127.003464,42.382198,191.791092,242.767960,36.213932,81.036453
47.898880,22.714149,66.581413,109.664551,15.081532,21.155890
80.800598,31.956528,91.171455,122.581696,36.731674,1687.020142
62.447140,29.783737,68.459061,108.931564,37.221508,1944.386719
25.584547,16.296038,13.952393,23.133940,5.981923,7.466092
71.669601,35.347752,76.743576,94.248535,12.527895,21.531399
77.883194,35.335129,87.208702,114.178795,14.264017,22.200546
8.934333,6.568209,2.300855,4.832235,0.859675,1.217872
11.370080,8.376091,3.470912,4.860514,1.334776,1.107503
9.732510,7.231764,3.346832,4.577810,0.352712,3.642471
10.282631,7.466906,3.462812,2.340558,0.446453,1.693226
32.771076,23.446583,16.463469,24.749840,2.125101,4.389003
24.875174,17.656160,10.465225,19.061152,2.849910,3.111682
26.131144,16.990023,35.188065,58.383846,6.276758,9.284330
37.892288,17.798862,17.944632,27.073118,3.885557,7.922055
57.553696,17.730640,37.414322,48.715439,7.508869,13.340174
73.983978,31.051378,57.940369,79.636848,11.324266,19.934355
67.166695,20.266466,49.669468,61.749695,9.132359,23.245630
44.584743,20.268435,41.068760,52.337330,7.526353,15.605629
48.807911,18.949898,52.785046,71.087456,10.233608,33.614845
42.214165,18.708654,61.408340,101.529266,13.218072,26.883852
130.373413,42.348747,160.879532,208.626526,30.735392,75.471275
19.712570,9.328435,10.516436,12.403793,1.743392,6.071497
26.261106,7.397233,11.450261,18.289036,1.949111,5.912153
25.441944,7.029709,18.606581,21.396454,4.048194,12.312789
35.252018,19.079226,53.710346,78.880997,10.890130,21.083416
7.159930,5.256824,2.101466,1.304987,0.609545,0.673137
7.225571,5.067888,2.348012,4.892856,-0.174787,0.934836
15.773419,11.498018,8.903007,8.771681,0.949223,3.918676
21.093969,15.423884,6.092987,6.954560,0.583596,2.410757
28.227545,18.951616,23.372292,28.169390,3.562001,6.578156
20.663879,14.869231,9.438277,7.339582,1.321059,5.558117
9.811078,7.008202,5.679205,4.912769,0.736614,1.876296
5.575938,3.979971,2.005732,1.455261,0.384955,1.498308
16.386251,11.619184,5.532709,6.094646,1.460414,1.856761
18.756649,13.712806,4.213845,6.192299,0.506830,1.911603
12.798995,9.258356,4.161380,4.772065,0.526403,0.758255
17.107195,11.934059,4.456957,4.761344,0.398472,1.005143
14.150185,10.332108,4.642496,5.823973,0.739436,2.030249
4.473475,3.464771,1.502462,0.264323,0.403633,0.084549
4.462249,3.125601,1.736069,5.588986,0.271552,1.717678
9.578269,7.114088,2.768171,3.098565,0.084149,0.151805
72.483322,36.826424,41.284008,48.866306,6.705651,12.762527
11.944402,8.594411,3.846458,3.656741,-0.168979,2.071828
6.302044,4.574590,2.054517,2.517287,0.462364,4.420575
8.778343,6.775367,2.099368,4.458593,0.037661,2.198859
69.142464,33.637363,20.565887,24.119675,3.323478,7.891584
37.125217,26.194876,13.320518,17.024973,1.891262,4.595361
9.207811,6.704441,3.091586,5.177922,0.342111,1.978863
47.803078,27.759924,30.442596,33.175579,4.753579,6.807305
44.381237,29.347075,16.592669,25.623007,3.345396,4.865597
9.117339,6.709069,2.923213,3.172502,0.401469,0.065019
5.596166,3.866735,2.032947,4.207372,0.129285,1.847604
5.592977,4.053103,1.714001,4.005545,0.291029,-0.387705
23.055923,16.795324,6.578573,8.038846,1.297579,3.178779
29.209965,15.810711,12.315657,16.834808,3.258392,28.485727
18.566597,13.555273,4.467152,6.698005,1.367347,1.910311
6.224150,4.367272,1.768113,2.863493,0.541754,0.117994
8.215157,5.898105,2.637864,0.180672,0.381654,0.785303
10.458177,7.761150,3.203164,4.715839,0.922514,2.071534
4.964450,3.926373,1.348047,2.635555,0.745655,7.728645
12.683704,9.106804,8.425799,14.173962,2.746475,2.555035
16.144228,11.606380,4.887284,4.276176,0.539276,1.416363
13.407512,9.625281,2.895206,6.412886,0.542602,1.170723
12.873334,9.585821,4.127861,5.566453,0.628982,3.347791
23.194160,16.320475,6.435222,12.782759,1.108770,3.552456
20.119406,14.208073,10.622905,10.475121,1.468008,3.984734
12.137223,8.661880,3.458767,5.330395,0.588443,5.946929
4.642390,3.356213,1.096119,1.765471,0.234007,1.278079
16.317980,11.727386,4.689017,5.240489,0.920959,1.672222
18.647995,12.053973,5.585822,7.950481,0.714649,2.548719
7.644506,5.624911,2.468683,1.909731,0.535833,1.429091
8.037656,6.120473,2.500639,2.869370,0.070485,1.107464
8.845807,6.258279,2.825663,3.778852,0.311662,2.192171
9.469900,6.781867,2.834900,4.176163,1.143747,2.103225
46.998169,23.473637,25.800547,36.639458,5.637846,14.827784
5.357702,4.065687,1.977318,2.992645,0.581993,0.787742
8.562135,6.034467,2.928879,4.026992,0.362604,2.012976
20.173180,13.766648,30.144096,28.123901,3.361726,4.814305
4.664308,3.349787,1.230403,0.867551,0.742682,0.707499
13.571689,9.839121,3.426273,6.194607,0.580310,2.111488
5.352668,3.870897,1.818542,1.159798,0.310658,0.044455
5.600436,4.282379,1.930955,2.410099,0.390890,0.972954
12.901263,9.394021,3.151679,5.257381,0.419124,1.945588
5.106527,3.501894,1.625240,2.887851,0.698017,3.395716
14.956364,10.863780,4.733763,6.001976,0.907916,3.732766
6.507319,4.707581,2.207011,1.722181,0.552838,0.397749
22.092300,12.962534,6.049898,6.243892,0.553072,1.213329
23.359558,16.592390,6.181746,6.605164,1.119410,1.770033
9.232393,4.759764,3.606164,4.672176,0.703264,0.747605
10.270500,5.216041,4.111838,4.857543,0.501404,0.114283
32.009167,22.215830,11.055826,9.756050,2.309695,24.723478
9.873181,6.850201,2.676266,4.057004,0.430582,0.956266
10.297703,7.347519,2.886685,6.284318,0.166011,1.730561
31.961184,14.404875,16.643368,20.427197,3.459974,4.239626
27.679817,12.466021,18.561911,23.267939,4.000276,4.652265
6.579567,4.669835,2.545433,2.287416,0.184299,1.174642
16.716606,12.251979,3.791685,4.475027,1.071895,2.484835
10.445144,5.098464,2.674192,0.953334,0.701839,5.352353
84.728951,40.971222,58.080025,64.003464,9.697070,40.424145
6.593928,4.695110,2.188711,4.613012,0.643210,-0.150220
4.304704,3.219946,1.949879,2.440388,0.200986,0.779690
40.105850,26.344849,20.706606,30.479774,3.780241,8.256795
41.923180,14.984636,9.311004,15.946218,2.200937,5.227312
63.025311,20.275496,20.431820,25.435219,4.914836,18.483900
52.144852,27.905218,34.832092,46.421547,7.284404,25.383598
10.961265,8.201918,3.105786,2.774279,0.876415,1.262926
7.578695,5.660546,2.150815,4.699982,0.690327,0.988531
25.712528,17.520632,11.738898,18.752502,2.596520,1.002295
21.929205,15.344677,13.150764,15.996302,2.450948,14.965767
12.022016,5.093639,3.599422,4.539353,0.315564,0.864136
13.548991,8.401236,4.240880,6.415518,0.094115,1.341538
13.815825,9.858241,4.024172,5.243763,1.056479,1.932737
9.948446,7.193151,2.914075,6.402412,0.452870,1.240787
7.445858,5.046261,2.011632,1.258413,0.168544,0.550776
15.092316,10.368403,4.273567,4.741386,0.707059,1.367532
5.584654,4.299978,1.665035,2.543703,0.243536,0.977291
5.271930,3.927660,1.945002,2.970888,0.435978,0.955478
47.161682,19.436651,36.304554,50.525948,6.252949,11.009148
44.798359,19.425951,36.984386,54.672771,6.490916,11.663071
8.391794,5.810350,2.638760,3.335215,0.693550,1.321459
4.663681,3.236940,2.756003,2.027578,0.286662,2.378224
9.411776,6.618575,3.132022,4.948653,0.811144,1.755818
56.827248,35.018108,31.852379,34.261791,5.071985,6.246270
4.427889,3.228413,1.599077,1.697186,0.165164,0.075654
9.032960,6.533251,2.584951,2.316076,0.558580,9.034057
9.694874,6.970211,3.849760,5.925095,0.950873,0.941289
10.700154,7.724865,2.987098,5.609622,0.445685,0.018024
13.973610,10.017058,4.007883,8.158419,0.741595,0.649725
13.238500,7.353185,3.361933,3.417675,1.242076,1.493879
21.116917,14.117904,5.676197,7.574151,1.098794,2.149307
9.020826,6.204632,2.868916,4.187616,0.291117,1.011800
10.028256,7.317423,3.630262,3.414181,0.339998,1.146357
10.073607,7.000612,3.743388,5.663306,0.721469,2.054876
9.242390,6.481043,5.644828,3.709069,0.817050,0.902097
29.613844,21.192005,11.321296,13.880529,2.298856,3.124373
16.776573,12.366860,3.466181,7.275756,0.525781,1.510302
29.070932,20.338121,8.002976,7.835098,1.221922,1.590032
42.350338,26.377426,26.399015,36.069260,4.515225,13.737109
20.396162,14.573222,9.437871,6.089250,1.679502,3.063150
13.381405,10.196191,3.638648,4.991786,-0.032569,0.160207
12.182401,8.361497,4.460806,15.402695,4.843304,11.018027
13.537698,9.789680,3.368613,3.421521,1.077362,0.103665
12.270074,6.568609,3.390764,6.169299,0.808055,1.802408
5.503814,4.015048,2.171704,3.681915,0.182507,0.193613
28.512457,20.845764,10.760563,10.470973,1.843766,2.273426
6.197303,4.118420,2.204879,3.230811,0.198895,1.422648
14.412244,10.597178,8.333469,9.707804,1.358190,5.398438
7.972648,5.883127,2.994629,7.486070,1.116249,3.143075
7.314017,5.143287,2.368979,1.579555,0.460445,0.477503
9.412830,6.810061,2.715173,4.616547,0.833155,0.893367
8.996209,6.526556,2.079309,4.401051,0.309258,0.028436
19.874855,14.004968,4.533163,6.051404,1.261997,1.924880
17.820202,12.757584,4.508596,6.289131,0.458298,5.362812
36.158016,23.973518,16.910019,21.465374,2.766416,5.967739
5.618960,4.184420,3.661546,5.018462,1.489230,5.875136
5.916436,4.392392,2.211605,0.300390,0.816050,1.099818
10.623749,7.318326,3.308959,3.233944,0.274804,0.718999
29.213123,20.246389,9.734931,13.197512,1.578627,15.277550
13.748504,7.748887,4.637115,6.473024,0.430030,11.598037
21.653284,15.497121,5.216741,8.574829,0.240267,2.039128
5.233181,3.724489,2.326880,1.459019,0.091216,1.614408
4.299524,3.325178,1.638442,4.512203,0.052836,-0.003904
93.853752,35.944454,41.155571,52.370777,8.654652,32.639126
52.550865,23.453432,42.056927,73.766388,8.726831,9.977673
5.903324,4.224137,2.078892,0.826748,0.335526,-0.288829
11.639521,8.314816,4.893418,8.313280,1.129620,1.543488
8.139464,6.074659,2.782956,4.029642,0.243025,0.730966
51.440056,27.937050,27.093616,36.339474,4.873948,9.494165
16.439167,10.955342,27.084311,23.868837,3.106421,13.169088
13.644056,9.791103,3.743454,7.553953,0.912370,1.729587
4.512275,3.034923,1.805188,1.837117,-0.157610,0.188876
26.029442,15.694894,39.613354,50.850277,5.390059,11.454158
6.298825,4.652887,2.785226,4.629995,0.180027,1.737967
83.968536,34.949917,190.569305,247.318619,30.898422,56.185379
12.425575,8.466520,4.136213,7.711681,0.725890,0.382636
11.889410,8.819130,3.390054,4.941540,0.319118,0.289569
11.174067,8.063894,4.967200,6.777013,1.334760,1.787398
9.441819,6.662072,2.565968,3.229032,0.628566,3.084693
40.317204,26.468678,21.371311,24.646763,3.198647,5.688141
27.406130,18.988279,7.245814,9.567492,0.647767,3.232874
23.839905,16.392021,17.784576,21.121340,2.538800,3.969289
4.855094,3.406111,1.792372,0.706493,0.051738,-0.374298
41.822285,24.906424,18.299116,25.453705,2.570617,8.986305
19.975994,8.057381,7.489780,13.996541,0.717478,1.412517
18.329733,10.634005,5.778233,7.739225,0.588086,3.721364
5.002499,3.839020,1.703627,0.910975,0.476291,0.548012
32.799641,20.887360,32.458763,40.384624,5.354339,25.890776
9.231855,6.905771,2.525302,3.338953,0.559165,0.701348
50.247837,25.417295,50.262096,62.204868,9.729525,23.767853
11.010096,8.127642,3.277359,4.475523,0.308303,0.256333
34.187630,15.647780,12.623360,14.152815,1.467172,3.040719
5.935344,4.391784,1.796974,4.012895,0.930717,1.254333
18.172071,13.316221,4.472942,6.138523,0.496872,0.684797
34.132862,15.251064,29.927471,36.446594,6.462524,24.232643
31.550459,15.164766,29.571630,38.461437,6.584054,21.734045
6.404207,4.771832,2.677727,2.613937,-0.049235,2.853728
27.898836,19.261047,17.108789,27.168938,2.465476,5.309927
70.548615,28.545498,40.617924,50.262192,8.596704,56.355080
35.578274,15.134122,32.337246,34.047943,6.234088,26.652510
8.502027,4.695056,2.972287,4.415009,0.491312,0.791305
8.059410,3.752602,3.450934,6.205683,1.028794,1.497810
15.376171,10.994426,4.680705,7.233054,0.641426,1.668413
7.571851,5.345848,2.370473,4.006333,0.491181,0.336822
7.779547,5.715273,2.092852,5.989144,0.967125,-0.586811
11.925822,8.831039,3.844801,5.891983,1.207366,1.030898
7.658174,5.273036,2.330680,4.382347,0.463213,0.602155
10.654943,6.193354,2.658952,6.399982,0.687613,1.228687
30.864100,14.637812,10.177901,15.668674,2.230708,3.283734
5.609304,3.927191,2.577171,2.469470,0.194371,1.149161
32.533344,22.201801,7.164940,14.872515,1.629653,1.970754
8.162586,5.806654,3.142356,4.431224,0.812084,0.502067
30.352610,20.413301,12.978815,21.300587,2.951853,6.402865
75.558456,44.358288,51.527668,84.107437,10.915161,13.889524
79.861801,31.489626,75.075500,88.825447,13.853115,41.108719
15.000413,10.844096,4.121693,11.214896,1.527576,1.219724
26.987804,17.848091,15.913639,23.473846,3.447049,5.467360
85.361313,35.987572,148.341187,212.164001,26.002539,45.200165
36.894016,25.867641,18.880352,27.157845,4.381590,8.451188
88.971817,33.388149,70.949265,99.179184,14.798974,22.491817
90.117180,33.251774,69.903740,106.838501,14.117135,18.927267
38.352226,19.580343,34.125488,47.945419,6.529356,12.132977
102.706276,28.716797,69.712013,99.025513,16.163431,58.672726
89.552719,29.915771,66.991226,98.023064,15.111670,58.242538
87.240059,29.145058,157.730347,262.546661,37.792953,86.803719
146.645859,45.737427,134.478897,197.152054,31.045891,120.012535
164.936752,56.740219,198.362305,238.844681,32.928284,83.367973
43.923790,17.799856,26.166435,44.917454,6.917696,8.719853
21.651037,14.589383,18.597404,36.854286,5.672125,8.715493
52.190098,22.995106,44.166328,64.700508,8.925260,17.431170
26.508690,17.453150,7.049093,19.635056,2.222511,6.504009
80.671371,42.319855,164.611450,215.252136,29.467480,56.940067
23.411789,15.987287,14.980689,28.890055,3.207397,5.626274
37.597530,16.995182,25.552847,39.704197,5.920563,8.729301
66.024300,35.997990,57.131622,87.257240,11.620324,23.170738
169.669418,58.770824,255.378662,329.982056,51.606480,129.983810
179.228043,45.704411,227.505341,292.207947,40.477314,117.701653
113.912964,33.579308,120.262970,136.533478,19.902403,66.126190
107.652031,32.487804,155.684769,220.622101,42.900070,139.655975
208.783295,56.340168,474.627289,674.242004,91.747070,158.062622
166.842560,44.868980,313.485718,479.823334,63.173264,142.207108
147.721954,37.158337,172.827759,233.543930,33.318878,79.900360
194.865967,68.641747,250.064636,291.285034,42.792789,109.035614
171.002304,57.113266,242.858475,287.320709,42.487488,104.558800
90.810448,25.690557,116.636719,162.227203,23.470636,47.531532
14.404394,10.565441,4.796487,4.796863,0.655368,2.918999
59.198582,33.185818,41.933491,58.597134,7.591543,18.362772
6.778012,5.039818,3.237006,3.939422,0.958350,0.566421
9.431396,7.111146,2.758897,1.871049,0.295884,0.560624
16.053337,11.142754,4.022046,5.295789,1.271699,1.990387
13.931961,10.178493,3.551275,4.201692,0.571063,1.427178
11.202058,7.940642,3.384068,4.258194,0.238327,2.162932
7.463211,5.291151,1.982076,3.930170,0.237288,0.993493
6.963251,4.856899,2.073177,2.418642,0.611586,1.967412
13.855661,9.726143,4.157932,6.434954,0.818512,1.033148
6.580036,4.876775,1.743062,3.622495,0.277084,1.389672
5.869632,4.328907,2.153598,3.513168,0.603037,2.538122
19.790596,14.190954,6.254764,4.852181,1.061981,2.630156
12.265369,8.637771,3.194898,3.834984,0.708875,1.615815
12.350631,8.833865,3.789897,1.074249,0.551683,1.565937
17.406059,12.786151,6.640721,7.218051,0.968679,3.441387
10.316579,7.298032,3.296149,4.957451,0.653019,0.897455
19.933096,14.298486,5.723660,6.560440,0.686612,2.462937
8.246583,5.924635,2.391996,2.637827,1.868436,2.436056
19.118013,13.934760,5.108277,7.254966,0.608846,1.385337
29.897394,21.209103,8.921720,4.718487,1.671222,18.771141
16.086203,11.695208,6.511746,6.695945,1.058134,5.717085
6.690204,4.840691,2.074154,3.230426,0.302913,1.970455
23.086508,16.166203,11.500652,15.643366,2.267687,2.757755
8.839435,6.788802,5.321689,9.224131,1.374055,1.319364
16.556395,11.183301,6.190723,9.149491,1.677304,2.422414
40.485443,23.382521,23.599482,34.381634,6.623286,56.085781
6.150536,4.589789,2.152757,4.552659,0.331830,1.380824
25.228056,16.669937,27.247856,44.030388,14.348153,44.441097
6.274989,4.460716,2.391674,3.758571,0.158289,0.829044
6.901373,4.677698,2.120016,3.397865,0.854916,1.266932
4.267289,3.402711,1.412856,1.673694,0.082925,0.212514
14.156928,10.312827,3.680321,4.046722,0.223953,0.015231
15.870524,11.493073,4.754653,5.275379,1.223640,1.576187
8.961448,6.377764,3.415481,3.838708,1.182106,2.098861
64.165871,30.002077,87.505051,123.357590,16.149544,20.093674
36.727665,19.422031,61.790741,81.740761,8.987851,12.330029
88.738998,48.485672,124.063950,149.334671,20.857977,28.465090
17.586546,10.953882,9.730060,15.585769,2.050700,3.381321
31.625275,20.993029,26.303249,44.213802,8.395940,21.419621
53.224548,29.302334,43.399311,60.734341,9.142220,33.303005
40.197750,20.185356,38.007835,53.792023,8.079464,18.073597
55.928040,20.692514,57.572380,62.802769,13.248537,24.958752
66.316826,32.624767,147.253113,197.531403,29.077673,47.763405
53.995518,20.241304,40.110233,66.322388,10.789332,38.727623
73.296921,29.259264,46.738255,70.974052,11.455610,22.019865
76.459320,25.550083,63.568810,101.119202,13.396896,15.296829
74.023987,24.799574,74.218643,104.377945,13.536604,17.937363
45.415588,16.539673,58.032726,93.868050,11.638264,15.022114
14.762403,9.377383,8.479398,18.236269,2.581128,8.530708
30.868654,16.582594,24.595449,43.297211,5.576144,12.713572
51.266613,18.233747,41.847363,69.916931,8.668075,13.075468
41.533699,20.466940,12.141450,22.001284,3.593627,11.304848
40.573040,20.520863,12.338190,21.394905,3.256799,11.752241
91.890625,43.117538,110.083549,148.588089,19.417139,48.232422
80.772995,43.137295,53.585278,89.420067,11.659029,27.355040
20.342625,14.417677,5.790641,14.352893,2.255628,1.038908
18.937141,11.809300,23.889242,41.793957,5.084734,7.797500
24.800644,17.372643,12.416373,24.096289,2.177057,5.028230
140.211426,55.239010,146.959839,166.558701,25.241629,87.598282
144.039047,37.978821,174.845367,211.386139,30.457365,106.551559
155.481873,43.093102,174.795349,215.913696,32.392349,100.417747
151.717300,43.175903,145.842346,200.131149,27.764542,51.034595
73.906853,28.434330,90.734634,118.421745,15.659114,28.386164
16.944994,10.208189,6.586330,20.106726,3.384762,1.889825
41.324051,17.096281,46.279728,58.718708,8.731084,19.908213
87.365952,38.876247,99.621208,130.027924,19.150410,48.904270
30.314852,20.022152,17.598043,33.859257,4.921892,7.527798
27.172272,17.787540,38.935833,67.035164,8.932240,13.121678
41.531918,25.038792,34.793530,55.959110,8.629803,19.800068
18.235554,12.406563,5.928010,10.094069,1.858048,1.964411
7.452804,5.284075,2.063390,6.285975,1.697724,1.634562
72.633392,37.399132,77.085846,98.632202,12.357811,18.386192
29.970629,12.748026,18.152071,24.724741,4.436384,13.267119
29.534458,12.800499,19.272745,27.529377,5.273650,14.007317
102.658249,33.431675,143.198425,187.892761,24.373968,50.182133
69.781784,27.116735,51.142380,88.272888,12.511821,14.244154
17.888990,12.501014,3.638335,7.897430,0.844041,2.494722
12.689795,4.523484,4.570145,7.114401,1.244969,3.033314
98.381546,33.458469,60.447311,86.396835,10.654233,15.736732
29.035204,13.399386,9.287842,20.004490,2.075022,3.890139
23.692329,16.049192,8.701539,13.055875,1.363263,2.865669
6.106956,4.308051,1.991897,3.834071,0.614157,0.883763
8.778761,6.344010,2.815058,4.714436,0.456928,1.839810
7.058787,4.951527,2.954368,4.192641,0.143960,-0.393745
8.989560,6.462017,3.330941,6.542519,0.570733,0.721927
15.475375,11.132756,3.743374,6.108837,0.545532,1.276153
26.308275,18.664392,9.142753,11.225504,1.321099,2.383940
9.257442,6.445343,5.230374,6.193554,0.626178,2.490415
14.213117,10.218525,4.276516,3.597280,0.468031,1.585965
6.298135,4.539601,3.143548,2.262826,0.463053,1.852132
10.178147,4.679127,3.149042,3.191010,-0.069074,0.771605
11.482855,7.183551,3.256301,7.194947,0.235286,1.777573
5.521903,4.243022,2.234392,2.891109,-0.027398,-0.375531
8.606355,5.932759,2.520515,5.900292,1.676666,7.315084
16.209135,7.651731,4.654379,6.447314,0.771634,1.288417
26.459982,17.564215,8.464891,9.187139,1.329779,4.402523
10.025760,7.717756,2.752726,4.019624,0.251319,0.010616
16.916157,11.778400,4.818094,4.780495,0.413531,0.652370
13.949471,10.114792,3.478048,4.487257,0.511730,3.079398
30.704607,16.776045,20.586203,25.118891,3.293292,6.616052
11.450068,8.678558,3.247415,5.229614,0.517433,2.071123
16.255943,11.781363,4.597741,7.290267,1.186880,2.268574
26.423580,18.493717,7.006965,9.946556,1.712608,1.755138
16.475437,12.120573,9.846755,9.174133,1.389705,2.309710
13.948152,10.551513,5.736744,6.385904,0.976510,4.242067
6.933783,4.868394,4.033754,3.471243,1.082702,2.302580
26.804703,19.072289,8.452423,12.600859,1.784482,2.302492
4.945685,3.628725,1.640300,3.311918,-0.134759,-0.097944
4.714456,3.095887,2.209044,0.531234,0.053819,0.391936
10.932834,7.290715,3.731316,5.935259,0.723023,1.531573
9.280800,6.144712,2.463809,3.042871,0.406226,0.579519
35.222439,23.638268,30.285728,37.616707,5.731571,20.530113
7.915041,5.972472,2.457317,2.636463,1.039967,3.000393
44.407520,28.345562,12.397466,21.453226,5.073840,18.879641
5.825025,4.079218,1.929022,2.750627,0.963069,0.984120
37.028557,23.428158,30.942877,45.256153,6.110327,7.641043
32.618103,21.801844,34.677990,55.250984,6.782425,14.543800
11.889642,8.568552,3.511523,3.736861,0.801044,2.679364
9.087873,6.663969,3.938993,5.258586,0.382970,0.496647
5.692886,4.115240,2.155066,2.801587,0.124696,1.875996
5.445091,4.322921,1.861465,2.647060,0.815102,1.427349
18.591951,13.190938,7.685788,11.787978,1.542586,2.066619
8.532907,6.050948,2.673965,5.369841,0.644216,2.511490
31.603121,21.592127,10.879077,16.109486,1.719448,2.548942
23.147692,16.336163,5.666270,8.989323,1.342764,2.512315
11.600707,7.870207,2.902381,3.740157,0.481047,1.211079
7.638138,5.386267,2.006452,1.478111,0.243203,0.719450
11.074134,7.703384,2.727931,5.063139,0.251677,1.671902
13.551228,9.884677,4.834900,4.913570,0.807018,2.815521
9.094011,6.195727,5.679698,9.803229,0.977839,2.550237
13.699305,10.319634,3.914108,3.283373,0.854854,3.857090
27.224203,18.930157,10.372470,10.379743,1.929895,15.223722
19.993046,9.685895,6.681672,5.337883,1.059772,3.160334
19.244146,9.611988,6.685116,5.440811,1.010411,2.224082
15.629839,11.130406,7.081211,10.262048,1.639786,13.992841
6.047284,4.501842,2.115877,4.419331,0.532402,0.049619
24.949432,17.041430,14.456820,14.661029,3.816063,12.648338
18.868181,13.739982,5.038558,9.615084,0.672519,4.359981
6.330999,4.685918,2.518986,5.647914,0.302695,0.549376
5.008239,3.547855,1.736636,1.023430,0.668922,0.280344
8.162921,5.812972,2.457633,3.805451,0.639596,0.402780
52.084270,34.943756,12.620201,19.627733,3.608788,22.297953
8.559618,6.385501,2.744753,3.215938,0.545547,1.206460
7.705990,5.459057,2.025935,3.028206,0.453911,0.210239
11.528473,8.211799,3.327625,4.984066,0.708954,1.035139
35.092030,21.916437,23.946350,35.724087,3.736758,21.005032
10.748486,7.797694,3.091842,4.828681,0.438521,1.237705
17.462296,12.609943,5.609447,6.927037,1.302805,-0.140675
30.836649,12.050316,7.957147,9.453533,1.550822,11.279394
38.995613,23.973810,12.892492,15.310440,2.997739,24.459669
7.236546,5.083551,2.951860,4.036327,0.721404,1.266204
23.368090,14.905657,35.025833,46.390045,8.588143,53.901115
10.420030,7.257316,3.218867,4.220835,0.174976,0.993696
17.622908,12.805848,4.190898,7.179737,0.292904,0.609414
4.564948,3.376837,1.773410,1.679766,0.154167,1.216239
10.054251,7.236258,4.417661,4.981229,0.726071,0.722436
16.441254,11.586818,4.837986,5.822931,0.921159,1.869553
51.992706,25.490360,18.147846,37.206356,8.143377,52.650791
48.783691,20.606985,66.605957,62.249176,10.483325,51.198803
68.556656,20.650257,104.705429,126.204224,17.928244,53.853184
54.363400,20.192581,82.352203,116.485367,14.558704,37.509197
12.776914,8.988799,3.596690,5.453844,0.560993,0.989414
20.228437,13.397881,4.906606,8.576844,0.761855,2.284007
7.165071,3.682909,2.440958,5.451982,0.595250,0.101739
14.662514,10.700361,4.787564,6.477164,0.359005,0.451338
10.011025,7.291523,3.591987,5.028886,0.265389,1.076540
7.610755,5.456112,2.458992,3.891864,-0.116165,1.531368
14.327831,10.264927,4.737566,4.211629,0.734868,2.078481
6.055943,4.529150,1.921726,2.384460,0.333781,-0.076969
7.840842,5.394771,2.422815,3.271516,0.541785,1.235669
17.371548,12.276873,4.889798,7.576509,1.427333,1.258849
4.511401,3.013937,1.842202,1.401968,-0.159702,0.692539
6.353694,4.400235,2.333498,1.421219,0.184546,-0.396824
6.622960,4.706276,2.420178,0.979735,-0.148115,1.862944
7.765154,5.690239,2.850172,3.984565,0.181548,4.405399
69.497688,29.778292,59.307819,57.090801,8.534641,16.896620
4.793621,3.269951,1.677582,2.742204,-0.017129,1.167180
14.832299,10.529300,4.299086,4.020518,0.605553,2.043387
7.891790,5.984069,2.913050,3.762026,0.132886,1.730384
12.394152,9.129730,3.442277,5.313983,0.582179,0.086735
15.552113,10.973044,4.221547,4.150869,0.205941,0.181178
10.234370,6.995308,3.248137,4.582850,0.412680,1.569978
12.646166,9.486083,4.096529,5.295562,1.155003,0.814659
14.197411,10.219583,4.637237,5.277006,0.865467,3.325113
20.571724,14.345309,4.375912,6.110025,1.272742,0.963106
31.358555,20.256392,12.199615,12.578754,2.188663,6.164669
41.686028,26.201767,31.198887,31.468079,4.380260,5.257962
46.967022,26.796391,33.251949,41.230438,4.916024,12.145665
15.007392,10.252405,13.435374,21.503508,3.850368,8.542360
60.572845,39.107021,57.391518,80.136383,10.178529,12.665631
18.276199,13.212201,7.013148,7.755204,0.909455,1.807748
15.736877,11.401343,4.479599,6.236454,0.947947,2.476682
7.838517,5.987630,5.907356,7.086187,1.452325,0.917464
15.708132,11.087442,4.595622,4.298645,0.531082,1.735605
22.835539,15.364097,5.220333,6.213156,1.196930,3.922539
10.104192,6.458748,2.790988,3.732160,1.300841,8.380544
13.779738,9.717949,3.692118,3.568232,0.017635,1.382575
11.875355,8.907081,3.953753,3.853970,0.379254,1.100399
20.316774,13.985223,5.360566,4.068411,1.226298,17.511562
13.023816,9.821013,3.628728,5.473177,0.433653,2.024723
22.115210,15.384475,6.624570,10.035832,1.130217,5.375167
5.624393,3.799085,1.944227,0.469946,-0.054211,1.054883
26.801001,18.894125,11.030116,9.726197,1.451232,6.754678
18.911360,12.898853,15.100425,20.705099,2.583353,3.096207
12.601078,9.458574,4.120407,3.464262,0.623147,1.040474
13.430434,9.589138,9.311532,13.568395,2.334909,3.449072
11.506943,8.172475,3.403254,4.827591,0.756152,0.824111
16.713696,11.632238,7.711414,10.449102,0.609793,3.027699
7.606854,5.672990,2.280680,1.329106,0.571705,1.765388
33.778347,22.262087,15.378603,20.542801,3.287548,7.509510
9.749650,7.171385,2.789876,4.001078,1.463142,2.793719
21.985832,8.585608,7.773198,7.971203,1.050111,4.726797
29.425900,13.414060,15.170558,19.679935,2.763721,7.254601
21.935591,13.427195,12.577245,15.392789,2.555998,6.679364
14.145858,9.952606,3.912173,5.658880,1.023483,0.823131
8.750931,6.427268,2.160099,3.702019,0.630088,0.940442
7.073594,5.238492,3.227521,3.726950,0.446705,0.851863
5.232528,3.847090,2.819415,4.667751,0.595387,-0.053336
10.915726,7.600771,3.421468,3.291932,0.459862,0.769871
14.171138,10.080517,3.936921,2.224733,0.991984,1.679650
21.053711,12.823712,5.676316,4.935084,1.087148,2.081938
13.752789,7.855613,3.984359,3.732623,1.051608,1.143610
12.816527,8.550492,3.652014,3.926695,0.850456,1.892032
35.163906,13.275144,13.479042,13.836985,2.460364,12.369519
44.020508,20.430708,29.873064,35.380424,6.483339,21.434143
6.579246,4.512838,1.944962,5.130368,0.524369,0.765918
10.805951,8.016661,4.426660,6.509562,0.786445,-0.031571
6.311186,4.688303,1.841161,1.910465,0.158451,0.096268
5.172060,3.864731,2.074740,0.454399,0.491881,2.105906
4.273191,3.196857,1.738133,1.935188,0.190720,0.873444
11.185660,8.316342,3.816620,2.534336,1.070296,0.545073
12.171206,8.604889,2.976995,5.106668,1.648701,2.254647
9.265319,6.758225,3.142030,2.534415,0.913066,0.644512
7.536491,5.023438,3.397916,7.124987,0.769711,1.994260
15.560236,11.545238,4.056334,6.806472,0.550992,0.196067
15.712758,11.287417,4.771744,7.094637,0.543364,1.223487
4.448947,3.801883,1.657362,1.481154,0.459654,1.588410
14.005619,9.932046,10.998917,14.652514,1.906125,13.496342
11.905190,5.413979,3.824050,5.864863,0.415738,2.437290
35.875690,21.892044,33.312286,40.161243,6.717440,14.865965
21.525000,15.204497,5.906168,6.236863,0.796789,3.211656
15.033273,10.720082,4.712350,4.038531,0.748402,0.792946
5.711287,4.006231,2.152395,0.121214,0.236310,-0.364496
10.812325,7.459260,2.642594,3.635006,0.722165,2.160822
18.312681,13.078019,5.091393,5.117167,0.916728,1.922744
4.302222,3.176015,1.563743,1.029852,1.151830,0.424418
10.850418,4.896389,9.208297,9.653483,1.445545,1.706349
11.257545,6.495820,12.793789,17.470356,2.479665,2.621459
7.741741,5.319698,3.946660,6.522101,1.321746,3.919587
23.001646,15.118077,15.714704,17.526146,1.693614,3.452918
28.739393,19.658903,12.705336,15.025812,2.263930,1.843531
25.004900,17.870810,6.880320,7.551688,1.280780,1.435921
18.659607,13.158425,14.745816,16.747635,1.995911,3.509632
10.375459,7.103333,13.317612,31.222540,4.508119,6.110079
7.650472,5.428465,2.918606,3.731938,0.821941,1.122382
20.679546,14.335344,6.139065,5.428817,0.747582,0.500275
16.936329,12.238287,3.799354,3.269168,0.982903,1.357060
51.740540,23.948433,25.332697,38.079849,4.205319,2.841030
51.844803,24.010399,25.659315,40.379387,4.409791,2.874421
15.100175,10.306801,7.300372,9.802568,1.518193,1.639128
10.606653,7.737283,2.883965,4.448866,1.062823,1.196303
13.566510,9.498127,4.217688,5.602389,0.657540,3.511062
20.618607,14.549607,8.530111,8.895844,1.528703,0.652044
14.443508,10.807335,3.991543,8.735465,0.894079,1.312136
8.950373,6.513613,2.969308,3.611185,0.624166,3.461957
13.082783,9.376130,3.549220,2.880857,1.134371,0.905132
13.952736,10.512322,4.182942,3.815809,0.760426,0.394567
25.902288,17.619280,6.717551,11.667441,1.303958,3.714155
18.798866,13.136168,4.663033,5.000355,1.079628,1.013768
4.439569,3.180038,2.106960,2.692731,0.404994,-0.101455
14.464770,10.762663,4.251050,5.390516,0.283954,1.372162
12.107225,8.792873,4.395582,8.217154,0.762094,4.354810
5.132477,4.286528,1.924000,1.634613,0.597766,2.370980
8.703731,6.248758,3.474814,4.670929,0.572666,0.440208
18.725843,12.909671,5.001832,5.508897,1.423623,0.577208
11.564685,8.186363,3.089168,3.944707,0.580501,1.119848
19.297588,13.446746,8.840511,12.106153,1.210480,1.617710
22.797592,16.060860,6.176335,7.623561,0.969678,1.480733
31.113605,20.059711,19.257145,21.326101,3.569870,11.799944
6.943534,5.194080,2.247217,1.554211,0.465672,0.146291
6.407925,4.271020,2.234444,1.641799,0.084535,0.455870
55.668304,37.548855,16.871675,16.669580,1.930506,2.527428
26.773296,16.031616,7.326376,10.060926,1.815940,2.116468
9.856743,7.100733,3.356316,3.943407,0.281448,0.256451
6.689408,4.559504,2.003305,2.077271,0.535679,-0.489729
8.760124,6.626983,3.585511,2.367077,0.536643,0.820610
15.996505,11.283169,4.548833,10.545763,0.932640,1.926209
34.394707,22.024343,12.797010,15.944846,2.949119,18.392876
6.578237,5.145313,1.519951,1.582126,1.037397,6.102437
18.961660,13.506517,5.112875,7.002346,1.409906,3.419523
18.540316,9.456978,7.190506,10.207222,1.173790,5.172295
6.802962,4.827191,2.197812,1.250428,0.133034,0.401992
14.914748,11.135475,4.095937,5.091511,0.448139,1.231182
47.848816,17.249706,63.603291,96.124237,13.433113,30.466450
28.545460,9.098821,17.637001,35.858841,4.488509,8.575565
21.022959,8.996074,5.363854,10.182176,1.987960,2.991898
23.645775,16.286980,10.387729,10.558404,1.844963,8.004718
10.007623,7.075203,2.921463,3.122213,0.807950,0.791343
5.440576,3.946312,1.851849,1.437198,0.585721,0.880651
4.932091,3.541338,1.844905,1.464906,-0.162562,0.769309
9.820329,7.167628,3.543825,2.550329,-0.003073,2.207746
35.946903,22.482872,52.173168,74.715782,17.460741,78.795624
24.254948,17.413067,7.638076,13.313250,1.592242,1.899420
6.426543,4.347465,2.673645,-1.113733,-0.039306,-0.295699
9.916831,7.191436,4.405322,3.630578,0.526091,5.100007
9.733232,6.793492,3.367606,4.178656,0.294780,1.720337
9.110296,6.645570,2.649044,5.194716,0.441085,0.562481
31.044451,15.835320,8.506796,12.817872,1.714653,1.612521
9.715555,7.168741,3.503208,4.355241,0.520169,1.991686
44.913212,26.118376,49.720558,57.524105,6.861207,14.472621
12.458078,9.191675,3.843095,4.760293,0.391569,0.914210
13.641035,10.023360,4.442784,4.798271,0.645774,2.220157
22.586834,15.683154,11.126284,16.384285,1.587433,5.365447
5.768772,4.300255,2.804942,3.825646,0.044012,1.354620
7.229112,4.937825,2.127154,3.418888,-0.066716,1.024019
7.764029,5.952315,2.425082,3.035725,0.411371,1.567315
8.113259,5.730568,2.335046,2.154741,0.078275,0.459742
7.683506,5.758055,2.046402,1.703263,0.638692,0.519664
16.383522,12.195954,11.221996,12.382723,1.979003,3.718619
8.395371,6.192124,3.183944,2.266098,0.378311,1.160267
14.225162,10.162567,4.430251,10.445932,0.773375,2.195565
11.291193,8.334756,3.792925,1.386368,0.611301,1.030905
18.456280,12.891565,8.006155,8.715790,1.060416,2.354225
6.436083,4.890093,2.798128,1.795487,0.208248,0.328716
21.706993,15.001844,8.183744,10.487433,1.461238,7.553729
6.694746,4.962298,2.370767,1.432797,-0.082572,1.232626
4.748462,3.505942,2.034896,0.638946,0.016694,0.788743
27.390484,17.483309,12.207431,15.199871,2.426257,2.356964
7.926585,5.702885,2.664469,3.207388,0.327097,1.341074
13.813890,9.978002,5.124300,4.196625,1.037996,1.187206
15.019835,11.173923,3.785362,4.284523,-0.011553,0.982900
11.812082,8.438093,6.815434,9.554177,1.291960,2.247332
16.588545,11.730378,6.839581,9.606202,1.354635,10.295731
19.719448,13.456188,8.773204,10.101274,0.965505,3.900363
36.040348,22.778080,11.609515,15.442170,1.974469,4.754643
17.106741,11.936209,4.514713,6.618609,0.501572,1.727586
6.803372,4.350567,2.258545,3.068177,0.310018,0.954243
14.731021,10.380453,4.627156,5.428518,0.895978,0.999047
4.571339,3.449247,1.740034,2.696498,-0.038332,0.897416
18.309397,12.784225,7.570308,10.428011,2.007311,2.021014
30.572550,19.443352,17.654900,24.031471,2.910725,8.494873
6.342791,4.469848,2.065772,4.825932,0.430869,1.336502
8.156803,5.829344,2.617816,2.176414,0.144596,1.358849
11.334488,8.142701,3.176482,4.966666,0.660014,1.272572
19.946636,14.437436,12.999635,22.827681,6.600443,17.857626
9.278297,6.950131,2.356817,2.796452,0.788542,4.223479
29.386724,19.768661,50.611008,53.137226,6.772329,18.382797
23.672735,15.311982,28.206022,39.259197,5.452027,14.443819
8.750688,6.492507,2.422166,3.512868,0.381353,1.156532
21.351089,15.356400,7.386847,12.445787,1.935277,2.109265
65.346352,32.014046,31.651169,46.030739,5.968077,9.606314
42.180889,18.222635,23.071323,35.645660,4.808255,10.062317
44.944305,23.156155,26.805531,36.242912,7.214092,12.091842
48.977219,30.123217,75.733559,91.748993,11.057490,16.633070
36.576099,23.297922,31.885683,54.029552,5.967775,8.864337
72.297318,42.416599,124.338547,143.540146,20.605524,50.271961
46.089409,23.284899,45.131252,72.282509,11.647900,27.714811
82.852654,38.487988,174.451660,218.067291,27.544975,56.861778
31.001411,21.724440,16.786673,23.126822,3.672154,13.608307
46.285664,26.166561,20.581732,28.202305,5.831587,23.415861
59.491848,22.005030,44.152027,62.664909,9.004846,16.053610
52.297054,22.111706,42.245827,64.731689,8.566916,9.670344
16.372122,11.324841,7.853138,23.178970,3.461882,9.665622
43.914047,16.939110,73.527512,90.849571,14.791547,25.347433
97.237762,42.957085,129.406921,169.052475,23.828547,39.626488
175.687866,52.407478,221.536194,270.227692,41.668709,96.985977
231.498962,68.162102,320.856476,387.536682,56.887688,162.401443
63.659245,20.779516,63.433102,85.641541,14.901473,122.161713
37.578716,14.943069,29.534288,41.622276,7.227810,42.724125
28.315197,17.582218,13.700356,22.904186,2.334435,11.388161
83.853394,40.198704,152.317337,210.928925,29.407236,66.600670
144.247177,43.479679,198.123367,257.549530,35.532639,61.651569
53.289909,25.661741,25.023664,40.602291,5.184125,9.914073
69.983063,28.763229,49.548313,65.591606,10.450604,21.169214
110.952728,32.444286,115.782837,158.046188,23.591444,31.960972
138.232559,34.087364,150.824432,217.578552,30.660402,39.454315
125.806374,49.013008,221.618408,295.487061,48.764454,130.353912
29.052645,15.376904,49.710419,68.110550,6.885253,8.487007
8.754196,6.226326,2.172071,4.677830,0.137641,-0.118138
20.670244,15.176781,12.116730,13.470236,2.476228,5.767003
4.413138,3.192269,1.763707,2.559746,0.280382,0.222494
13.511898,9.807166,5.370891,6.738336,1.283944,0.488271
8.782565,6.622945,2.809699,1.877280,0.857795,1.155227
6.873675,4.707339,2.516817,2.019042,0.211249,1.271821
4.612022,3.280386,1.857996,0.451210,0.199924,0.510017
23.240713,14.406936,7.681819,10.998117,1.634322,2.614570
17.724781,12.452694,5.399229,7.848301,1.706294,9.540682
69.628433,39.545689,71.546852,102.637535,13.286387,36.465527
33.738960,23.234993,14.030496,28.065615,4.024286,6.103798
68.554321,25.242666,58.572144,79.086487,11.994333,44.869949
80.867691,24.961262,71.497185,99.839615,14.580770,37.243881
98.833778,28.888968,142.973251,179.086395,21.927317,64.876152
35.937149,14.486469,40.717999,60.699844,7.440177,22.847849
13.451261,9.381352,5.229876,5.465464,1.908727,2.550431
63.525349,31.054926,92.430756,119.763412,14.696264,26.562775
6.213735,4.445624,1.836972,1.387210,0.806309,2.659631
7.201678,5.264129,2.703006,4.534594,0.778921,0.205718
11.895056,8.910226,3.397875,5.468036,0.598688,1.713136
51.498192,34.100136,64.440681,89.715088,12.263309,22.883213
10.780411,7.592609,2.743629,3.145468,0.723465,0.608876
7.551038,5.427410,1.659035,3.000665,0.445799,0.771559
25.221815,17.485058,10.929857,19.295473,3.762612,6.972803
18.965408,13.248068,11.122297,9.688321,1.837676,9.935912
10.388239,7.509304,3.020296,2.392247,0.453921,1.319693
5.792244,4.181818,2.102603,2.394698,0.446365,1.039776
30.387283,19.153515,26.306017,32.096165,4.899605,11.921340
7.449086,3.356200,4.340683,7.230605,1.233138,0.751676
19.658888,12.615816,5.125144,7.273422,0.606243,2.744293
18.912554,12.504842,29.839521,38.858234,4.806253,10.956837
14.390039,9.971951,3.495527,5.725510,1.179928,6.843911
10.491351,7.521996,2.589640,3.813636,1.080565,1.398394
14.770893,10.372475,4.149057,6.286026,0.669283,5.096081
19.921936,12.141176,6.881498,9.875739,1.146945,1.228674
4.464725,3.392281,1.872380,1.425923,0.856062,-0.913399
14.452465,10.726867,3.720739,5.312472,1.300834,6.905439
29.636032,20.856537,25.165808,39.079247,4.281364,10.294883
20.073874,13.741116,22.664919,25.319529,3.456703,3.773633
16.465380,11.469208,7.002684,10.963133,1.514087,2.167605
10.060402,7.495471,2.791662,4.673612,0.374989,1.779304
41.970577,23.251265,32.199409,38.097340,5.793417,16.065763
41.270119,22.398937,33.612389,37.686089,4.970778,30.271164
5.414587,3.725669,2.337998,3.955456,0.555289,0.697267
25.076021,17.605915,7.569953,6.759372,0.419132,5.197507
4.934350,3.674808,1.987221,2.570790,0.598982,0.485812
25.545538,17.816971,6.756256,10.053979,1.505953,11.165047
4.413151,3.756305,1.584809,0.483908,0.623715,-0.084292
9.721972,6.937897,3.250929,1.817701,0.106670,0.560179
10.209661,7.342921,3.288723,6.321025,0.647489,0.767470
22.374287,15.526042,9.824513,11.370878,1.932642,1.867811
7.587364,5.719786,4.857979,4.480327,0.736756,2.189441
5.961534,4.341277,3.049981,5.424212,0.592910,5.504424
13.427534,8.462629,3.795953,4.690813,0.651291,2.129139
8.774943,6.582645,2.722283,4.042367,0.828116,0.533761
6.273628,4.800510,2.016614,4.385875,0.579895,0.306385
30.490742,20.418369,12.992496,21.622507,3.472488,3.435850
4.869333,3.469860,1.703889,1.371727,0.168234,0.729734
7.136711,5.073994,2.293693,2.671202,0.727005,1.736300
5.526889,3.767239,1.943109,1.813771,0.215036,0.354132
16.158449,11.771031,6.028996,7.061348,0.805236,4.776817
10.135379,7.210927,4.846878,5.558072,0.748040,1.249503
7.298450,5.062737,2.873197,2.112440,0.253139,0.982910
4.630203,3.452380,1.535803,0.352814,-0.307786,-0.058968
11.640598,8.124022,3.175535,3.305725,0.107068,0.699340
17.004221,11.827919,8.635714,9.629545,0.728527,0.425937
6.000122,4.326990,1.880812,2.997304,0.644530,1.029421
10.476150,7.498004,3.750981,3.042437,0.521038,0.935451
14.647577,10.503032,3.904447,4.567264,0.130719,1.682648
6.179586,4.417228,2.178624,2.736104,1.122330,0.642046
5.250504,3.897434,2.337146,1.976968,0.319877,1.112821
28.948038,18.926689,19.923164,33.957050,5.454300,8.125832
71.476173,22.809635,49.655632,64.539833,8.659035,13.895689
22.247774,15.410993,14.894427,15.162310,2.340477,4.253532
20.273941,13.726711,13.523162,14.372763,1.964830,4.884206
7.079154,5.015521,4.828740,8.696507,0.890650,0.567386
12.299366,9.074662,3.287192,4.285901,0.056784,0.492608
10.607420,7.423492,3.396096,6.519051,0.264044,1.058159
17.922611,12.837512,7.476876,11.794118,1.693059,2.226844
17.890274,13.247079,6.764915,7.093692,0.648211,0.915673
5.512095,4.427874,1.827636,3.174587,0.782627,1.210412
17.634670,10.923286,5.906075,8.159912,0.469912,2.573177
68.391212,27.709639,78.392677,96.501953,14.081757,38.494591
69.331657,27.761023,84.561829,113.124489,15.399667,42.261681
50.454815,17.163759,48.664959,58.281601,9.933748,25.511578
82.401695,29.246098,92.623253,122.055298,16.485155,38.457394
52.522747,29.359484,77.381943,67.419395,8.656201,14.476200
37.656364,23.637180,18.529440,24.141281,2.754492,3.280603
12.854926,9.549979,4.811622,4.832236,0.182713,2.694716
5.145965,3.870692,2.078464,3.111061,0.394082,0.820223
32.218082,21.703600,34.723915,39.158104,3.828312,13.165026
12.483464,8.876672,3.118248,6.137124,0.556864,1.409929
14.293810,9.997738,4.326215,6.062630,1.112296,0.126880
5.575624,4.352027,2.302175,1.584401,0.075660,-0.023269
16.104912,11.508946,7.515243,9.286768,0.935317,2.926946
4.734770,3.187395,2.066595,1.942520,0.537990,1.146327
22.178150,11.755288,6.984560,10.458836,1.354185,3.701342
52.525291,28.377831,67.958778,97.197411,14.395824,22.087648
58.985931,33.599827,75.315804,106.594955,15.428759,14.718472
37.934155,24.693132,26.625639,38.341591,5.093176,13.311290
110.826637,41.712646,147.192810,191.366608,24.863438,86.500267
73.555351,25.690479,61.263691,87.765831,11.837645,72.445923
56.025852,25.694250,34.308922,50.038227,7.524553,53.590195
38.228844,26.178682,23.901972,28.274054,5.480597,7.636415
10.932454,7.809231,3.631749,5.009583,1.125286,3.947247
27.687263,19.751154,6.294108,11.433927,0.551814,4.094303
21.345371,13.449400,36.680508,52.116215,5.801131,8.183049
59.387272,35.038212,135.016968,140.347748,17.143290,43.580315
7.767137,5.734213,3.165002,2.368686,0.422667,0.052037
12.023640,8.978898,3.510890,5.678107,0.788647,0.497159
6.172986,4.384947,2.638142,4.853311,0.766134,1.189173
12.157729,8.736114,4.027922,2.756612,0.373744,1.483079
5.665171,4.307637,2.060366,3.689350,0.201597,-0.580281
16.918798,12.181238,6.867780,11.886786,1.437807,2.353516
65.158386,39.676701,74.738396,86.243790,12.003358,19.294605
17.215979,11.881161,5.547114,11.910307,2.319396,2.658420
91.905556,35.365345,90.419556,116.256966,13.827750,27.623459
36.160114,23.133217,37.583107,49.752644,6.478336,8.899816
86.468513,39.741619,115.441154,122.549767,16.477753,35.675766
58.919239,32.131966,73.486488,102.269012,13.189844,16.377245
10.549877,3.683627,7.464072,7.977019,1.043830,4.570204
82.519875,44.828106,85.368660,108.163612,12.471478,22.849586
8.358234,6.005872,2.881877,1.267555,0.298654,1.876556
4.342976,3.058287,1.856007,2.093400,0.243292,0.024689
13.143355,8.660332,30.929024,50.638821,5.957037,20.300867
5.569159,4.439348,1.581844,1.235475,0.422618,1.912796
24.593155,16.867641,15.243498,21.860025,3.463139,19.146187
13.197571,9.319820,3.460958,3.613560,0.688579,2.038783
5.012336,3.407174,2.186825,1.852892,0.078984,0.139257
37.334843,25.839985,10.343435,16.032087,1.934346,3.103702
17.667770,12.692378,3.853414,10.062557,0.723193,2.337587
25.151066,16.755728,13.458826,25.732447,3.261017,6.498658
6.341869,4.743446,1.857455,3.489072,0.569375,2.851723
6.826344,4.760997,2.302256,2.801529,0.735906,0.322441
8.792961,6.053088,3.005259,6.981631,0.939122,6.408827
10.767122,7.847334,2.981117,2.765553,0.713935,3.592804
10.454409,7.417333,3.693932,5.074589,0.371854,1.475794
11.827440,8.471551,3.801832,4.270759,0.657387,1.268005
13.688769,9.768706,4.023540,4.673384,0.192228,1.724177
18.130163,12.634226,25.541821,28.100235,3.561028,7.703955
16.986233,12.255370,4.506392,6.527664,0.708188,0.543718
15.230632,11.039126,3.457577,7.312170,0.338801,0.462450
10.215629,7.416735,3.780261,5.792301,0.969585,2.816694
6.815363,4.725664,2.621147,4.174874,0.233534,0.614339
10.729165,7.529788,3.432474,1.121077,0.396593,1.427893
13.664268,9.910498,3.938967,4.761060,0.543875,-0.172569
23.036011,16.236059,7.041598,19.870798,7.443903,26.546158
16.287367,11.722740,4.350453,6.273450,0.477558,-0.101734
12.231797,8.793384,4.069207,9.459514,0.422051,1.071656
33.672382,19.634432,45.201096,63.431660,7.660351,14.331793
72.462105,41.674191,82.246918,88.770203,13.475968,45.641991
56.645504,33.570007,73.464165,110.811928,14.944130,21.436190
34.068729,22.693962,18.134388,24.629436,3.658520,4.597707
13.294731,9.541543,3.883365,4.643602,0.903038,0.514801
30.944746,21.160814,8.670400,11.736334,1.444915,2.839428
11.005752,7.938327,3.517164,3.448339,0.885686,0.977584
13.964293,10.132172,3.990247,5.792176,0.566827,2.169962
20.980894,14.784240,5.460655,7.881107,0.703961,0.897774
17.599697,12.453008,5.417674,10.715195,1.463627,1.974439
13.434654,9.776097,4.562705,5.281537,1.316625,2.957584
3.988485,3.121371,5.425212,2.558205,0.868224,1.729296
14.264800,9.992445,4.432878,5.022804,0.989295,11.881467
26.052671,11.108733,8.695693,12.338603,2.549219,6.244648
25.725214,11.111236,8.628781,12.980809,2.418910,5.453490
40.619461,21.218235,11.622165,14.464229,2.377726,10.181674
25.003843,9.777162,8.937515,15.913736,1.266234,3.421637
17.515875,12.636395,4.768167,6.972986,0.848629,0.677777
24.450735,17.675726,8.483388,10.974588,0.943945,3.540598
29.322189,15.118563,10.043844,9.170902,1.955652,3.377052
20.422859,9.344934,6.811868,8.868506,1.730406,1.968087
7.856492,6.001237,2.289285,2.256287,0.351236,0.926261
26.194284,17.498243,31.113251,38.124004,4.979008,7.307024
46.521332,24.747622,14.736188,17.935818,3.025123,11.411930
29.034781,20.789579,8.867044,8.312775,1.215694,6.398937
6.461511,4.250205,2.308146,1.253834,0.267106,0.876091
12.674366,8.652065,5.180874,6.033513,0.769262,1.334152
4.843651,3.493114,1.890644,2.635531,0.106447,1.204708
7.090672,5.195027,2.491892,2.109974,0.196318,0.244954
8.057110,6.047699,2.600963,2.494540,0.692017,0.839672
7.744316,5.430987,3.091547,4.057444,0.053174,0.165270
78.553085,42.482498,37.035641,57.740108,5.891850,12.074262
8.443842,6.402639,2.463484,3.223357,0.693927,0.835409
14.149876,9.753561,19.770903,23.744678,3.239328,7.556365
8.178372,6.072405,2.488796,5.368357,0.495989,0.811167
19.668642,13.758204,6.626483,6.518466,1.095623,1.131072
16.456467,11.531754,3.729220,4.381166,0.641315,2.211185
7.252247,4.903814,2.705184,3.042849,0.101385,2.028701
16.094334,11.225251,3.907623,5.961117,0.992973,0.944947
56.344749,32.087543,30.920372,32.006405,4.793132,5.791522
114.075821,33.907276,157.059479,183.364838,23.579269,57.397125
120.156975,43.755157,106.470329,151.123444,24.624517,77.455116
155.200638,43.821712,132.946487,192.718933,29.248678,82.953743
139.064651,34.646233,145.602615,217.612885,27.843239,55.237076
4.200386,3.517656,1.686311,4.449028,0.516007,0.911927
97.975143,34.752491,218.326935,288.937744,37.582615,53.848499
85.442299,44.166660,135.350983,196.609436,23.832958,39.200096
73.596039,36.975536,52.265278,62.112942,8.916558,20.110926
5.645473,4.276206,1.845080,4.760681,0.430467,-0.557438
31.805363,17.123951,20.376087,28.259186,3.618294,14.226980
22.405132,12.133949,11.493664,17.225826,2.685676,12.516462
13.839879,9.965873,3.636012,1.293208,0.262405,1.194110
6.914129,5.265072,2.402042,13.947449,5.977831,19.425169
18.201664,13.269941,6.577598,9.690461,2.166582,0.970834
11.351987,8.312950,2.878699,6.282507,0.576549,0.161561
6.468647,4.997530,2.270003,0.300533,0.752863,0.880784
7.056453,5.038130,2.373728,3.645049,0.648224,0.966504
12.444095,8.850066,3.838181,2.575659,0.753362,1.372187
4.330427,3.220288,1.605938,3.036400,0.180535,0.282288
15.476360,10.961013,5.244335,3.721134,0.783965,1.918285
6.016663,4.403094,1.991902,3.346638,0.644564,0.614103
7.944018,5.546581,2.286659,2.355821,0.832223,1.520655
13.708987,10.309047,4.312397,7.094684,0.926931,2.245160
12.453875,9.398776,2.837097,7.421599,0.518099,1.143889
15.459810,10.976904,4.563909,5.152327,0.729684,1.650006
8.011881,5.160349,3.148558,2.354008,0.646397,1.922994
18.290897,13.261197,4.605309,4.678068,0.977429,1.612492
7.190580,5.527429,3.114546,3.858359,0.559488,0.874437
4.152912,3.347495,1.742822,1.984314,0.232330,1.436049
9.390235,7.215472,3.767635,4.470514,1.156162,1.240928
6.216074,4.624088,1.957439,3.652292,0.212008,0.265835
21.129869,14.985912,5.630662,6.399295,0.738873,1.124557
15.219229,10.808124,4.449046,5.816671,1.229822,1.002923
7.351865,5.734683,2.817816,5.056249,0.648166,1.069652
6.976266,5.152755,2.621953,1.954858,0.361602,0.009543
16.109116,11.107910,7.202946,12.370903,1.451837,2.543281
15.849817,10.932752,19.443213,22.128157,3.114790,22.612000
11.003253,8.125287,3.627964,4.652459,0.603066,0.867380
4.641169,3.514544,2.015896,2.915259,0.022603,-0.429531
16.846283,12.001757,6.595941,7.367413,1.622379,6.635987
28.244709,16.273521,23.350977,18.832352,3.022474,11.719580
36.124271,23.259047,18.436571,28.228951,3.870175,11.246391
22.432631,14.404396,5.855347,8.692105,1.078759,5.343056
5.258575,4.049250,2.457019,4.582932,0.617422,0.043550
7.231711,4.911285,2.621279,1.373688,0.152657,1.713306
6.219814,4.376110,2.539375,1.551600,0.819293,1.407341
8.339555,6.081417,2.500187,2.649218,1.016889,2.710535
14.567997,10.634931,3.905591,4.391567,1.373622,12.968475
12.705652,9.607881,4.315799,6.761421,1.089634,2.746176
16.809727,11.855661,5.234903,4.888137,1.648335,7.493279
8.870942,6.151116,2.891762,3.523765,0.857769,0.947369
9.216040,6.885559,3.265851,4.754288,0.608857,2.798849
7.407279,5.677172,2.637189,3.252933,0.523605,0.637614
29.092838,19.385290,15.075726,13.454248,2.079050,4.049051
22.000669,15.173184,19.627493,31.313372,3.131788,5.602554
15.685015,11.012469,4.642401,7.941437,0.590239,1.720989
21.007977,15.163268,7.887242,12.300789,1.527258,1.453630
4.885780,3.569802,2.296937,3.163293,0.279752,0.755906
14.736879,10.628460,4.545354,7.333714,0.303241,2.689775
89.185173,31.784725,40.356953,41.283127,7.354406,40.833477
86.277206,31.824947,39.226578,41.586178,6.820074,34.474792
10.963257,7.931303,3.396597,3.673210,0.516494,0.635841
23.127872,13.196460,7.033348,8.376742,1.467081,1.800286
4.764984,3.696379,1.890643,3.356052,0.601433,2.490814
26.022392,17.947088,15.074111,16.599806,1.765411,8.907375
7.176577,5.185297,2.776831,6.832707,0.837386,0.854849
26.123314,18.604319,7.607134,5.482448,0.916726,2.804310
22.305609,15.234251,19.944605,18.961687,3.486859,4.524454
4.774249,3.322345,1.776063,2.225101,0.127537,1.242281
15.421017,11.190319,4.986670,5.469265,0.743414,2.503721
15.007080,10.989697,4.739974,5.374394,0.574244,1.498259
18.281977,12.742345,4.547538,8.301230,0.639872,1.003842
12.116182,8.527418,3.366191,3.127851,-0.039312,0.753713
9.958648,6.904812,2.951215,5.374613,0.839287,0.780905
13.421329,9.299327,4.591053,3.981059,0.079396,0.520690
18.890295,13.713735,5.626706,7.393330,1.005365,0.539312
27.531996,18.444366,28.763697,37.774734,4.329280,5.920124
6.479789,4.787020,2.513521,2.772379,0.597131,0.765631
11.789477,8.406166,3.784445,6.065905,0.649067,0.575424
20.695869,13.725464,31.655510,31.142666,4.062116,10.094955
4.187453,3.101024,1.528651,1.836749,-0.006212,3.830950
22.844540,12.760767,7.652177,8.353838,1.550650,5.728950
13.490816,10.016683,2.939796,5.226163,1.081310,1.728598
9.795105,7.144261,2.841218,6.759044,0.884853,2.262212
17.555546,12.768673,5.696798,4.786911,0.529217,1.934652
11.911719,8.759183,3.890065,3.857184,0.854548,5.662422
10.849380,7.938513,2.869242,4.364938,0.201904,0.785668
12.184603,8.909257,7.788671,8.401731,1.019944,2.518470
5.173030,3.640120,1.782039,3.413566,0.384627,1.289156
42.754227,20.148701,23.603537,32.220387,4.356147,8.337349
40.790924,20.604580,17.063496,24.560617,3.812787,3.954129
5.475160,3.953320,2.116843,3.219576,0.158135,0.064955
10.126521,7.416876,3.006463,0.303872,0.348962,0.114579
14.667377,10.398483,5.418220,7.979752,-0.205347,2.580300
6.610875,4.935053,2.280673,1.444048,0.447146,1.059524
6.905385,5.188076,2.555046,2.115458,0.428376,1.481690
18.338783,12.479625,8.531678,8.478299,1.593526,2.297607
35.217182,23.771196,13.952869,17.239130,2.407547,4.185673
19.402090,14.078185,7.241944,7.524734,1.027283,4.409143
27.127323,18.410166,8.152122,7.300022,1.094546,2.319423
8.224198,5.873535,2.689703,2.783222,0.145609,0.352211
35.661186,19.480030,15.127176,21.222757,3.057198,2.955005
8.092481,5.931718,2.661387,0.966887,0.641759,0.918322
9.574399,6.975640,2.176605,4.946295,0.777536,0.758539
7.898523,5.787733,2.560839,2.842988,0.437162,0.260612
6.404777,4.664122,2.380823,4.892398,0.116856,0.549632
35.199333,22.665174,28.264355,37.315151,6.421081,31.572857
18.010998,12.423922,5.387824,5.536261,1.322167,0.442580
5.666230,4.255244,1.894500,1.706982,0.619251,1.282373
28.329250,19.270842,7.350162,10.755443,1.110456,1.622195
4.673759,3.516190,1.752507,1.435829,0.591428,1.045775
20.709612,7.637765,9.751662,9.203160,2.400352,6.332846
112.692177,37.151985,146.317963,181.147003,25.173187,44.452423
14.098690,9.921261,3.568094,12.303344,1.919834,2.936931
12.821063,9.066495,5.348734,9.316786,1.472329,2.942352
87.904404,38.575199,99.873993,122.230560,17.131731,41.145931
26.934574,15.795237,20.958700,29.707850,6.120491,15.656292
198.474701,61.819767,577.626282,738.962708,107.230591,220.752853
169.775970,62.401054,475.245789,669.346375,84.865646,160.810989
17.440182,7.401713,22.533445,46.593468,6.389295,9.305509
35.896008,21.649385,28.983713,44.708561,5.521412,12.459851
19.233412,12.316455,5.562607,14.790247,1.574542,3.561726
9.075303,4.825030,4.403753,9.095249,1.015090,2.062615
12.827197,9.122358,4.764817,7.905122,0.735302,2.386928
15.522134,11.496076,4.012921,7.756082,1.185510,1.455222
5.748100,4.327643,2.422814,2.690097,0.170543,0.653295
12.923697,8.950588,8.398908,10.828069,1.540577,4.698096
10.328815,7.114167,7.261183,11.900695,1.192639,2.109894
13.636149,9.952777,3.749661,4.789447,1.104170,0.519148
32.722820,22.123104,17.776958,21.934683,2.150964,5.324684
8.930199,6.284189,3.206115,3.312369,0.442052,0.545600
23.691458,16.694366,6.315238,5.965316,0.886261,6.165941
10.364434,7.781714,3.327975,3.451803,0.486856,-0.185955
4.799253,3.362224,1.826340,0.652588,0.534060,0.985381
6.260324,4.798465,2.534925,3.940507,0.488388,-0.218894
33.055534,23.406403,19.129496,24.826086,4.493869,5.547838
21.493902,14.334539,21.053045,27.155977,3.631814,17.640825
11.789917,8.796918,3.017192,4.002688,0.898832,1.517267
52.435040,29.353462,28.291616,46.378929,5.739557,6.869897
46.349854,28.592031,90.498390,107.348412,15.143219,21.223577
22.816841,14.977713,28.926300,39.215229,5.200681,7.042180
9.019729,6.337525,3.076284,3.024434,1.001604,0.297795
10.211873,7.244925,7.113994,12.086985,1.730406,3.278656
26.210453,19.264084,7.139410,5.025407,0.944634,2.153226
14.124668,10.407784,4.876444,6.330036,0.432713,1.214195
6.878362,5.133353,2.100775,1.879116,0.260537,0.805914
8.823737,6.068324,2.953647,3.605179,0.448241,1.445069
11.340562,8.397480,3.344647,5.772151,0.378479,0.220153
17.209995,12.528988,5.768021,5.395028,0.974863,0.292645
18.795528,13.763360,5.932204,7.755144,0.863027,0.862025
14.844426,10.264362,15.576229,24.713017,3.605788,14.871502
22.953070,14.803541,22.057928,25.987881,4.838836,8.082190
14.526628,10.357743,4.359611,4.841231,0.989382,1.985868
14.841942,10.544705,4.449698,4.375586,1.017470,1.616829
11.095254,8.169683,2.647268,4.581051,0.574389,1.685961
24.830595,15.745450,8.525250,7.540042,1.253530,3.742877
4.222692,3.053064,2.353938,1.818830,0.122022,-0.059926
37.108261,18.334753,22.901688,34.553955,4.903936,6.497286
11.284554,8.144599,4.208379,6.797346,0.187060,2.400739
5.011126,3.291186,1.794006,3.601218,0.611889,0.424018
22.862089,15.948862,9.491531,13.730230,2.642944,9.319029
25.932524,18.417812,8.615913,18.070005,2.031522,1.703363
7.746615,5.825028,3.301112,5.407104,0.939226,0.203634
4.085389,3.031637,1.545446,2.015702,0.054684,0.205267
40.181931,27.286331,10.983631,13.198761,2.013409,2.255763
7.476543,5.222569,2.421131,3.901472,0.205117,-0.229978
45.412685,23.402668,44.358009,61.567467,9.429242,13.243044
38.374588,18.874878,15.018640,14.285040,3.166862,10.145216
41.925930,21.105055,19.857744,23.536983,4.114775,12.470038
11.070762,7.708921,4.203708,5.346416,0.899951,1.546867
7.116623,5.319867,2.508833,3.345726,0.822429,0.984229
20.044455,14.397340,5.774457,5.494109,1.457516,3.770181
4.797610,3.563518,2.066009,1.492036,0.199460,0.594611
15.097325,10.452607,8.367225,12.482388,2.961128,10.925578
82.931824,44.846863,96.887749,124.448753,14.430467,26.723772
58.804451,35.776836,56.315830,64.507050,7.907950,11.923594
12.832339,9.626537,3.905868,6.096952,1.284199,-0.186391
22.773354,12.941637,19.214851,16.946283,2.078819,2.919578
17.050920,12.663322,5.170910,7.629510,0.719559,1.473224
11.619779,8.180798,5.342883,8.471827,1.103072,3.021198
21.366615,14.596272,20.476063,18.946926,2.310315,6.744585
5.324831,3.947139,2.236283,2.520391,0.424913,0.329328
8.975466,6.739182,2.665537,2.412912,0.301158,0.631284
14.099255,10.112744,3.969431,6.724981,0.948336,0.018896
18.462309,12.139869,31.567924,45.991196,6.175313,8.056572
30.004753,12.507710,25.564928,38.636974,4.166761,6.978283
34.885246,23.055952,20.037134,25.755341,3.875127,7.937373
24.173798,17.237713,13.699038,12.943618,1.485806,3.130578
12.507861,9.017795,3.703796,4.752511,0.881873,0.887264
6.295416,4.163663,3.262602,4.181578,0.687764,1.733069
11.352743,5.128831,3.896870,2.872362,-0.094185,2.010999
13.908632,8.661516,6.053492,6.886374,0.954183,0.759078
13.138066,9.432813,3.925728,7.925087,-0.028839,1.196128
14.222206,10.610514,4.370074,4.805854,1.006631,9.188901
18.796480,13.294312,12.687555,14.685120,1.397143,2.357956
29.677273,20.902140,9.732960,17.670727,1.818617,2.142319
57.947666,28.129292,45.120033,56.437717,8.763547,29.526249
59.549965,28.219519,45.276962,56.234703,8.542311,29.912819
29.810949,14.307102,21.354134,25.273724,4.357332,30.901459
31.382362,16.196966,59.447712,78.852936,10.006949,62.255497
21.154911,10.737903,7.365032,10.623673,2.325001,3.894849
59.661877,34.724091,27.697823,37.895847,5.436687,8.435159
37.317833,18.373011,10.763526,12.618646,2.550806,6.628590
71.302925,31.056871,89.783257,98.864006,13.469324,39.400898
16.310690,11.518174,5.535212,7.037544,1.344263,1.775091
9.221721,6.413955,3.613854,4.168293,0.489243,1.036526
11.647749,8.567851,4.133844,6.296304,0.523306,2.725327
18.079630,13.051236,5.025094,8.568113,1.582736,2.327751
13.221647,9.811895,4.207956,5.318395,0.572900,3.157902
10.607396,8.090993,6.258162,5.921890,0.368460,2.466644
5.571679,3.842741,1.750778,1.261530,0.091268,0.413629
5.948974,4.341825,2.432904,3.535452,0.117471,0.401918
3.980278,3.097049,1.548084,0.855422,-0.126122,-0.523373
9.328074,6.978037,2.895555,4.547449,0.858175,0.291019
18.085264,12.636667,6.557140,6.373428,0.921589,3.979916
6.877697,5.014265,4.452987,6.149906,1.104384,2.146183
6.050031,4.611661,1.845302,2.323070,0.302420,0.590482
13.233743,9.410276,4.417819,2.298087,0.727973,1.868063
41.062054,27.052172,25.879072,40.373112,9.194746,42.172447
14.414443,10.665830,4.488651,4.124567,0.248050,0.381053
5.415631,3.797987,2.140846,2.319768,0.400785,0.828792
4.913843,3.841149,2.191923,3.336310,0.557750,4.886832
35.929291,23.528273,25.737642,30.344696,5.001991,13.795725
4.170690,3.213082,1.757372,2.016189,-0.107124,1.766356
8.272340,6.170203,3.370400,2.106494,0.439777,1.021036
37.762695,25.378271,16.384245,18.794971,3.175271,14.285286
8.942907,6.260004,3.061548,2.424903,0.904158,0.907786
13.961702,9.252113,10.778386,16.697817,1.903679,3.921563
29.192810,19.004988,10.346786,20.329544,2.816180,4.113310
85.225105,43.779171,98.938171,114.463272,14.447471,34.713554
17.511356,7.847276,9.488722,29.522341,2.101834,5.314881
28.401979,16.409576,16.814642,24.773186,5.873740,38.537888
128.961960,56.225574,221.800522,324.923126,63.255505,263.685822
12.108740,8.543916,3.689838,7.067631,0.488672,2.358395
5.679072,4.300891,2.041525,1.838071,0.106877,1.335475
7.120751,5.100071,2.362649,2.877578,0.341627,1.704261
16.616796,12.360600,4.562383,4.929923,1.494811,1.429315
6.923298,5.056638,5.029598,7.717836,1.434382,24.283115
12.056447,8.754847,3.508952,4.419091,0.824057,2.149223
10.613809,7.774004,3.390701,2.603941,0.972452,0.074903
5.558946,4.250687,2.586825,-0.223322,0.506112,0.638200
40.236038,25.857531,9.851731,14.133309,2.330373,3.209605
13.797596,9.992932,4.074099,5.088720,1.217829,1.742971
4.813299,3.372456,1.909438,1.068352,-0.311584,1.179110
21.724110,15.632903,4.522689,5.607101,1.458716,1.923865
4.834725,3.776345,1.230588,2.669278,0.548845,-0.635633
9.936285,7.341355,3.273438,3.322535,0.572997,1.447942
4.829440,3.740842,1.725956,0.651226,0.151279,0.499666
11.665745,7.983449,3.497246,3.369346,-0.027517,1.079950
6.610507,5.183295,2.089304,2.713573,0.780318,2.320956
10.251185,7.642028,3.191598,4.438209,0.507816,3.174457
11.098092,7.820980,3.808408,6.831488,0.597901,1.863358
25.139311,14.904099,24.931366,33.869434,5.390698,11.347046
27.184729,18.755980,22.278404,31.554007,2.782802,3.881618
10.221952,7.180326,3.115191,2.774253,0.368993,0.881837
5.624910,3.844712,2.147391,1.280578,-0.257694,0.965030
12.276488,8.861156,6.995691,11.579679,1.265648,2.034545
22.385815,16.178343,8.439230,7.756442,0.887275,7.949023
4.886087,3.756949,2.089737,1.905861,0.093887,0.812350
11.856266,8.313303,3.733960,5.652899,1.010631,1.977739
38.199650,27.023655,12.019961,13.715658,2.141733,10.791966
6.878014,4.673304,1.820476,3.452632,0.283536,3.403692
125.010803,47.547035,178.990067,201.481003,29.744255,65.617867
177.160095,47.666332,224.302811,273.091492,39.799244,81.612198
130.997543,45.042583,143.806808,198.672623,29.116390,55.713428
44.925865,28.730909,39.103718,67.245796,10.169201,17.062227
7.454525,5.222948,4.957417,7.076745,1.192831,9.442032
10.826339,7.733665,7.523640,10.897096,1.272525,2.647542
12.251043,9.238874,3.243715,6.578401,0.537835,0.337033
12.374586,8.447592,3.791740,5.853413,0.880213,17.631945
5.312973,4.111588,2.142026,2.264676,0.424661,0.302492
12.508075,9.119354,3.483706,2.954718,1.300774,1.113869
6.109807,4.282352,2.288344,2.926457,0.189843,0.401798
8.686023,6.238104,2.639713,2.830038,0.163700,0.400609
9.567719,7.002534,3.083122,2.900641,0.538994,1.265851
11.455289,8.403127,2.920582,4.846084,0.449879,1.717720
59.412315,20.960373,39.780052,51.456059,7.810585,12.071867
81.393974,21.029474,46.880501,60.962059,9.146939,14.476165
61.024796,32.076183,31.315714,43.380501,6.353129,11.024940
15.914231,10.879607,14.527178,17.126801,2.212564,17.199949
5.534965,3.973541,2.305126,0.208153,0.064693,1.502112
5.270393,3.926093,1.813873,1.973271,0.653077,1.057247
11.152292,8.060831,3.609151,6.477177,0.984521,0.757341
6.738340,5.038019,3.712820,7.197477,0.750382,3.988740
5.839154,4.489286,2.261340,1.360111,0.750400,0.271143
4.760776,3.517168,1.873499,0.920312,0.531544,2.025733
9.094759,6.989364,2.980192,4.037786,0.091453,0.795467
13.414547,10.011607,4.056035,5.687577,0.666767,1.604831
15.820525,11.479374,4.004447,7.999967,1.024887,1.091345
42.758953,18.046721,27.859619,38.545895,6.423407,17.743309
62.116039,23.300776,66.158272,85.737785,13.915904,37.485699
116.985199,44.715466,238.747589,287.051941,42.535614,87.159607
57.524288,25.605936,52.723923,69.915184,12.642548,40.675991
50.786037,20.922514,61.211548,93.693741,13.240407,26.267672
60.906525,28.593287,87.490158,138.283417,17.267914,30.749332
50.111328,23.081282,38.144630,35.549530,5.755629,11.127185
66.837387,24.022255,53.763680,57.058468,8.747220,15.363074
94.744476,29.541996,127.578362,166.889923,23.248274,31.563904
118.967430,36.037346,146.942093,190.714752,26.010912,56.660027
54.497963,31.650234,33.053772,53.504303,8.575194,11.444291
49.884113,16.252857,31.102322,43.992290,6.145048,15.677837
40.251328,16.906496,23.795609,36.066341,4.475461,12.226148
50.197208,30.242870,14.041414,23.075830,5.063091,41.106209
85.265366,38.619946,126.130997,146.115585,19.029285,28.418198
76.165863,29.273489,127.176598,135.272629,16.089294,27.151468
20.002777,12.938834,10.201379,22.043539,2.713470,4.130105
9.041057,6.361590,2.762268,2.812913,1.527143,3.148104
15.341372,11.155466,4.717210,5.763045,1.726691,1.203618
10.430480,3.871490,3.105200,3.646457,0.297521,13.171424
41.979599,25.902559,23.152143,53.815762,13.877748,97.364128
9.261256,6.874655,3.059657,3.639982,0.254026,1.422199
14.680235,10.882383,4.535124,6.545852,0.346026,1.587897
36.574993,16.469616,14.373260,16.478685,1.922881,4.160791
13.105065,9.473112,6.820978,7.644746,1.692890,6.922143
36.910316,23.843596,25.727341,33.151920,3.364837,8.138405
10.246957,7.124649,3.021349,5.037148,1.095212,3.924072
19.622089,14.230447,5.989419,7.712764,0.851186,1.109140
32.747696,21.395126,12.395143,16.833439,2.605600,8.031375
19.957842,14.064092,6.061143,10.844748,1.092102,2.121118
13.488161,10.130415,5.946180,8.234552,1.283781,1.760098
29.021765,20.831657,15.528291,18.363487,2.617834,2.489950
21.003168,13.083900,6.547218,6.633374,1.078239,6.280202
13.663793,9.622795,10.333004,15.943629,1.616429,3.727798
11.106418,8.106867,3.429400,5.424183,0.645064,2.125164
11.878386,8.471816,3.384593,5.558700,0.804061,0.232531
4.917952,3.496296,1.908471,2.516876,0.370755,1.061884
39.766918,26.749775,56.891781,74.128204,9.538639,12.478288
11.988352,8.283939,3.816049,6.027411,0.405706,1.789512
7.102128,5.568372,1.987933,3.702905,0.400529,1.013442
5.165009,3.745848,1.877687,1.981115,0.708478,1.276921
14.324450,10.201070,3.491109,5.012988,0.746787,0.985388
5.497796,3.825830,1.950763,0.635679,0.361207,0.726555
19.634922,13.908593,4.406047,7.078252,0.787660,3.059149
4.345914,3.207429,1.600499,2.047727,-0.004109,1.131102
8.531048,6.015967,2.251804,5.831452,0.360493,0.314621
14.730386,10.462811,5.649223,7.252166,1.641766,1.679283
11.607399,8.669664,3.696625,5.041863,1.086275,3.005499
45.323959,28.097794,30.924156,43.236526,5.417234,10.580434
5.869622,4.152525,3.605867,4.380023,0.898043,0.331922
12.437528,9.090766,4.511666,8.301517,1.375961,0.153696
7.656773,5.867061,5.631166,12.963431,1.027471,1.584725
131.317078,57.337460,159.814178,229.198151,30.380171,40.534447
5.007627,3.881994,1.994420,9.017215,1.529753,0.398073
93.643349,36.046421,92.755280,113.142853,15.356173,26.304712
82.925835,39.831734,71.204330,101.659317,13.414113,34.899067
18.944403,13.360543,5.814463,6.934074,0.972730,2.623151
14.650564,10.300552,3.561186,2.694434,0.210505,1.520132
13.416179,9.814787,3.058747,2.526427,0.811021,0.505575
4.976476,3.653183,1.930345,1.305542,0.193647,0.682291
15.157722,10.759289,4.471100,7.980558,0.315743,1.973056
35.694149,23.627615,12.104996,21.727919,2.942624,6.277599
6.520676,4.875508,3.172755,4.387336,0.889534,0.464110
4.133602,3.197945,1.606778,0.816643,0.483597,0.781489
9.847263,7.314118,3.489666,5.060140,0.606664,1.028780
10.133779,7.703682,2.677633,2.332812,0.383655,1.487560
9.104203,6.393662,2.626719,3.603102,0.801819,0.846040
9.095429,6.480341,2.898971,1.884216,0.834776,0.294265
6.026786,4.323298,2.177068,2.799800,0.312021,0.797107
5.641430,4.113562,3.475671,5.747041,0.814810,1.789819
4.242597,3.399166,1.808647,2.908439,0.371222,1.790343
17.825735,12.855946,6.227335,5.144132,1.162732,2.897527
19.249969,13.428974,13.879786,22.964420,3.301976,14.118251
42.933754,23.370213,53.460808,72.951103,10.435448,25.868534
72.298050,37.639824,78.103401,100.453957,14.499746,61.879284
21.390781,15.019675,8.064255,10.966246,2.144464,5.328369
6.507058,4.762485,2.164142,2.741143,0.784075,0.458394
6.916108,5.004999,2.820727,2.861947,0.497457,1.459608
18.207962,12.717575,5.372928,4.523908,1.167423,2.540739
15.163800,10.945686,4.773534,5.343667,0.296317,0.910235
5.788018,4.109510,1.831069,0.190780,1.056793,1.255837
9.870882,7.466530,2.924602,5.610196,0.818269,1.347367
5.262214,3.601411,1.810397,3.329986,0.213278,0.725453
4.102527,3.277783,1.358018,2.076946,0.654572,-0.121282
17.684906,12.554964,4.430580,9.130849,1.432852,1.643432
11.682341,8.474392,4.611152,4.895505,0.500383,0.370100
17.189499,11.801883,5.028246,6.494720,1.708982,1.564040
11.143251,7.724859,3.765074,2.789212,1.045215,-0.536140
20.492336,14.312937,5.054982,8.222245,1.237027,0.970215
26.284176,17.205715,13.584226,17.990274,2.306931,3.803369
12.816201,9.190305,3.447494,4.505570,0.717208,0.890800
11.243142,8.419942,3.309313,5.448488,0.469370,1.933378
7.921103,6.117113,2.848860,4.336242,0.701618,1.148895
19.613100,13.150991,19.854706,31.779211,4.017579,5.528677
9.204161,6.263776,3.165713,4.232483,1.205585,1.887563
8.626071,6.078328,2.984589,4.090155,0.860636,1.586131
9.410724,6.901591,2.668909,4.397862,1.119999,0.877815
13.668915,9.794487,4.122694,5.312596,1.141120,4.350091
7.889081,5.720874,2.904363,4.293529,0.304337,1.132374
12.383665,8.861323,3.183796,6.119379,0.772447,0.994962
6.687224,5.003580,2.936920,5.614368,0.949087,0.880033
5.256103,3.935030,1.902699,3.740674,0.296005,1.551932
22.635191,16.042013,6.371195,9.145043,1.042039,1.701322
20.759117,13.973765,9.723931,15.802549,3.132471,2.807896
10.690508,7.453518,3.147158,5.460691,0.757807,0.700143
4.806227,3.530289,2.040404,2.672589,0.037377,1.561215
8.369208,6.061135,2.382503,4.616293,0.948892,0.690598
20.171112,14.853447,7.896983,9.251094,1.368525,3.244340
20.401005,14.294224,9.735200,9.339938,1.646874,2.702024
5.958369,4.178288,1.907215,1.365169,0.556469,0.971313
23.020437,16.173965,10.714320,12.177774,1.748085,2.903864
8.202789,6.179459,4.912084,8.988691,1.093307,2.461041
13.106327,9.487146,3.782191,7.815508,1.157324,1.606845
39.864735,24.555058,30.928373,42.638569,5.367018,5.093973
57.808037,21.175020,20.160515,28.659506,4.035729,5.469460
55.645435,21.228651,19.990900,29.932806,4.357022,5.157341
10.585732,7.478877,3.036377,2.281785,0.799502,0.880272
7.745192,5.787561,1.796972,1.618852,0.330033,0.979340
7.296103,5.199028,2.284629,2.334946,0.554393,1.363064
20.697784,14.558513,9.212922,10.611801,2.442067,8.894883
5.482028,4.071325,2.305794,2.239347,0.512362,1.125323
26.833305,14.317638,7.939797,10.761557,1.533081,2.009101
13.177867,9.811972,3.889935,4.785103,0.893444,1.405397
16.921465,12.145338,5.446056,8.767598,1.226695,4.553955
22.377735,15.940348,5.935957,7.890523,1.033360,1.238546
13.457994,9.855120,5.033258,8.585624,1.508756,4.309508
24.979631,16.811598,10.398519,17.483494,2.596302,8.995152
11.659408,8.547971,3.526892,3.227212,0.152231,2.288757
12.060094,8.654471,3.553268,3.648092,0.783155,1.028239
6.608419,4.682134,2.375577,2.564658,0.625007,1.189791
12.771003,8.900163,3.766350,4.539505,0.197564,2.603258
5.734567,4.124668,2.167111,3.262318,0.452640,1.670051
14.552975,9.665099,31.816357,34.618214,4.554093,6.716055
7.391694,5.152837,2.518768,1.818654,0.216779,0.678827
44.847103,29.836445,14.629580,12.439629,2.040991,3.530083
44.291302,26.755280,31.127605,30.987411,6.718458,37.408978
17.539660,11.872403,7.787718,12.979362,2.295377,2.061398
12.713442,9.192217,3.971750,6.202538,1.339304,1.553232
5.233508,3.859514,2.043931,3.997310,0.472501,1.377413
11.275140,7.924613,3.719753,6.211110,0.568909,1.560704
10.467116,7.388589,3.308649,2.603096,1.611342,2.702326
4.263280,3.393208,1.592566,-1.352479,-0.079623,0.018242
13.122992,9.507069,4.421993,1.781174,0.763571,0.363463
14.888267,9.721759,4.767549,6.273514,0.904235,1.319244
20.061314,9.578351,9.327191,10.278215,2.531139,9.958611
52.455059,26.139496,63.305119,102.572571,12.700515,30.257130
10.891879,7.595230,3.068791,3.091779,0.416229,0.467400
4.996348,3.705632,1.976967,2.090570,0.130640,0.659173
5.893524,4.142470,8.384340,6.036947,0.816642,2.355490
13.621552,9.851940,3.995871,6.777126,0.526419,1.529796
9.871598,4.408336,3.302496,2.043571,0.984784,2.063121
8.533696,3.417457,3.202879,3.200019,1.010290,1.962929
12.761303,6.434664,10.803041,9.767276,1.473551,5.256987
50.700623,26.825855,56.029633,66.969078,8.169256,13.501299
14.821713,10.892180,3.224504,5.221665,0.188886,1.691207
10.600905,7.908334,3.355056,5.426876,0.455549,0.912904
7.034966,5.298764,2.206733,1.731822,0.496403,0.410572
18.813705,13.240137,11.900245,18.341248,3.533503,11.032803
22.802931,11.821952,15.197019,27.292011,3.822278,5.959125
21.897360,12.474237,11.846463,22.443649,2.734114,6.077567
5.239100,3.678695,2.089204,1.632513,0.605327,0.197505
18.541225,13.715080,12.707556,17.694551,2.716466,5.164876
13.689300,9.868391,3.568950,5.326658,0.270398,2.349676
28.400562,19.662357,24.242538,33.847809,4.264526,11.493653
7.830081,5.707887,2.395876,2.715887,0.222530,0.612750
8.789772,6.527905,2.658171,2.209083,0.495936,0.271242
4.624480,3.305414,1.753905,1.724950,0.626901,-0.875316
15.118006,11.118088,3.606371,2.811768,0.648912,0.507589
6.746525,4.819882,2.883942,3.702882,0.438441,1.246793
11.460704,8.399518,4.300805,4.183912,0.363144,0.153435
4.782420,3.202829,1.864713,1.284750,0.345476,1.994045
6.805245,4.908718,6.501263,8.144464,2.240937,7.683720
23.287971,16.296280,11.397243,11.133525,1.767576,4.561618
15.253392,11.270231,4.081095,7.516117,0.963632,2.880660
20.940018,10.175193,7.730977,8.788922,1.512842,4.037602
29.518911,20.864475,8.727266,12.024002,1.490957,2.339108
14.218111,10.359810,3.992471,7.465282,0.546319,2.264471
26.441719,14.592235,7.792587,11.997148,1.483114,1.901876
13.553441,9.258203,3.431584,5.365737,0.198275,0.828937
19.298674,13.203636,7.141549,10.543022,0.846305,2.217083
4.973691,3.650526,1.817949,0.833928,0.110119,1.872312
6.606455,4.707165,2.327016,1.416074,0.376282,1.292137
8.903011,6.307414,3.526152,5.560839,1.108936,0.875625
5.253956,3.636069,1.848298,3.015816,0.443291,0.500785
30.163841,21.099834,8.395445,14.418192,1.486402,1.472884
12.815672,9.394011,3.658164,5.229632,0.695875,2.210956
4.844893,3.384403,1.807875,0.102197,0.680252,0.355571
8.413504,5.697681,2.504882,1.992746,0.512315,0.076095
10.564139,7.876295,3.004426,4.445245,0.595772,0.477820
3.888400,3.196446,1.734453,1.699925,0.951055,-0.960317
8.710730,6.173941,3.116678,3.436758,0.478033,5.487282
4.160697,3.068080,1.588673,1.262886,0.055359,1.201438
14.365605,10.578891,4.342744,6.140283,0.910680,0.044739
10.098296,7.168155,3.241365,4.991832,0.714223,2.384347
6.366107,4.831748,2.506894,3.251144,0.446573,1.917849
13.025387,9.529424,4.005048,5.870407,0.843833,3.057690
10.467385,7.462712,14.203975,20.479639,2.232024,3.014455
4.382765,3.093850,1.695335,4.181174,0.314364,0.690561
8.575687,6.141121,2.963339,3.495417,0.611678,0.999649
10.111272,7.202939,3.049205,3.622795,0.344437,1.247030
6.348428,4.760935,3.002032,1.794982,0.369105,0.558184
8.476932,5.924286,6.020234,5.776566,1.137291,5.273966
10.902406,7.742323,3.508343,4.418770,0.662697,0.723556
6.107344,4.520785,2.181540,3.273813,0.637348,0.961755
8.577865,5.908126,3.236885,4.418567,0.761125,1.288450
8.825686,6.632691,3.046801,4.089904,0.463302,1.419522
5.549041,3.880795,2.245326,3.423146,0.910146,0.879880
15.355282,10.784561,3.719352,4.841536,0.643587,0.692558
6.012017,4.562662,2.190453,-0.279558,0.715337,0.245816
9.671177,6.941813,3.165093,6.240486,0.220052,0.475000
17.395332,12.223466,4.735748,7.289485,0.691494,2.088333
15.463085,11.238317,3.952336,9.896917,1.082109,0.767908
7.784826,5.404044,2.491257,6.927243,0.450737,1.514150
11.650253,8.325880,3.301303,6.156137,0.510842,1.366499
30.100151,20.621290,19.155708,23.434303,2.464836,5.910585
12.210320,9.026674,12.109999,17.847040,1.724001,7.136743
24.500378,16.826265,8.159045,7.518074,1.079440,6.245216
15.928393,11.357197,4.512976,7.358085,0.574092,2.242162
29.691042,21.019905,5.324687,10.629095,1.300431,2.854352
8.263708,6.190914,2.667015,2.534218,0.801354,0.461268
34.691574,15.927737,21.341955,35.312370,4.862681,5.771291
35.112751,15.842650,21.976341,37.876156,5.016171,6.011353
9.752273,7.306040,2.971061,2.378554,0.512384,2.935090
16.101768,10.985457,5.028878,4.354095,0.248242,1.199951
45.333591,25.941650,29.036201,30.858267,4.773765,13.683203
20.150822,14.152390,5.996146,7.596625,0.563405,3.482579
45.152397,19.088514,28.942501,36.303837,5.504399,8.615688
40.841602,19.040058,28.938286,43.685593,5.783293,5.735757
8.508284,5.934324,3.052320,1.473690,0.305021,1.145092
8.170115,6.074440,4.662520,3.808050,0.879348,1.213836
61.948246,23.457733,27.848885,40.469536,5.309711,8.295138
87.051849,23.413263,43.268784,54.101173,8.348976,11.688011
51.934513,25.668690,41.182701,60.924599,7.604292,7.795342
29.299929,17.076605,9.618843,10.476653,1.244095,7.149563
14.889726,10.265224,4.233757,4.457106,1.250058,0.906918
47.443146,19.204468,24.697771,27.695038,3.895686,5.755535
86.602295,34.813187,43.300766,47.038208,7.477190,13.235179
119.317924,44.767830,66.438148,81.720909,11.208421,22.269035
79.750839,36.851009,49.734348,67.729958,8.273883,14.939418
16.284952,11.815413,10.464108,11.937921,1.190987,3.505205
14.862826,10.354829,4.345883,7.233192,-0.058878,2.169015
5.834684,4.444867,2.500210,1.692153,-0.198780,0.715205
9.142454,6.951604,3.015083,3.559059,0.394458,1.515308
4.643849,3.257250,1.597473,4.671206,0.351198,4.561037
16.719105,11.741511,4.983802,5.009244,1.011707,3.844819
17.753658,12.880571,4.027586,9.296929,1.299410,1.084589
13.132851,9.679810,3.807736,2.320591,0.903077,1.538624
5.480128,4.204772,2.073787,2.487702,0.209294,0.881970
15.491097,10.710698,4.014624,6.448069,0.144831,1.854596
11.053019,7.871700,3.448648,5.378195,0.440069,11.063207
6.383682,4.694425,2.358715,2.653358,0.211651,0.266815
24.157261,17.401199,6.936680,8.888344,1.653351,2.027472
4.873112,3.729310,1.579622,0.825133,0.709959,0.870003
22.240725,14.597480,7.154591,9.039962,1.602968,0.894990
10.921063,7.694494,3.879734,4.087886,0.033144,2.247080
10.504182,7.645848,3.127024,3.752975,0.863723,1.634207
40.093212,25.324551,27.907206,28.486568,4.266434,8.187191
5.411577,3.872411,7.743900,14.200132,1.850682,1.695258
10.939590,7.518583,3.090534,4.592817,0.563034,1.150745
14.542585,9.972603,5.040380,4.910950,0.539188,1.924365
6.142498,4.680700,2.124063,3.797245,0.561172,1.485415
14.978747,10.681576,4.658433,4.423866,0.569856,0.927907
6.037683,4.325948,2.328498,2.366183,0.089863,4.353637
30.919903,21.318409,11.565785,16.215786,1.471874,2.040232
25.457161,18.254477,7.300255,9.690744,1.260155,3.680783
5.694291,4.086802,2.074198,2.318958,-0.415356,0.809987
8.473536,6.205643,3.439249,1.830225,1.066146,1.032824
11.735882,8.852407,3.847149,6.714608,0.274462,2.493734
23.084219,15.647542,8.009694,11.359245,1.497176,2.987744
12.169916,8.617828,3.561661,7.770160,0.959198,0.708625
14.961337,10.808526,4.510453,6.230578,0.934787,3.564929
13.393780,9.438297,4.228971,5.009691,0.852381,0.958697
23.718252,16.386559,6.470148,6.347816,1.238986,2.415979
6.844344,4.753083,2.363233,4.015433,0.466641,1.652258
10.160723,7.483866,2.764917,4.459693,0.706161,0.443317
24.385771,16.872429,10.334704,13.717901,1.582905,3.989212
5.071878,4.050675,2.703203,1.913977,0.394353,1.209138
29.519920,13.058565,12.885115,17.972191,2.141550,4.568453
19.033028,8.206668,6.346869,7.535998,1.064866,1.238154
5.886289,4.265417,2.419169,2.967415,0.462362,0.255239
16.424618,11.746060,5.164587,7.517688,1.646284,0.415313
16.827232,11.818792,4.981259,5.695171,1.025566,1.541218
13.168962,9.548233,4.847583,6.152479,0.861662,8.069011
5.542909,4.262026,1.969916,4.640274,0.898323,0.386013
9.783890,7.087325,3.108582,4.048633,1.299729,0.945864
5.651042,4.357608,1.855432,2.710145,0.421958,0.924457
9.999990,7.305422,2.940508,3.540571,0.474298,0.860753
10.890142,7.926716,2.816078,4.187882,0.293715,2.250563
6.258895,4.547997,1.920224,4.465707,0.104876,0.894742
18.066713,11.017630,4.937568,0.784461,1.212315,0.917325
19.328714,11.559926,5.401038,3.765994,0.721584,0.808766
21.599546,14.125859,11.893229,18.612476,1.604610,5.353841
29.598526,19.323051,18.375952,24.504387,3.473399,3.142550
12.431593,8.764972,4.029879,5.212497,0.479850,1.009021
42.488789,18.049248,17.581141,18.731825,2.838870,10.930384
41.320549,23.426043,21.895397,32.102116,2.999223,6.333062
75.152435,36.471386,85.091278,104.636162,14.004234,31.091188
77.498505,36.345562,81.613564,109.021729,12.373482,26.429293
32.513424,21.533829,21.029083,22.481281,2.469730,4.967421
26.312340,13.036696,21.378258,23.505638,4.198414,14.347157
47.258881,26.540615,36.537079,47.730518,7.706691,16.788912
5.989796,4.402359,1.706676,0.635879,0.485545,-0.171700
6.263192,4.731176,2.779907,2.599999,0.514031,0.967080
8.660333,6.196690,2.878844,4.666632,0.464129,1.654548
9.478132,6.699131,2.954978,1.677045,0.282028,0.747065
4.128321,3.075103,1.452906,2.240986,0.581804,0.907795
6.773469,5.251785,2.298759,3.757900,0.151754,0.005058
5.365808,3.622747,3.111592,1.947587,0.408366,1.314902
38.899563,15.294381,19.809790,24.231308,3.485310,8.281214
60.367668,19.687399,34.360500,45.703930,5.725913,13.596462
34.945164,21.783134,22.452068,34.481625,4.438763,16.361469
49.161854,17.827042,39.206333,41.137405,5.473426,9.493499
44.815571,18.780764,35.095158,41.609390,5.462102,6.847888
20.308071,13.135291,5.946358,8.260098,1.909633,3.448950
42.892429,25.950907,72.383064,87.451157,10.861471,19.469656
42.970142,23.937580,60.159176,71.583336,9.691227,22.955160
34.119728,23.822514,8.262476,10.575880,1.210323,3.730763
4.502540,3.437099,1.375598,2.886722,0.268410,0.030842
11.318872,8.317760,2.910986,4.685801,1.242925,0.437689
25.760651,18.255659,12.563091,11.384685,1.868388,4.508953
10.514914,7.770694,3.285183,3.640469,0.343716,0.893161
7.281995,5.518155,2.457389,2.915708,0.406701,0.068716
9.334476,6.985576,7.620128,11.530166,1.763882,1.989566
22.466347,15.335312,10.992949,12.335495,1.764508,3.177856
7.480958,5.397256,2.712518,2.721391,0.501307,0.775615
12.595149,8.949794,4.064788,3.274793,0.890394,0.599863
46.795357,28.575270,40.598736,47.220860,7.837030,21.429008
10.084098,7.529238,3.445323,4.809950,0.969736,1.081330
4.132558,3.154770,1.748420,2.009751,0.322914,1.540653
38.519005,14.046866,14.036539,24.215918,2.802504,2.533224
6.342228,4.520385,2.337961,4.321471,0.545103,0.708061
6.539256,4.926609,2.185717,3.853603,0.105845,1.369887
8.990951,7.091764,2.675375,2.912275,0.481889,0.977050
4.436586,3.423118,1.557891,2.526012,0.778960,3.201330
7.797913,5.832679,3.163224,1.477912,0.202291,1.290871
13.359429,9.383475,3.883844,3.653643,0.470789,0.873227
26.502028,17.093458,24.138226,21.850916,3.093473,6.826776
11.228576,7.701121,3.354668,5.002456,0.406017,4.552364
11.057978,7.924016,3.047122,4.058224,0.626216,1.019075
20.509939,14.592340,5.214280,7.432650,0.840392,3.618256
11.856333,8.571543,3.949870,3.980090,0.697910,0.339335
9.000347,6.872787,2.338595,5.804695,0.711987,-0.012101
17.275904,12.888562,7.348496,7.764742,0.962173,10.499169
4.289642,3.450184,1.606871,2.169484,0.443859,0.039829
16.422380,11.808737,5.894140,6.325237,0.617032,1.261500
5.015696,3.485341,1.985555,2.596813,0.380583,-0.290536
45.588547,29.390852,54.760719,68.825722,12.138983,89.359741
18.812567,13.364958,4.749202,7.049210,0.984595,1.632728
5.446525,3.878341,2.320824,1.975102,0.400918,-0.846930
4.908969,3.624911,1.698934,2.807665,0.453563,-0.515575
20.940168,11.896243,5.837790,10.621015,1.013603,2.093378
32.894459,23.147177,14.497507,25.427179,2.960530,35.569122
11.780097,8.574521,3.574821,4.273427,0.624930,1.125776
18.594320,13.357430,5.196664,6.626165,0.815149,1.343318
13.953849,10.047750,4.287818,7.145660,1.130757,2.070942
3.836608,3.039558,1.754178,3.081302,0.518376,0.339663
4.553119,3.399472,1.673500,4.415515,0.509905,2.255994
16.103746,11.069304,5.099708,7.337146,0.311984,2.186262
78.485474,27.862885,52.164211,59.699875,10.252109,31.507320
71.920067,29.403170,41.622009,52.451756,7.315836,16.185562
20.597231,11.620869,5.886861,11.225490,1.192631,1.943571
12.535656,8.912324,3.817027,5.276109,0.932401,0.491555
5.535343,3.809038,2.058120,1.251261,0.092757,0.396284
6.693786,4.688586,2.175124,4.464994,0.648380,0.173355
5.181295,3.998432,1.787170,1.766580,0.563474,0.093907
17.572731,12.582326,5.595785,6.587102,0.883748,2.761992
11.281820,8.170391,2.643507,4.651710,0.670328,0.127438
4.360612,3.137640,1.835292,1.971313,0.607769,0.847915
17.995131,13.179500,6.602667,10.541700,1.583549,3.777444
22.539982,16.606924,8.066236,7.197900,1.309230,1.180457
4.928150,3.848201,1.576599,2.439828,0.486534,0.359038
4.289453,3.245460,1.628594,2.947837,0.055300,-0.271421
5.613134,4.336616,1.890671,3.802088,0.322143,0.764364
15.626304,6.868788,10.735883,14.118744,2.203276,3.263493
4.086922,3.117489,1.691795,2.268563,0.228785,-0.522497
6.510682,4.767245,2.148315,2.705982,0.306118,0.685253
15.246089,10.792846,4.332512,6.564818,0.850827,2.654961
4.616245,3.218991,1.452696,5.111219,0.194036,2.111065
35.828381,14.439363,20.686066,33.348557,5.180076,5.335220
23.913906,16.777897,6.733621,11.709575,1.057311,2.419343
20.060120,14.488976,4.370308,7.781797,0.762680,2.598847
20.784246,14.244627,27.066832,38.664349,4.783327,9.935400
31.445772,22.059038,9.109933,9.718217,1.464657,3.836690
6.864131,4.924419,2.554223,3.808172,0.180491,1.102215
30.158995,20.749216,21.432062,21.404758,3.681098,7.865975
7.223735,4.866769,2.229424,2.235636,0.624886,2.677552
9.577412,7.178905,2.923179,3.204586,0.582324,0.440615
7.013557,4.888470,2.126297,5.137486,0.485874,0.993351
4.060745,3.188088,2.134506,2.845659,0.145040,1.449991
8.830666,6.269584,3.022552,3.075855,0.683126,0.402936
6.678003,4.580298,3.494103,3.690655,0.374088,0.127605
24.901398,15.673311,24.579697,31.921820,3.672797,7.599188
7.483962,5.562100,2.676678,2.597333,0.359667,0.035518
4.560241,3.139639,2.151603,2.456821,0.161238,1.225448
16.899527,11.903292,5.472990,7.849363,1.056676,0.959479
13.773812,10.192632,3.246934,5.187167,0.324054,1.036093
4.969662,3.600112,2.034619,1.160080,-0.116843,0.664528
4.805466,3.414734,1.921772,1.265914,0.481861,-0.275424
8.504407,6.124704,6.388674,6.754209,0.586380,1.691653
10.144230,6.982340,3.832941,6.579242,0.588947,1.337439
4.872551,3.615830,2.084291,2.059771,0.180802,0.591451
48.809677,28.469196,32.027184,42.257481,5.130134,12.085822
15.708052,11.024527,5.265524,6.560603,0.995573,2.581301
13.052925,9.636003,3.722549,4.528508,1.145136,0.562885
9.396385,6.835487,3.268210,4.192456,0.123724,1.886628
14.345656,10.494054,3.625833,7.378423,0.826860,1.537852
16.363882,11.548432,3.714808,7.519216,1.060545,11.282694
7.569603,5.370392,2.551155,4.639496,0.449780,0.404876
21.232967,14.618679,8.510709,10.378821,2.209982,1.479473
5.435440,3.993600,1.712307,2.456203,0.049856,0.140996
33.211914,23.270273,13.355794,14.525308,1.892729,7.549278
4.620883,3.260651,2.671629,2.193543,0.057474,0.482437
5.636249,4.096714,2.120261,3.629416,-0.075432,0.623951
5.183151,3.855748,1.980315,1.426432,0.126242,0.748620
12.007812,8.585281,3.791321,4.027279,0.865202,2.681498
44.571976,19.418240,14.938227,18.314287,3.384433,10.452541
27.899679,19.482647,8.757017,7.482557,1.169928,2.291748
11.099639,8.118328,3.048876,5.991112,1.289455,1.439141
15.571257,11.215992,9.696663,11.826815,1.784271,4.241107
55.441429,23.774965,30.323647,46.082027,5.989319,19.811579
46.798756,22.857338,27.833488,45.070835,6.379808,17.018803
11.126137,8.093614,3.180750,3.597264,0.974996,1.704169
25.798138,18.451231,7.507625,9.446132,1.551981,4.876556
7.437477,5.266837,2.353879,2.965616,0.338882,1.408733
6.181293,4.506167,2.061336,4.655163,0.605195,0.124764
16.073263,11.727511,5.203552,6.357192,1.127667,1.534589
11.063347,8.251101,2.888505,5.658458,1.017448,1.365859
7.209856,5.141311,2.500427,1.795621,0.197334,0.950421
4.831783,3.720792,2.021114,0.781861,0.268576,0.984525
15.809506,11.063194,5.321458,8.983315,0.687063,0.740199
15.095572,10.674688,4.615304,7.003204,0.916067,4.887088
10.022587,6.987140,3.117855,4.928595,0.981999,1.324533
12.117705,8.563624,5.334311,6.338130,1.074547,1.512605
4.043550,3.184649,1.696838,2.378876,0.282290,0.554782
4.623379,3.349304,1.754475,1.979896,0.234374,1.165564
5.581145,3.971543,2.156115,2.242672,0.678509,2.018288
7.671649,5.789587,4.984795,6.395459,1.259649,2.999346
9.631022,7.357557,3.367771,2.757903,0.234771,2.447123
11.492160,8.492135,3.102187,5.082821,0.521357,2.269411
6.422312,4.717470,2.356933,1.814858,0.352308,-0.125359
5.480244,4.170467,1.855639,3.710768,0.585556,0.320570
17.683561,12.794177,5.989888,8.249859,1.449348,0.942804
20.228193,14.225441,6.927567,9.640918,1.472943,2.269447
30.150389,19.277908,32.141163,43.611107,5.046553,10.629834
4.130410,3.168327,1.706220,1.903662,0.584355,1.487324
5.476632,4.079212,2.046368,2.381705,0.248281,0.129261
13.889817,5.755798,4.638106,6.313228,0.920467,1.440784
12.783994,5.524293,5.132575,8.295192,0.719984,1.629912
28.467310,18.514864,31.971481,34.603046,8.052231,26.496738
7.592873,5.680895,2.727217,2.113607,0.185943,1.723051
7.540286,5.738698,2.290155,3.065385,0.608636,1.022697
65.865112,27.723207,32.145397,39.957989,5.693899,8.741274
20.212679,14.696670,5.704969,7.713552,1.249003,18.062532
68.582176,36.755577,34.861729,51.408997,6.855601,12.570216
39.121048,22.492096,16.733177,21.860859,3.455602,4.064739
5.642505,4.014258,1.544936,2.475496,0.262234,0.723122
22.117781,15.419147,6.744660,10.749225,1.846805,5.682652
10.548697,7.172735,3.566881,5.629903,0.998218,1.099273
10.856866,8.116317,3.690359,2.809761,0.405587,1.696818
20.454473,14.749030,6.791765,8.480682,1.552309,2.357897
5.490731,4.124709,1.829293,2.887457,0.399663,1.126099
15.495082,10.917671,14.303474,17.980595,3.122339,4.269027
25.949709,18.139364,12.859067,16.477705,1.705699,4.262977
17.560238,12.392198,7.987878,8.241271,1.183026,1.242771
22.929815,15.957795,6.747313,6.806522,1.277346,1.058699
16.704910,6.686082,8.460191,8.674360,1.261261,1.966818
16.664370,10.866215,5.645282,4.682054,0.944833,2.072262
7.605321,5.446707,1.960813,5.794890,0.680244,1.240671
9.469771,6.730478,3.262585,1.999152,0.786247,0.668815
5.661272,3.934864,2.012155,1.446094,0.346150,0.340903
22.025696,15.671665,9.731312,13.278648,1.632656,2.252894
16.891897,12.333592,4.792511,6.153627,0.758901,1.043838
4.217081,2.912765,1.656917,1.109398,0.090426,1.630888
21.627527,14.795438,7.129580,8.489981,0.743660,3.827187
5.259477,3.318209,1.844239,3.043725,1.210455,1.378098
8.406388,6.052285,2.818647,2.889423,0.360570,0.444715
5.592080,3.899297,2.383492,0.520837,0.598469,0.179879
13.990484,9.858607,4.785198,2.092952,0.793283,1.540867
10.720309,7.843857,6.943936,7.483024,1.837633,5.404819
10.070705,6.884185,3.323480,5.464479,0.599156,0.846216
5.352166,4.307882,2.313803,0.548865,0.215728,0.604667
19.351366,13.778995,6.016396,8.538412,0.960396,1.934815
4.981628,3.760066,2.076340,2.038524,0.415968,1.668255
15.192601,10.712929,5.519845,6.021194,1.120020,3.068460
6.757818,4.843218,2.927387,2.944643,0.482683,2.727474
6.495946,5.032538,2.653910,0.095603,0.447172,0.926553
28.272631,17.320364,7.184540,9.804195,1.558026,2.925515
10.542809,7.488122,3.506338,4.199366,0.605780,1.103528
6.650872,5.010851,2.002659,1.933634,0.765883,1.446813
8.573565,6.420659,3.387526,3.616289,0.294304,0.408187
7.794557,5.919058,3.464471,7.082483,0.470583,1.234378
10.811510,7.960966,3.448229,5.631235,0.647478,1.743642
12.794045,9.047164,3.853626,4.353956,1.232339,1.346157
5.828887,4.717709,2.349061,3.438023,1.186121,1.951900
18.606733,13.051212,4.794367,1.604827,1.227985,1.125217
4.345255,3.124132,1.824812,1.198485,1.015927,2.350696
6.531163,4.578567,2.300552,2.951239,0.841091,-0.112508
20.246708,14.448966,7.334322,9.845905,1.235567,3.232138
23.096397,16.913614,12.040749,16.676620,3.350330,13.254715
5.274323,4.182093,2.187129,3.428391,0.617436,-0.022568
19.597515,7.902946,7.835137,6.067702,1.600398,5.213006
38.806931,22.417850,31.151121,37.333103,5.935169,7.596983
41.113770,21.641773,49.667439,78.238358,11.266640,17.345352
72.295349,29.438641,56.823284,82.520432,12.238600,24.016811
83.433929,38.794571,64.889336,90.435989,13.694300,34.377628
29.329437,15.718870,51.532116,64.531975,8.805099,20.819088
48.772865,28.031538,21.147650,28.812735,4.813203,18.220264
19.604313,13.208398,43.813961,45.092857,5.998148,19.165579
7.013440,4.890727,1.905918,2.283676,0.457732,0.265808
5.248308,3.806635,1.495453,1.625305,0.796371,0.133080
7.725282,5.767079,2.888393,3.152360,0.540132,0.837256
4.778661,3.696820,1.927672,2.433278,0.261092,0.843121
7.402177,5.154189,2.684474,2.793208,0.129511,1.535243
9.472595,6.856274,5.231092,6.211268,0.842386,1.236916
12.593244,8.859860,4.099209,5.240644,0.727019,0.926172
38.143307,25.791128,22.685665,24.190790,3.302681,6.230982
38.799728,26.483919,27.982468,25.382431,4.035182,7.696568
7.121502,5.240837,2.711027,3.616279,-0.000425,0.598775
4.180936,3.130563,1.894813,-0.004236,0.589569,-0.239363
12.103008,9.106711,5.382794,4.417398,1.257103,0.864468
22.017267,15.262796,7.604895,7.000527,1.963618,5.342162
38.541393,17.208073,34.678902,51.120533,6.064420,9.396148
35.409740,17.006866,33.868614,55.127399,5.650093,8.657825
6.922037,5.233541,3.176654,3.186056,-0.027066,0.670209
42.524895,20.911263,15.322505,19.311977,3.002983,3.310957
6.006728,4.419878,2.366615,3.433442,0.718882,1.579752
19.721203,14.019086,7.188338,8.651291,1.319658,1.445824
9.064842,6.419704,3.949736,5.771919,0.968140,0.417956
11.671087,8.645081,3.539673,4.807412,0.594189,2.346754
8.192500,5.986443,2.465734,7.286134,1.175398,1.701879
25.340389,15.962007,11.026173,25.636286,3.351584,4.714280
92.083885,32.871426,80.745117,94.939568,14.912219,31.837479
47.387093,32.166870,40.366077,56.990917,6.418458,7.326096
8.449514,6.186140,9.217665,11.084484,2.077517,3.103328
49.104767,30.813869,24.540762,27.853981,4.564959,7.511427
21.422358,15.133474,14.046696,28.469799,3.750148,5.500032
47.713741,22.454617,15.791280,26.081158,3.486436,5.077951
87.451729,37.289539,130.766266,168.306946,25.747162,62.168270
99.592598,29.610071,94.852242,150.491135,20.971455,56.186066
85.778717,29.456484,52.231815,88.193871,12.260832,50.554420
79.959984,25.706385,55.671864,76.035591,11.161712,34.995895
61.459591,25.715111,47.382668,67.073349,9.871818,24.349108
75.849014,33.702614,73.424164,97.503975,14.207398,49.391544
112.106171,37.556622,138.003937,202.938629,30.776333,82.194328
117.066208,35.496494,211.669128,309.167511,40.461399,75.216293
60.904850,28.159567,144.974640,223.880692,25.715269,39.561371
62.505901,24.201975,40.448135,58.424232,8.108394,14.543110
112.339691,35.836060,161.696716,214.537430,24.704260,43.478661
91.996803,24.524475,140.722382,164.611786,21.103619,41.724174
122.508301,38.005672,246.422760,319.411285,38.666092,62.733181
102.569168,38.010803,219.395340,301.902985,35.912373,49.523987
63.400799,25.672632,287.910614,298.876465,37.914013,66.620224
81.811676,33.493114,42.625771,71.437202,9.518759,15.310301
54.813469,23.587654,22.833002,47.996487,6.147300,7.361972
27.452484,12.133668,14.337511,23.866228,3.899424,7.333652
27.145802,12.096749,14.971066,26.888824,3.976901,6.816692
27.478014,19.672951,7.625664,13.770840,2.540870,2.052402
37.313709,16.594767,17.740408,25.078743,4.971825,20.502192
45.651665,16.547113,25.111616,33.611576,5.541240,11.627848
30.947716,12.767577,19.348631,29.984436,4.106363,6.354363
43.590115,14.247798,31.891163,44.506969,6.867972,14.502465
91.485847,32.886177,150.866486,210.203629,29.250261,63.326069
85.196648,30.685257,90.207787,116.387039,17.355928,55.677689
94.116180,31.097511,96.024124,160.649796,20.525110,42.026730
117.757401,33.354969,164.847641,221.526154,34.826492,63.565651
96.524384,30.515467,127.676697,196.507278,24.994949,32.163551
75.844925,28.525091,39.574184,66.909081,9.054199,13.067107
14.398992,9.884377,3.890597,8.416253,1.291120,1.717217
12.326908,8.917081,2.525773,4.324024,0.896117,4.762839
33.172424,23.339670,9.453193,14.449974,1.970899,4.612608
23.511221,15.005515,30.718569,37.847649,6.049906,15.659950
5.979569,4.164675,2.152744,1.089511,0.887789,-0.207431
13.755172,10.183450,7.132631,9.232401,1.776927,2.114292
36.015472,23.374743,19.969423,23.987894,3.393680,6.504156
12.471831,9.238024,3.580919,3.570745,0.798812,6.704578
11.877598,8.380407,8.895071,11.089691,1.144911,1.421179
6.295423,4.596713,2.369445,1.122624,0.181910,2.592730
4.055887,3.329445,1.483801,2.439941,0.146521,0.148846
12.107649,8.824279,3.503286,3.901217,0.954762,1.174169
30.527861,19.189190,11.003171,15.618183,2.129520,2.898274
21.397175,15.219838,6.915092,9.568515,1.641747,4.339678
10.024273,7.030077,3.353595,2.377083,-0.002074,1.800336
3.707319,3.027559,1.824714,1.416615,0.294825,0.590085
9.087346,6.282320,2.457358,2.439306,0.400072,0.133413
4.597774,3.545482,2.208365,1.931307,0.822046,0.595985
27.923323,20.223045,8.669385,11.201990,1.350098,1.292139
14.444164,10.722136,3.984025,4.496645,0.585532,0.645142
18.544325,12.824422,5.630170,7.242418,0.882749,1.244604
13.875528,10.027380,4.455938,6.048375,0.798988,1.675124
5.427208,4.049011,2.004591,2.867280,0.100626,0.740049
13.382079,9.641608,3.981277,2.416570,0.846212,-0.223870
20.033522,13.843683,6.022309,7.058253,1.502902,1.840514
15.556150,10.809004,4.649989,6.732462,0.901044,1.394863
4.580678,3.353191,1.831901,0.838600,0.717796,0.548471
15.212678,11.457951,3.303360,4.626873,0.938803,1.067057
35.439171,23.466635,20.324694,22.841673,3.227063,6.271904
15.165773,10.816862,4.267341,7.195358,0.643118,1.856123
5.482135,4.313471,1.960474,2.191972,0.578824,-0.417545
14.545230,10.117971,4.378280,4.790214,0.407571,0.600963
11.159172,8.095913,3.129571,3.477075,0.588960,1.169196
8.521133,6.133641,2.280610,2.892780,0.509430,1.163689
17.671064,12.538551,4.521654,5.929770,1.385220,2.602206
5.459485,3.852454,2.051982,1.514316,0.397202,-0.134007
13.822393,9.665359,7.361563,8.209622,1.976032,2.414650
4.966630,3.519431,2.005642,0.574771,0.562440,0.993487
27.335995,18.041298,12.625830,19.229259,1.893282,3.710462
5.734225,3.918283,1.741562,1.000810,-0.139986,0.942499
18.741310,13.539303,7.723292,7.498974,0.636771,3.604642
6.751797,4.549696,2.293911,2.749226,0.233143,1.264633
5.878817,4.018240,2.526203,3.557629,0.785516,-0.162785
14.818420,10.957444,4.962436,7.047326,0.585733,1.898981
10.173433,7.575518,3.866295,5.793371,0.723297,0.999434
36.936169,21.110891,78.979652,102.503395,14.887268,30.862215
40.506229,22.924906,37.390564,46.124859,6.966408,11.196097
19.133528,13.216337,5.900889,8.065293,0.922503,1.598836
4.926285,3.673106,1.708017,2.118772,0.333327,0.311564
6.792140,5.046809,2.521822,0.974040,0.071713,0.074356
19.812237,13.984685,4.734770,6.914854,1.449240,1.032918
12.623366,8.996783,3.805235,4.867345,0.564627,1.810437
7.713215,5.561831,3.161484,5.210570,1.050578,-0.058002
8.387094,6.025971,2.701893,1.673243,0.796981,1.678261
19.335684,13.232498,8.980726,29.612680,8.094193,19.808771
7.405876,5.528834,2.969748,4.158068,0.667176,1.375642
8.831817,6.475709,5.096575,8.323416,1.441716,2.433088
84.489311,39.518761,187.867615,261.669800,34.582096,46.852028
4.025120,3.031553,1.783269,5.003763,0.135610,0.980078
33.661934,17.223412,15.636493,20.095881,2.743352,5.654082
60.154533,20.332638,72.797417,110.701134,14.994125,29.192034
19.367970,13.737877,5.281579,6.436985,1.351201,2.433887
5.436532,4.022535,2.038032,2.657630,0.105918,1.429313
53.746143,31.012064,45.799789,51.845673,8.809931,10.024155
17.744680,12.432719,6.047080,5.395474,1.088452,1.501303
22.807552,15.970690,6.887885,7.372061,1.521879,2.014142
16.972904,12.210508,6.424235,6.819434,1.312515,1.983750
11.025746,7.744391,2.791274,5.023716,0.872646,0.432769
90.636383,30.138426,111.349876,149.567993,18.706926,32.268948
33.250835,17.875483,12.977875,20.711700,2.557654,4.786651
31.098324,16.340425,9.974047,9.402998,1.415582,2.419190
12.299394,8.820024,3.715557,4.883932,0.857892,1.433076
52.904156,32.760834,31.184414,31.465706,5.328791,17.766640
7.993924,5.713540,2.467817,2.887314,0.330551,0.118371
30.160931,20.240860,7.103325,10.334348,1.596871,1.925002
4.360835,3.160273,1.434909,0.537238,0.256104,0.198809
4.975777,3.725283,2.712071,3.698732,0.928690,4.983455
13.629616,9.910914,2.792742,3.174325,0.795721,1.192425
9.163407,6.020613,3.374286,2.709295,0.670750,0.794770
9.165237,6.629580,2.909569,2.393438,0.145471,1.476856
7.973054,4.111925,2.091173,1.675990,0.356149,1.525535
19.067196,13.570698,4.315031,7.959053,0.906322,1.593834
12.613853,9.311963,9.726734,13.638772,1.218647,4.846065
4.549037,3.366762,1.377072,1.942313,0.401646,0.485835
7.471045,5.797521,1.965193,1.480207,0.354341,0.601375
28.206902,11.308070,6.840617,9.836204,1.483764,1.664731
84.044724,41.401852,107.475319,150.070877,19.698694,34.855171
8.129482,5.841697,2.449242,2.512981,0.768880,4.092724
7.575390,5.342829,3.026653,2.994076,0.067038,-0.122610
13.682736,9.673043,7.230906,8.730836,2.366955,12.318718
11.755551,8.377507,3.121272,6.888465,0.653025,0.807937
5.939850,4.085070,2.272384,3.660051,0.223996,0.672708
3.946351,2.996477,1.815272,2.788774,0.142214,-0.141962
9.715164,7.152375,3.462132,1.943082,0.151645,1.114664
8.756724,6.683389,2.956420,6.109729,0.394305,-0.169973
7.678849,5.657103,2.262878,2.300803,0.526083,0.654061
9.344173,6.910799,2.744912,3.700075,0.138153,0.236255
46.935951,28.201557,32.531216,38.891060,4.687781,5.768839
34.841522,23.545086,35.965389,56.915455,8.103247,13.421767
5.452300,3.840989,1.646367,2.571690,0.023707,1.736660
9.311389,6.896776,2.529710,3.737144,0.117788,0.112368
5.419490,4.144958,1.921453,2.292088,0.414808,2.184387
8.737871,5.176477,2.607765,1.991965,0.386253,1.342486
7.354891,3.978020,3.006019,3.015955,0.462504,0.031623
70.453606,33.916809,58.197010,67.996185,8.824062,17.368753
67.311562,33.956844,59.290081,75.526802,9.062482,16.240862
62.675350,39.822876,48.928165,56.795135,8.227427,31.308439
5.721927,4.124328,1.387099,2.071929,0.169150,1.380362
41.047764,27.800303,21.934292,23.768852,4.111002,5.643192
10.682863,7.877522,2.824175,6.188535,0.515987,0.230091
6.663682,5.228470,2.194616,2.623530,0.320654,-0.373029
19.737585,13.706568,5.667884,4.735462,1.778016,1.633289
63.263512,26.033112,25.166630,44.838017,5.375384,7.998136
61.084370,26.034712,24.959587,46.028858,5.299831,8.670755
29.337557,17.889311,34.928108,48.801079,6.686314,9.539667
11.772030,8.321435,6.479909,10.767521,1.646708,6.565229
4.625021,3.422642,1.707591,1.523007,0.758428,-0.238138
27.344065,19.529638,7.790562,10.195156,0.868041,1.742112
11.267418,8.088526,3.423924,6.287231,1.367267,1.579011
11.465963,8.042138,3.290985,6.476140,0.663094,-0.499843
15.385323,11.238139,3.002811,7.156558,1.004508,1.140340
60.241867,35.532761,48.438854,58.932713,7.870184,13.824080
51.652962,26.006088,138.902557,177.988205,23.567543,53.090889
69.041702,36.928139,29.575981,39.974491,6.300580,7.740732
106.141533,40.065716,97.228088,122.448608,17.987049,51.574051
128.042419,35.707455,293.948517,355.570984,47.005417,138.891388
117.798500,49.124306,144.942673,216.538651,27.296854,85.498703
36.030670,19.769821,54.438843,101.339653,10.683163,12.870080
98.239014,35.550976,122.025330,147.619339,20.405300,48.615063
145.149979,48.841759,160.690353,262.773956,39.211422,98.579994
146.510529,48.747997,195.813751,313.777710,44.677406,117.837303
92.751801,32.426086,167.565491,235.129898,34.609409,72.429543
89.029221,44.716606,181.215164,253.444794,37.640480,55.983280
72.940918,35.944599,74.017311,93.179642,13.017861,27.533649
20.383924,14.043459,5.803364,17.986801,2.227301,2.606416
59.475620,31.835787,82.138306,104.973656,15.246481,32.489063
38.176712,23.516857,31.059687,45.884445,7.655734,34.208134
34.565865,20.289953,29.137743,41.862564,5.836446,11.176665
48.649742,22.077106,23.016111,39.012085,5.082397,9.255486
48.043957,22.103296,24.011656,41.955296,5.667735,8.215910
29.634411,18.543472,32.459492,55.061481,6.754632,7.571202
56.996841,17.547321,44.473488,63.523872,8.411744,20.975418
14.442268,10.756993,4.223428,3.895971,0.363454,0.657187
15.269516,11.115453,6.898727,7.134440,0.600869,1.072264
9.411383,6.398046,3.248533,2.973023,1.322826,0.677826
30.263578,21.394314,9.822961,12.449481,1.802391,2.811405
6.008534,4.266009,1.936918,2.147662,0.432426,3.012155
8.781107,6.293348,2.815530,4.885365,0.111854,1.110075
9.434577,5.724766,2.745565,3.359237,0.116737,1.929838
12.254656,7.734633,3.704919,4.885160,0.575894,0.711230
19.803064,14.148212,8.844391,12.250013,2.092430,11.168270
9.749437,7.253995,3.174866,6.022746,0.931846,0.722418
5.535084,4.260939,2.396255,5.654033,0.278261,-0.086216
25.165991,17.681480,9.389688,12.349094,1.643478,3.888031
14.684937,10.397614,5.458441,5.573853,1.233524,1.815462
11.192980,8.104423,3.563199,4.395245,0.428179,0.778727
9.405970,6.557746,3.085842,4.459947,0.514487,0.637240
5.420209,3.759319,1.869786,3.756636,0.561194,0.708312
20.661032,14.474130,9.925762,12.726898,2.271921,3.004381
16.433020,11.628463,13.049298,16.449041,2.202165,7.829166
26.975376,10.808379,7.617649,9.212748,0.999921,2.851441
45.729786,30.098461,24.214914,27.950665,3.555071,8.704134
5.557487,4.138750,2.024876,3.647950,0.055269,1.108620
24.572905,17.364788,6.865396,4.293997,0.904431,2.403283
23.088827,16.380711,6.585008,6.438613,1.359218,1.760028
5.412944,4.335791,2.092566,0.980185,0.111037,0.485491
10.662091,7.552180,3.153496,4.247774,0.253096,4.859674
4.680153,3.647564,1.876936,1.738645,0.773034,0.199350
4.757453,3.320298,1.572888,3.699345,0.155179,2.062433
18.387701,13.127693,6.171015,6.265537,0.502418,1.797288
6.394189,4.376204,2.345065,4.089237,0.117009,0.773152
7.075521,5.317165,3.333697,3.413136,0.569821,1.120643
18.010183,9.194404,5.486200,6.293500,0.926263,1.607319
10.591223,7.893126,3.331462,3.553220,0.574312,2.239502
6.017478,4.356585,2.473576,2.724727,0.185030,2.704121
44.893227,28.118492,29.755131,47.914135,5.355542,6.843796
25.603077,18.191244,6.915671,11.147949,0.790928,2.102027
4.375380,3.259143,1.707734,1.715110,0.187784,2.558404
13.952445,9.906620,3.426790,5.362688,0.668039,2.437678
16.039347,11.455232,6.432952,6.941964,0.689445,1.382183
5.941405,4.069985,2.205961,4.416463,0.523895,1.518596
9.749058,7.274786,3.028549,1.788624,0.413105,6.501938
5.349998,4.108169,2.142595,4.431142,0.734816,1.661711
61.982941,33.209904,66.506775,86.605217,12.478944,15.499414
7.012722,4.727726,2.304581,2.984579,0.466583,2.736981
20.473171,12.236968,5.723171,8.241468,1.184302,0.865752
14.986862,10.430064,4.706698,8.464653,1.214257,3.123677
52.158325,32.143402,23.327660,27.344608,3.110240,6.165700
56.865715,32.148308,24.757471,32.548065,3.732857,6.317689
5.078314,3.461130,1.976886,0.667971,-0.106967,0.186396
6.609979,4.686582,2.509550,3.692135,0.525967,0.267536
17.037786,12.655432,3.801610,7.012777,0.695537,0.652272
33.787167,23.340328,16.037085,17.881319,1.485462,4.189152
6.830277,5.062201,1.925520,4.293334,0.226992,0.699030
14.502228,9.736712,11.058535,13.782777,2.837461,35.066601
10.151463,7.220377,3.003563,3.414909,0.557828,0.665109
8.294026,5.938513,3.310905,5.646155,0.765083,5.534491
21.169903,15.030457,6.044480,8.255805,0.793378,0.719612
10.514864,7.532463,3.692092,3.962187,0.501204,1.253799
18.788088,13.421179,5.705018,7.926768,1.092700,1.191202
30.573124,20.320555,13.551576,13.679395,1.605893,5.633447
14.595621,10.454731,4.935823,7.689944,1.154426,1.044199
11.718143,8.197257,3.405723,6.483917,0.999705,2.902528
8.746204,6.392884,2.632290,4.835318,0.469516,0.734815
6.539421,4.432604,2.469542,4.669878,0.243542,4.793886
17.229012,12.072394,13.451107,21.083569,2.021792,3.539954
61.254356,28.719797,76.337845,90.934235,13.945809,26.709690
94.003670,38.143745,184.169006,213.087326,26.804754,41.697250
29.447628,19.407806,24.063568,35.050323,4.346429,7.602048
9.768711,7.225452,3.130246,4.972258,-0.066073,2.321895
13.902174,9.491304,4.926543,6.401556,0.492450,3.659292
5.095314,4.035951,1.573525,1.655264,0.488684,0.843370
9.888784,7.080823,4.216627,4.656307,0.709514,4.108606
13.606966,9.953491,3.046107,7.566285,0.615097,0.284457
11.999507,8.356473,4.019075,4.658749,0.770441,0.267775
6.690209,4.682616,2.489846,1.647370,0.823382,0.526445
17.522223,12.245214,4.874251,5.761266,0.611405,1.852058
18.322882,12.724131,7.856843,14.498811,1.878754,1.830176
11.144564,8.088572,3.455630,5.832918,0.892693,6.841291
5.566249,4.228113,2.032965,3.187993,0.644679,0.965284
5.727276,4.340946,2.010084,2.895832,0.628558,0.177645
14.663153,10.440536,4.692541,6.673222,1.156707,1.987138
12.982764,9.529838,4.047116,5.622989,0.604072,1.530080
4.284331,3.141145,2.308654,1.839471,-0.177082,-0.336577
17.841803,12.642475,6.110533,10.928606,1.436405,5.796562
11.167667,7.694039,3.606596,3.925917,0.404156,1.271207
21.081705,15.157657,7.063869,12.388087,1.694560,1.872211
11.461651,8.080398,3.310966,6.077995,0.517972,-0.109025
12.216010,8.910488,3.250407,3.811053,0.197257,2.223975
7.485189,5.073883,3.254287,4.007336,0.954692,2.081057
18.948654,13.025872,4.994354,5.177101,1.526787,1.866918
21.813314,15.143663,13.306995,13.082834,1.703122,3.599922
13.823794,10.002811,3.993446,6.028224,1.847937,4.381487
8.398650,6.149048,2.555427,4.249223,0.950684,1.004458
24.480568,17.810213,7.726820,9.885627,1.948347,5.961456
17.588900,12.498581,4.788856,8.952339,1.039133,3.107509
31.449284,22.347530,12.214027,19.955280,2.498613,2.338473
42.999863,27.946903,13.251877,16.479601,1.617146,7.260636
23.007439,16.518589,7.375817,5.560801,1.315366,1.662959
10.112586,7.308065,2.966289,4.122633,0.792894,1.454218
10.451266,7.448429,3.654747,6.505651,0.900364,1.215026
11.087392,8.304049,3.311216,3.568594,-0.004246,0.575665
14.954033,10.543034,6.583942,9.958155,0.897616,1.370661
21.745071,15.096622,11.614005,12.613969,1.723806,7.102216
10.538368,7.791193,3.305691,4.612560,0.609927,1.762004
15.215691,10.758312,9.138414,15.896734,1.863280,3.490994
12.150719,8.483586,3.402740,1.881960,0.587990,1.251445
7.654922,5.493010,2.790003,4.101703,0.142171,0.952407
5.295702,3.786942,1.850474,3.579693,0.541012,-0.190458
34.931065,22.948179,21.760818,27.116364,3.605579,5.982489
5.807456,4.502898,2.428341,2.359877,0.240464,-0.449907
28.647305,20.163679,7.644955,6.222566,1.039543,4.071058
13.847206,10.130816,4.307921,4.958409,0.877698,0.972792
12.064793,9.033329,6.582006,24.663593,7.145200,14.898123
15.730150,11.107490,17.306034,16.913387,2.929969,3.936400
13.431023,9.453111,5.632380,5.886800,0.524280,0.699437
28.622866,19.745234,15.744662,19.148563,3.108443,4.791994
18.453131,12.870536,8.093535,13.453612,1.801471,4.100339
13.715675,9.975946,3.899118,7.787690,0.645056,1.885855
9.207541,7.045677,3.156643,3.722881,0.404536,2.380678
17.188923,12.150011,4.218642,5.236882,0.539950,4.112329
20.918909,14.987876,5.341035,8.586827,0.564496,0.976569
30.786385,14.647274,10.528527,13.076227,1.880487,9.115796
63.711769,32.778336,86.831894,99.497070,12.764423,36.886879
11.736743,6.002739,4.158043,2.174774,0.892373,2.373496
13.256624,7.571640,5.325042,4.096634,0.713876,2.403582
15.314911,11.232756,4.760884,6.058272,1.896211,0.511951
20.188692,14.922839,5.424412,7.189115,1.320898,0.989804
26.493130,16.091177,11.250608,19.742022,1.993992,2.412001
66.627403,29.178816,34.404846,47.844746,6.336084,12.439363
56.669048,26.802393,34.510086,52.312325,6.395691,8.287588
4.221450,2.948233,2.061002,0.340270,-0.095319,0.361767
5.317609,3.895268,1.772393,1.654236,0.292729,0.419418
31.387314,19.039118,17.391800,20.957077,3.054188,6.907265
18.379183,9.306239,18.613512,32.472309,3.962927,5.790567
8.942206,6.737324,2.126515,3.262207,0.546377,5.905932
11.080728,8.337309,3.333398,3.906804,0.463523,1.013623
16.979586,11.929669,4.681295,6.382657,1.295997,2.611938
10.099416,7.016145,3.468641,2.708009,0.816396,1.395193
12.970533,8.865724,13.242093,20.947784,1.985047,2.233906
15.846472,11.748985,5.662452,10.784714,1.312361,3.016552
5.626383,4.375919,2.027965,2.834183,0.249466,0.683287
14.117324,10.080787,4.190048,3.221594,0.868427,0.772934
9.564269,6.910111,3.180649,3.718328,0.592471,0.654468
11.661659,8.594975,4.275922,4.659356,0.767936,1.110749
6.165795,4.650139,2.696443,-0.509596,0.336412,7.801335
11.675055,8.199944,4.696424,6.597908,0.262547,4.018734
19.009527,10.301038,6.532845,11.127672,1.343675,2.368151
5.191137,3.716899,1.781929,1.380555,0.088963,0.471472
7.167066,5.479459,2.449559,5.191204,0.656638,1.202538
4.063803,3.061732,1.571082,1.019109,0.438174,1.210111
6.953826,4.967180,2.443638,1.652260,0.424703,-0.195063
7.119981,5.180632,2.886985,3.229079,0.269198,5.429061
13.700074,9.705566,4.122216,4.042868,0.734831,1.292344
6.517882,5.101287,2.723305,2.620692,0.277753,0.273317
6.679856,5.227675,3.346951,6.119031,0.880609,1.753126
8.041586,5.805893,2.970279,4.789583,0.716261,2.923630
6.465512,5.058427,2.220392,2.285461,0.529426,0.563117
16.037508,11.369260,4.972140,6.057939,0.649104,2.152996
4.399102,3.420059,1.406913,3.375094,0.576921,1.142743
6.665319,4.891071,2.689232,3.458317,0.417627,1.556164
13.926731,9.905025,3.375728,4.990576,1.018023,1.491715
13.518475,9.292765,5.175737,9.026437,1.121044,0.899418
9.845352,7.271441,5.350703,9.706280,1.220602,1.514031
20.965076,14.679011,5.400670,8.047421,1.169446,5.347454
8.576610,6.122829,2.923484,3.110463,0.454882,2.136342
16.515385,11.590053,5.197999,6.411763,0.931833,1.328738
26.882927,18.032200,21.482468,35.614658,4.696575,6.280320
14.767315,7.279272,5.906076,6.422219,0.873894,2.003806
14.517001,10.086225,4.591924,3.480227,1.463664,1.791882
13.066159,9.548075,3.791236,4.713068,0.629433,2.442802
26.486746,18.228991,6.561562,7.553723,1.298891,2.689229
11.616973,8.147329,2.999651,3.162796,0.413559,0.292605
21.129383,14.384274,20.693310,21.899450,3.369718,11.557529
9.157041,6.084187,3.706552,4.492298,0.218041,0.735030
6.984863,5.267813,2.164819,4.728723,0.700708,1.348972
13.224761,9.093412,3.739559,5.850495,0.666327,4.410684
6.965984,4.761970,1.993218,3.920831,0.361268,0.944066
13.194914,9.772181,3.342063,5.697991,0.653187,0.338560
10.337667,8.097292,3.149526,5.116419,0.512823,2.375437
5.030480,3.902800,1.858632,5.483788,0.445672,0.254487
28.990129,20.694878,8.439619,10.603597,1.743947,2.961276
37.527111,24.050894,23.456419,29.508415,5.095192,6.170440
7.293060,5.402453,2.233148,3.853426,0.547166,1.279974
11.165281,7.774898,7.233052,11.032145,1.850104,0.914140
11.085707,8.030851,3.659115,4.401056,0.450757,1.297572
13.432509,9.651271,4.056958,5.024256,0.057318,1.749603
22.816917,16.143101,5.499013,7.913666,1.502640,4.076555
8.587036,6.239504,2.691626,3.388993,0.595081,1.301353
21.456287,13.713958,5.869747,7.606649,0.918877,2.891205
10.897540,7.618359,3.215197,2.985296,1.184245,7.527637
5.344245,4.035878,1.940425,0.243561,0.432877,2.728190
15.322685,11.027107,3.757492,5.755222,0.820564,6.518503
29.424234,19.799540,8.161304,9.069488,1.150404,2.348931
9.363070,6.505656,2.766800,4.272451,0.777706,0.541614
21.542248,14.330674,21.436523,22.989666,3.447708,6.853035
7.449045,5.821953,2.314488,14.834257,7.531893,24.277882
8.853786,6.400843,2.876752,3.843856,0.545053,0.015323
16.587866,11.637734,4.076699,5.369436,1.659651,0.151310
18.308090,13.254916,4.941751,4.741121,0.927780,0.977075
12.467045,6.530963,4.537526,6.946004,0.929347,0.076263
4.413383,3.217714,1.750341,3.789061,0.433223,0.723626
6.179568,4.344770,2.187233,1.889949,0.463137,6.883958
5.440405,3.867649,2.014292,2.521090,0.653660,1.058384
14.821797,11.066216,5.605847,6.902437,1.018999,1.484911
9.270250,6.889359,14.680402,16.901098,2.847900,5.177493
15.992178,11.853327,5.276037,5.387280,1.126637,1.520960
12.269864,8.844294,4.745782,7.443915,1.398180,1.642145
15.496064,11.407724,6.344992,8.587836,1.564988,2.407918
9.504841,6.637607,2.766178,2.558505,0.797542,5.112143
13.361009,9.432947,5.542507,8.443186,1.081112,9.377423
5.452538,3.889393,1.808517,3.397461,0.150172,-0.034794
16.878010,12.173643,8.967996,10.401183,1.761770,2.408183
25.762383,13.176493,6.060636,7.670176,0.842529,2.457323
41.571693,26.135803,10.997766,14.396873,1.393787,6.000211
21.813490,15.101694,11.832597,19.657516,2.516720,4.309304
35.544315,21.980944,51.120750,68.385735,9.716601,13.810387
5.160560,4.095840,1.907418,1.804320,0.311669,1.277060
14.730800,10.715376,3.569229,3.417708,0.950915,0.957692
22.936920,16.133352,6.373693,7.505358,1.270717,1.361925
17.393370,12.799604,4.859723,5.706020,1.668937,3.843096
7.090390,5.066902,2.392292,1.580046,0.657393,1.367080
23.644075,10.504432,7.787057,9.842439,0.771257,2.764597
23.767973,10.362415,7.833793,10.668729,0.861050,2.355542
7.679430,5.984448,2.423777,5.902662,0.214389,2.275564
43.305477,29.009460,17.177942,22.259293,3.432822,4.625572
32.131283,20.921284,37.648624,51.473026,6.527821,13.621149
15.743356,10.390176,26.865173,36.795395,5.344046,11.045792
15.395472,11.082810,4.479797,6.970839,0.322820,2.192127
10.966672,7.886689,4.015863,6.062145,1.147678,2.837549
12.179430,8.850039,3.935037,5.806277,0.569739,3.052121
20.546021,14.269732,6.716196,8.361033,0.787729,3.195227
13.488626,9.464886,3.695920,2.714141,0.673383,1.469599
13.629035,9.954229,4.366397,7.927505,1.148129,2.326978
6.722981,4.975156,2.723661,1.363199,0.493847,-0.070352
7.717370,5.493547,2.576235,2.072181,0.627457,-0.048647
20.861607,15.032025,5.702578,11.618903,1.795709,0.079394
8.276156,6.139473,3.812331,2.184569,1.269796,1.496106
6.243613,4.782268,1.907977,2.146012,0.472613,-0.008821
7.870685,5.883025,2.756290,2.570223,0.146662,0.146656
23.418581,11.649812,18.807964,30.961905,3.600210,9.563551
39.234356,17.151854,17.393000,32.539883,3.835931,11.456231
67.741310,38.337444,58.728657,72.168289,9.273258,18.419586
15.951330,11.367279,10.245635,11.694687,1.367165,6.838749
21.211258,15.781893,5.326604,6.001684,1.120689,2.697087
17.456379,12.393567,6.696529,6.873429,1.322310,4.919621
8.707276,6.271307,2.884655,0.754112,0.370384,0.746530
19.640789,13.805723,10.850624,11.048207,2.205042,6.703442
28.706186,20.514565,9.052516,12.796704,1.317704,1.583233
8.614860,6.248168,3.058200,5.020091,0.946370,1.798809
24.862576,16.683170,23.179800,26.999802,4.094626,7.599543
6.713984,5.067728,2.037757,3.143751,0.815653,1.010730
12.561935,9.073030,4.119981,3.852318,1.274691,2.197287
9.387710,6.831437,2.825114,5.848873,0.554577,6.315918
18.381144,13.038483,4.635650,8.257459,0.584901,0.262099
6.005394,4.257444,2.036742,1.659542,0.283008,1.970772
17.583914,12.458282,4.096245,5.466136,0.412137,1.508096
7.070712,5.180945,2.810230,1.943862,0.348644,0.062649
15.579503,11.071323,4.184627,5.388436,1.115686,1.281456
11.271210,8.075805,3.405147,4.884896,0.429848,0.806128
14.690855,10.671834,5.467071,7.509364,1.889216,6.880081
13.426087,9.740571,5.610699,5.719602,1.747711,4.207338
10.938762,7.588651,3.223946,4.769544,0.415295,0.185421
6.449343,4.569169,2.101463,1.676646,0.409111,-0.337894
41.345261,27.485664,12.338161,16.432325,2.259394,3.710828
29.372255,20.347673,35.205906,55.680431,7.781349,12.522058
83.622940,38.465919,103.174202,131.604797,19.006479,30.780291
30.562815,16.401014,8.361613,16.147530,2.083827,4.854053
54.472557,29.993683,40.237469,72.434982,8.763147,13.768143
54.977879,22.582230,31.224815,37.155617,6.475769,18.529675
112.238976,35.218147,180.756882,224.534561,32.981129,94.892426
133.810272,34.019112,195.702927,277.212646,36.186665,93.759941
88.851288,32.639626,81.514084,141.676926,16.612015,37.251148
65.904671,32.260834,101.912170,121.568993,16.230179,36.365246
114.517059,47.822964,296.266357,368.301361,56.286057,170.722092
47.547260,22.000992,42.980663,72.393066,9.649752,25.970484
92.289604,35.273121,120.754669,147.441315,20.259195,40.688755
80.919868,35.302746,116.353462,153.385132,19.719538,33.146908
60.626324,26.265034,55.532185,70.815598,12.004886,43.894848
82.484352,44.712795,57.641373,78.671753,13.464196,80.597633
185.355057,57.229916,273.113647,317.598145,44.961197,81.103806
164.713150,55.961514,177.086838,251.581909,32.598419,99.525711
98.591591,35.823372,156.410263,203.371872,28.099525,43.250191
103.976227,34.385433,152.449310,212.426575,27.582205,41.244366
96.146782,48.015873,102.185799,158.323746,18.606091,30.546103
40.274216,22.748198,49.890846,82.943253,10.609257,14.866055
41.620392,14.684294,35.133598,70.998703,21.854666,104.629990
37.540905,14.643992,31.842037,70.262894,19.529493,74.473793
7.509757,5.357807,2.747214,9.357122,1.531687,3.029025
9.361365,6.586433,2.991400,7.597610,0.898865,1.438978
58.449127,20.893345,49.961987,61.440636,9.385235,21.152796
131.136108,52.887840,218.980331,260.402313,33.447124,52.504547
10.786169,8.109314,4.485795,7.989357,0.879568,0.352528
37.709953,24.451504,15.188854,25.058908,4.030550,9.675258
34.837086,20.530485,45.748417,45.190781,8.471453,37.318130
81.270157,28.040749,158.924774,167.851868,23.225449,58.971725
69.891243,37.607182,35.995090,66.300415,13.123568,49.562481
17.693314,7.890106,8.167305,25.425797,4.853185,5.650000
47.594902,28.526781,29.919207,42.712860,4.933213,6.933314
24.434782,16.541988,24.936144,20.045507,3.950971,10.776289
13.237053,9.385923,4.494578,5.457694,1.203370,5.300971
8.672155,6.370340,2.590354,1.375221,0.704391,4.759111
23.902407,15.546346,27.277998,40.429447,4.719351,10.249271
20.180906,14.112982,11.707657,16.297060,2.160220,3.968671
7.806678,5.499179,2.325426,3.482699,0.519255,0.873075
4.168351,3.271231,1.757561,0.149657,0.442899,0.821323
5.987473,4.017082,2.445499,4.486730,0.384921,0.613435
9.384659,6.892726,3.334315,4.477647,0.411917,1.362627
12.448636,8.499261,3.635734,4.071594,0.464023,1.639805
9.515793,6.614955,2.941701,2.693570,0.839621,0.277573
6.398777,4.744666,2.195894,2.669935,0.532384,0.992414
7.921919,5.643565,2.591139,3.794759,0.036701,2.382254
7.921295,5.660771,2.498671,3.850516,0.593836,1.936028
6.656552,5.106214,2.513574,2.288402,0.677283,0.976276
8.927069,6.064127,3.045205,4.528753,0.094080,0.210059
12.225018,8.731681,3.481334,4.029418,1.141211,0.534930
14.690484,10.276739,4.408092,8.894382,1.465796,6.804198
21.192997,14.743626,16.418625,27.141644,4.434848,3.824219
28.651751,11.553435,9.919287,18.310343,2.139581,14.192009
28.457809,11.649076,10.000317,18.118073,1.777206,14.202982
5.777803,3.900939,2.225011,4.345775,0.220618,-0.001001
59.344261,27.649548,28.855068,31.816439,4.537169,13.110474
31.180132,20.252430,38.941998,56.556847,7.391784,18.079185
8.591396,6.493603,2.728924,5.461204,0.177635,0.402801
10.491687,7.453043,3.242489,3.998358,0.619681,1.807029
8.916099,6.476587,2.773231,6.191895,0.120640,0.362116
16.863220,7.018445,15.636915,24.421036,4.405152,22.532314
11.499914,8.010145,4.243383,2.990263,0.963210,1.038498
7.168521,5.314029,2.341626,3.449007,0.532957,1.974802
25.993546,18.329500,8.606833,11.129922,0.786820,1.992114
6.200760,4.378307,2.227547,3.432221,0.350573,2.210347
18.943142,13.828252,6.161921,4.606823,0.515536,1.272433
12.798489,9.609046,3.420396,8.891303,1.293694,0.707390
14.051535,10.140762,4.121255,6.868339,0.694296,0.804394
17.762405,10.653622,6.231788,11.296032,1.867431,1.694278
10.258525,7.371050,2.666794,7.467088,1.036023,0.640187
7.499478,5.155025,1.941160,6.927611,0.458283,1.245311
4.987694,3.889525,1.836617,2.551784,0.639375,0.836091
10.644320,7.499431,3.362325,5.955789,0.290981,0.766033
5.561387,4.005271,1.919387,3.593489,0.632196,0.065710
4.161787,3.124170,1.813276,3.790321,0.566592,1.107678
15.255583,10.899693,3.952729,6.748393,0.771497,0.875585
9.270542,6.724144,2.480998,5.881399,0.962804,-0.094040
11.442810,8.136439,3.115239,5.181787,0.802220,3.507210
8.274741,5.809000,2.566688,5.324634,0.452690,0.193952
19.185917,12.821727,5.602000,7.843672,1.002240,3.465175
11.292355,7.428892,8.818041,9.813630,1.282003,1.841317
18.630148,13.758006,3.215712,7.315260,0.839293,1.597389
6.176863,4.460476,1.763292,3.516495,0.579678,0.556551
13.464155,9.750526,4.660712,6.395745,0.721597,4.470567
10.745406,7.370756,3.412344,5.982113,0.849994,-0.037607
4.778713,3.566818,1.734721,4.146803,0.710582,5.618853
10.690932,8.179811,9.444597,6.652653,1.963249,23.746937
11.975190,8.767000,3.783672,5.117355,0.323985,0.269576
6.435283,4.960231,1.822212,2.408545,0.681277,2.642384
23.403049,15.734848,12.961921,21.857771,3.164858,7.985153
11.784602,8.608930,3.268574,6.424210,1.066857,0.992478
17.784163,12.911398,6.344256,7.782348,0.592018,2.672525
8.613538,6.478833,2.827506,3.744164,0.752884,2.797743
6.553237,4.925564,1.819378,2.518327,0.521886,-0.058223
14.663719,10.655394,3.454873,4.606539,0.676036,2.651500
5.302897,3.843950,2.337904,3.030475,1.126935,0.857878
14.524223,8.215546,4.611975,7.779987,1.114492,1.368073
10.408761,4.184314,3.391866,6.358536,0.592164,1.497366
4.153041,3.033320,1.390197,1.278988,0.497285,0.288478
6.252817,4.724965,2.149575,2.263247,0.459385,0.432223
10.114968,6.989286,3.549942,4.849180,0.653317,0.281747
10.878686,8.055397,3.238762,0.798575,1.040037,0.364167
6.943259,5.091020,2.817692,4.015839,1.000547,1.221037
12.138759,9.073793,4.555382,4.012908,0.689381,1.338056
10.785520,7.362908,3.448845,2.438890,0.795887,0.822526
11.535505,8.812988,2.823324,6.792592,0.806431,0.328207
7.744498,5.326007,3.475194,5.128388,1.082866,0.007016
28.034416,18.240673,18.684805,27.964121,3.529360,4.768000
13.174340,9.750788,8.870024,8.443363,1.907016,4.133144
25.117702,9.913820,7.256783,10.504508,1.514142,7.533127
23.883600,10.075080,7.105105,10.867715,1.476430,7.239058
21.651169,15.652645,7.140140,6.709721,1.206187,2.356665
15.337646,11.061011,7.571669,11.127394,1.667734,7.851355
14.798373,10.620007,4.757398,9.431214,2.337580,16.972019
37.310978,22.550402,13.538165,22.967398,4.222585,20.270784
6.063810,4.467809,3.120278,2.799746,0.655034,0.247038
11.102640,8.034393,2.964154,6.986706,1.014986,-0.939534
15.218015,9.559696,4.537665,7.483460,0.748773,3.065257
8.645443,6.132765,2.771584,1.514459,0.047422,0.942070
11.964953,8.372209,3.717494,5.792447,0.829660,1.010329
4.776546,3.795266,2.770068,1.843697,0.370103,0.439713
11.495427,8.339449,3.799520,3.649156,0.497133,0.485517
11.750353,6.313514,4.200843,5.039212,0.419146,1.029447
12.170345,6.421902,4.499365,6.127701,0.562427,0.949401
6.939281,4.819249,2.094693,2.370361,0.390513,0.536454
10.313281,7.432323,2.906231,5.803650,0.894181,-0.321012
12.479075,8.677576,4.898667,7.722868,1.147253,3.560462
6.827645,5.295291,2.090420,6.021237,0.191855,2.348823
39.167614,24.154371,30.284733,38.422676,5.098984,10.908599
19.912846,14.109151,10.081557,13.710314,2.718097,9.203559
13.502737,10.007387,3.358464,10.063545,0.682424,0.822168
50.201454,24.832237,56.930206,71.132103,9.306850,16.170702
4.318007,3.349406,1.789351,1.537196,0.241930,0.657228
11.368534,8.292442,2.935972,6.610904,0.662899,2.211049
5.638633,4.252886,1.869684,2.415495,0.329148,0.023103
8.424582,6.132221,2.521369,1.036786,0.253565,1.230171
20.112728,14.056917,7.123656,7.122296,1.465255,1.982308
11.308558,8.139868,3.539425,6.766676,0.617850,2.114111
31.559393,15.031550,29.864244,33.290668,4.935211,9.703798
25.492826,11.929417,25.273918,34.201962,4.955911,6.830467
5.067824,3.929375,1.996507,2.221032,0.388012,0.261798
14.503433,10.551175,7.529157,10.837857,1.107279,3.519321
8.232189,6.495376,3.279048,4.562095,0.600481,1.574851
4.342725,3.090288,1.406423,1.913075,0.787646,-0.153721
24.720039,17.722363,6.136668,7.567213,0.868207,2.205042
4.626579,3.565223,1.262351,2.581735,0.948041,0.538568
16.346521,11.818554,9.688333,15.791813,1.325257,1.507659
19.134970,14.000090,5.367644,6.540006,1.016869,0.770430
18.434891,12.706994,4.971680,7.042832,1.296287,1.721539
16.410141,11.657500,4.327411,7.845306,0.903199,5.736785
19.237766,13.520442,5.847672,7.473917,1.325494,11.078105
11.657079,8.245805,3.818944,4.706447,0.859487,0.139914
21.794041,15.408038,5.172310,7.140563,1.325819,17.324163
19.338348,7.841720,8.265282,14.152987,2.395540,2.996676
19.017544,7.732911,8.299380,14.686224,2.430099,3.043787
11.783646,9.009791,3.281128,6.375772,0.638365,1.675279
6.252137,4.544650,2.233234,2.095549,0.634430,3.329360
6.873229,5.051620,2.154745,2.007294,0.378790,2.893255
61.632450,33.381344,76.137871,70.036629,9.439050,32.887856
8.355854,5.585590,3.161052,2.821054,0.367380,0.817668
12.064113,8.977202,3.120169,2.961835,0.496090,0.140853
5.632143,3.625055,1.420535,3.794326,0.572297,0.054323
19.867010,14.060958,5.625962,7.430447,0.804355,2.678140
12.262504,8.871019,4.224657,5.168753,0.497217,0.933216
11.178002,8.001565,3.251746,5.202749,0.626322,1.353099
24.777285,14.166583,41.897129,50.880512,8.851478,15.629305
13.437203,9.673745,2.964433,5.687440,0.706384,0.638710
5.927081,4.246596,2.020579,-0.607578,0.208183,-0.240356
8.513697,6.217757,8.105865,5.916740,1.214010,0.765687
28.491335,20.520674,7.478860,9.226871,1.230701,1.345548
48.944225,19.542320,24.914732,31.606339,4.028730,12.044241
41.206696,16.572754,20.786938,29.425379,3.393734,8.413338
15.553034,11.232708,4.295856,6.047066,0.820921,0.480092
8.629162,6.137566,2.702705,4.709212,0.711164,0.445948
16.690916,11.947212,4.056255,6.952289,1.061115,1.549890
11.994397,8.947705,3.452142,5.907244,0.217665,0.924704
48.604095,22.912657,36.916553,45.196579,5.611840,11.208552
31.578079,20.650299,11.469398,15.025216,2.801364,18.394506
39.071053,14.844264,21.076609,26.799192,2.964102,5.604974
58.770592,16.097874,42.025715,50.393215,6.728953,11.081028
39.788589,16.187838,50.811432,63.674397,7.896934,13.249978
9.166540,7.036338,3.043745,2.550527,-0.011399,1.221888
16.270550,11.739574,5.442907,2.962361,0.701390,1.406949
15.357630,11.066449,6.716836,7.671842,0.344917,2.684215
30.225498,20.183794,22.484713,43.368179,6.259446,13.910202
24.054693,16.918150,6.006366,14.202454,1.712908,1.733947
18.445547,13.079233,4.142832,5.375141,1.382709,2.605548
15.362813,8.282857,5.063949,5.047318,0.939061,0.847613
20.154253,12.883388,5.540779,7.665059,1.137479,2.161762
30.808441,12.906458,10.039738,15.705811,2.131058,2.450135
24.694941,13.056196,8.315463,13.518725,2.063376,2.058822
7.731789,5.933663,2.793615,2.728373,0.599785,0.692884
19.267452,13.635373,6.241156,6.521556,1.215373,3.067108
19.841116,9.339302,6.014959,4.265962,0.766984,2.636773
81.439140,29.946369,28.132751,29.471252,3.826925,6.535925
101.163780,29.986418,38.219975,42.292408,4.474973,6.359020
65.015312,27.110479,24.682770,29.267107,2.632580,3.687092
15.347437,10.638756,3.999605,3.706106,0.505510,0.005736
5.921692,4.186934,4.099350,1.544686,0.423549,2.789330
15.073383,10.683007,4.775649,6.269572,1.539573,1.971320
12.991497,9.024783,6.420809,12.983690,1.796921,2.013896
37.845295,14.913450,28.886124,37.723717,5.507534,8.231730
36.864624,14.930402,28.743244,38.528061,5.489821,8.181373
18.198158,13.333220,5.900255,6.967829,0.866760,2.025345
9.890056,6.881571,2.946548,2.816555,0.758928,1.283411
14.201177,10.032345,4.334813,4.289717,0.332845,1.914081
12.015563,8.545056,3.717440,1.848577,0.291364,0.356976
17.639294,12.565609,5.063053,4.448632,1.591722,1.982118
9.360919,6.793048,2.563699,3.122831,0.951389,3.102569
19.256779,13.640377,4.888851,6.711927,0.606585,2.634029
3.825554,3.054685,1.518607,3.155360,0.013238,0.076553
9.451025,6.542834,2.904723,5.363968,0.563440,0.652029
10.379751,7.480714,2.606908,3.901506,0.772233,0.705362
9.017304,6.527815,2.199765,2.762300,0.255901,1.007853
9.201854,6.550972,5.768376,5.309451,0.881077,0.935235
6.117126,4.153443,1.935302,1.905327,0.595511,0.415466
6.801100,4.507619,2.229833,2.491906,0.359488,2.580379
9.980236,7.577439,2.927193,4.583017,0.452053,0.824754
5.253561,3.775511,1.994551,2.995948,0.494369,-0.113004
10.364209,7.245660,16.874903,17.988165,2.454977,15.847700
4.856925,3.758172,2.205806,1.576379,-0.294849,2.899665
14.912127,10.730928,4.807626,5.618851,0.623888,2.869479
30.064859,20.271652,8.628755,9.307807,1.420157,3.847406
52.960003,22.857763,15.786238,21.745419,2.317617,7.574948
45.354763,22.845694,13.740800,20.157650,1.918517,6.899475
8.142513,5.628356,2.849343,2.585246,0.810969,0.121904
75.368721,30.240480,184.482407,238.918732,35.560928,67.258049
7.064492,5.309779,2.237756,1.655844,0.747654,0.415813
5.909576,4.168750,2.514670,2.100733,0.168179,2.210769
16.807888,12.349836,5.662192,8.184926,1.398320,1.647874
5.016435,3.311275,2.010970,2.943399,-0.168428,0.248573
27.760633,19.055820,10.164942,13.919085,1.133603,3.386906
36.205845,18.546988,22.558905,24.381498,3.078321,12.926233
6.418415,4.951784,1.910202,2.485940,0.288312,2.613534
12.813223,9.148028,3.402162,7.173378,0.913163,1.541129
4.675620,3.715285,2.180156,0.461995,0.267340,0.203779
11.996450,8.528617,9.835604,15.348406,1.933216,4.413222
12.065937,9.071517,3.840838,6.546634,0.980497,0.149523
12.430143,8.747553,3.581455,2.342365,0.420924,0.703197
11.734111,6.637112,3.795687,1.958694,0.739789,1.031809
7.463902,5.083594,2.399454,2.092265,0.533452,-0.231385
4.893176,3.797314,2.076093,2.889947,0.182198,1.959862
13.181180,9.020652,6.383890,11.326936,0.714475,1.731270
7.671965,5.445785,2.174067,1.536588,0.565677,0.414367
11.266758,7.741358,3.510589,4.616874,0.548667,1.655472
5.585537,3.872020,2.346137,1.416110,0.273776,0.413275
9.528924,6.827245,3.495329,1.426598,0.428839,-0.383476
13.104774,9.082852,10.813934,10.976152,1.508346,8.891350
29.912758,20.729486,10.527354,11.864058,1.212534,3.144357
15.232084,10.759367,4.454868,8.386334,0.830796,4.170403
10.363699,7.225330,3.147789,3.606982,0.225551,1.046817
9.170188,6.557323,2.582600,3.950069,0.843213,0.971125
13.903031,10.123201,5.223721,6.219527,0.687122,0.804965
8.305767,5.826338,3.673927,6.223032,1.073590,-0.605084
13.711445,10.069177,5.361138,4.206690,0.305493,1.346266
65.791954,36.623985,95.675972,125.790329,16.629560,41.225121
7.847210,5.526399,8.120072,15.926312,2.020801,2.207775
15.670618,11.454972,5.242422,6.879098,0.156351,4.375494
16.319162,11.500780,5.145812,7.679696,1.041332,2.500174
9.321239,6.866226,3.106879,2.506458,0.029460,-0.167399
11.700665,8.452466,3.127457,3.078588,0.789765,0.867602
6.412818,4.912813,2.357537,2.868460,0.854013,0.605213
4.274082,3.130463,1.560896,1.476176,0.550304,1.493781
6.612305,5.055412,2.437177,2.895712,-0.009325,3.336729
38.618210,25.697405,19.718126,24.370953,3.589546,4.549073
16.763189,11.856978,4.214559,5.903757,1.372990,2.350382
38.585621,14.495794,16.749638,23.063231,4.431476,15.588576
56.252548,15.609036,30.790787,40.411602,6.425355,23.072594
40.304348,15.674990,26.581068,38.206623,5.745633,19.552113
11.911616,9.084628,3.845048,5.374015,0.756653,0.049388
13.255499,9.687592,3.249795,6.232307,0.446150,1.674140
19.145906,14.266201,9.777431,13.569232,2.485649,0.673727
14.001431,9.771765,4.864022,4.272856,0.618050,2.064905
27.636307,18.371891,9.529757,12.374557,2.120419,3.255592
24.408972,17.363171,11.578221,15.726786,1.930081,3.146037
10.875594,8.011575,3.352104,3.504836,0.685979,4.319424
26.210066,13.236724,7.550011,10.788490,1.431950,1.787127
7.603362,5.415681,2.716248,3.396831,0.387127,3.780138
7.868225,5.623863,2.359976,2.214321,0.931513,1.454899
6.907862,4.942297,2.085004,6.095793,0.231766,1.477580
21.063147,14.679603,7.649626,11.267185,2.341354,17.290710
9.230947,6.557234,3.042872,6.289188,0.427601,1.469369
29.236788,19.101385,28.927141,40.680973,5.797588,8.041631
12.945524,9.304624,3.704831,10.675435,1.241749,0.678177
47.439213,28.331770,26.808519,34.640980,5.649934,9.048807
84.550255,31.853012,64.914505,89.160179,13.057227,31.756140
181.725708,63.685432,191.101318,251.907944,34.793751,65.300827
191.967834,64.759369,260.325012,338.781097,43.931702,81.871849
46.350483,17.937946,70.311974,117.833740,14.747014,26.950903
55.938820,28.705940,52.956535,74.748138,10.787700,21.640446
98.288452,39.528606,83.779564,138.142517,18.732233,34.662529
121.532097,41.164173,153.531403,209.114502,29.386227,57.332767
92.216820,34.984211,141.046204,182.897385,27.025885,45.565872
45.409702,19.438843,68.968330,100.976166,12.746741,19.712521
91.114883,33.692123,59.941551,90.265503,11.118389,17.317108
120.148811,41.395428,124.471260,166.374573,25.249743,51.580696
68.018570,29.974430,82.730492,147.628510,20.917162,31.282644
68.745972,34.595619,57.662281,84.200241,13.093613,26.373035
41.905678,17.737873,38.150745,67.123329,9.942497,21.670799
181.021347,56.694443,326.285156,372.570038,61.788273,211.152664
153.469681,38.412407,275.896759,363.529663,61.371819,240.043945
146.835159,38.340683,237.520203,378.660370,57.140636,172.564987
101.850136,28.655539,121.762230,168.704056,25.535189,48.617722
140.831024,36.931377,252.720200,361.138062,54.616371,109.054176
204.748383,52.164299,330.635590,401.674408,51.508125,98.210014
110.384476,45.699116,63.328197,107.543869,15.492829,48.557610
56.555363,30.655670,31.115093,61.469334,8.114692,29.792419
104.115639,37.589630,143.369324,191.991608,28.907482,68.512337
115.100830,31.087992,131.461365,222.715729,33.168758,64.359642
97.722870,31.097546,106.327515,170.316681,23.431599,42.801403
45.485687,20.904579,36.426567,65.509369,12.439827,63.984982
132.925964,53.018112,282.460846,361.737885,54.063000,156.469666
67.971252,33.489441,99.867645,160.375000,22.041027,60.593613
20.389101,11.672502,8.477254,18.821255,2.925758,4.854123
35.189819,19.424408,41.545033,66.006065,9.042049,13.492283
19.789022,8.375295,14.658964,31.329084,4.715921,4.103381
5.423728,3.870695,2.195946,7.037986,1.199103,1.700122
45.886383,13.595320,47.309883,58.086525,8.963313,31.767860
38.132271,15.712544,63.292480,84.156227,11.799483,44.826878
60.648159,25.685747,41.916245,60.353035,7.840080,24.674080
96.488968,30.800087,89.898102,111.059807,16.271992,35.676380
143.802902,49.651993,145.877548,195.017792,26.002354,56.207561
38.219246,16.527914,27.351410,35.765919,6.794673,15.889980
46.736774,18.289291,37.598763,55.733536,8.932567,17.171114
13.403719,9.641607,4.585906,8.573265,1.014717,-0.322806
34.463875,24.065804,8.757315,12.132841,2.499840,5.635377
66.438934,36.503811,23.195377,32.680073,4.953996,8.402619
49.787556,26.044374,63.808800,84.295113,11.842562,24.070110
33.628948,17.149445,32.855721,45.891850,6.876952,10.734294
17.371469,11.602897,6.506258,16.956076,2.728681,4.875735
44.487499,19.259371,30.543406,41.912991,6.303752,18.067070
85.394188,31.397942,111.630119,153.861725,21.844358,41.967518
49.474262,27.791111,26.826380,56.563663,7.445454,12.294033
125.674919,48.184013,351.297821,428.472626,54.544361,115.192184
155.227753,44.400593,357.210724,453.736053,61.620247,133.636246
135.474319,41.664330,256.236176,386.818146,48.151844,83.359909
122.987907,54.752636,265.250702,351.044617,42.229515,64.571495
18.694189,12.077024,22.219952,36.580372,4.455848,6.662638
22.590059,13.969268,14.717999,25.049589,4.077013,5.217049
26.355640,14.816031,15.025709,26.491074,3.848401,19.448755
21.004017,12.667450,27.957497,46.997921,7.573794,35.610790
16.865330,11.941714,5.288718,4.618916,0.562273,1.330690
9.560354,6.909566,2.907175,5.896611,0.593821,1.588429
19.421009,13.592387,4.844595,6.107244,1.353677,2.007546
5.313846,4.100898,2.150520,3.128996,0.005677,0.316893
17.683363,12.678992,4.941970,4.128060,0.868237,1.594105
4.817422,3.746116,1.918754,2.731045,0.053528,0.966697
22.700560,16.259314,6.497178,3.178317,0.559252,2.612712
4.282813,3.443699,1.770120,1.977819,-0.086870,-0.091939
7.384120,5.178901,3.886942,5.927555,0.856716,0.682677
16.505110,11.424777,4.858372,6.554789,0.639740,3.062091
12.573788,9.136786,4.249613,8.595922,0.848354,-0.116937
8.686906,6.200893,2.793877,4.260397,0.429493,0.010348
6.345078,4.665519,2.778997,1.826527,0.502177,1.180320
5.270541,3.883700,2.441822,3.415976,0.599192,0.782314
16.811909,12.085912,5.976999,7.491130,0.687187,6.708369
10.009802,7.366620,3.303057,3.333873,0.416914,1.258650
14.262342,10.300572,4.068848,6.795198,0.582547,1.574600
19.654366,13.756294,5.095159,7.542441,0.529320,2.047894
15.862230,10.947743,5.080451,6.797653,0.617448,1.912583
6.154616,4.471204,2.313334,3.281889,0.381313,1.881784
44.834641,27.540661,30.159969,33.342930,4.437596,5.013321
21.495571,11.901772,6.975378,10.534181,1.659074,2.572604
10.990535,7.519976,3.296391,5.748152,1.254661,0.609736
15.586342,11.253765,3.514810,9.010780,1.499449,1.540127
9.789073,7.035923,2.750845,4.470495,0.204916,2.056739
24.114241,16.471523,17.671787,27.763962,2.364012,3.328969
25.844002,17.732979,14.801719,16.501698,1.663816,2.961714
10.817312,7.810656,4.475033,8.740480,1.050614,2.205013
12.103910,8.643399,3.592727,4.371115,0.958899,0.120776
60.538322,22.806446,23.305969,35.057171,4.607291,5.609874
54.265068,22.040604,22.084385,39.316376,4.602329,5.784461
10.886563,7.360732,6.738604,10.985327,1.338590,0.989818
34.327587,22.313488,10.043744,11.494469,1.110442,2.564292
16.346169,11.359721,3.663846,6.813200,0.836734,0.834227
10.582121,7.444068,3.787959,5.539083,0.395174,0.059956
9.841166,7.061494,2.800016,3.648676,0.276921,0.730166
7.827751,5.762469,2.838913,2.693107,0.158461,-0.697733
5.807004,4.151078,2.425442,1.771362,-0.119755,0.832106
13.272955,9.536262,5.117234,8.841867,1.574682,3.496452
8.499548,6.315001,2.737850,5.631661,0.746117,0.686642
6.974009,4.728229,2.815714,3.964807,0.357689,0.037980
15.997091,7.119672,4.808871,5.875318,0.761453,2.223184
16.943192,10.795580,5.804193,7.352717,0.887486,2.344702
18.178646,12.328009,8.440023,10.219387,1.113946,1.672658
4.147420,3.038196,1.762460,4.649696,0.273856,0.824111
29.736694,20.154520,12.876516,15.374081,2.912796,7.383791
67.206543,41.095905,77.210121,85.622871,13.066356,56.786301
5.020918,3.548069,2.355487,-0.255949,0.625688,-0.142498
13.682633,9.141325,5.606833,7.534101,1.769564,23.601028
23.881037,16.809347,15.115301,21.158201,2.788554,4.240993
20.955101,14.589262,12.015734,16.861761,2.227690,1.791471
7.094080,5.302340,2.767162,2.580794,1.171738,0.765536
41.372078,26.723915,29.175755,35.677605,5.184310,5.888937
11.540375,8.686090,5.118406,6.938746,0.473598,0.884088
9.518991,6.939395,2.846410,5.202965,0.593874,0.845041
10.165917,7.326289,3.073269,4.896523,0.931806,1.335261
25.669430,17.316607,15.158360,26.864895,3.358474,3.416518
4.121798,3.372573,1.937433,1.050950,0.170452,0.470989
45.776699,28.696291,18.216810,35.870705,4.713585,6.807034
17.847902,13.190989,7.562237,12.548572,1.246979,1.383417
10.428194,7.751290,3.086063,7.974760,0.799444,0.783410
13.121997,9.550455,3.908448,6.750451,0.714987,1.820851
8.695463,6.704534,3.114244,3.597116,0.034211,0.001357
5.408311,3.702377,1.842435,2.910365,1.168548,1.098680
6.167022,4.412814,3.822332,4.669136,0.802758,-0.084811
6.391831,4.869332,1.594746,2.549271,0.453482,0.864268
4.349423,3.248997,2.384230,2.405994,0.278927,0.955157
7.679333,5.791329,2.357712,2.146011,0.635270,-0.475395
6.624193,4.980848,2.331490,3.073657,0.210054,2.961924
26.010731,17.933424,6.052720,8.178237,1.048660,1.254491
6.439436,4.974884,2.588895,3.482635,0.343819,1.244928
18.719007,12.672158,21.603939,28.179985,3.929947,10.571730
7.827498,6.120380,2.560672,4.531832,0.173412,1.027978
20.074059,14.449582,5.329968,5.473816,1.191241,3.614836
9.375649,6.602245,3.428059,2.278400,0.336362,0.345604
16.326790,11.728896,4.873697,8.000623,1.066987,2.409921
15.956953,11.968242,5.916635,6.222173,0.888248,1.056365
8.134321,5.963355,2.357042,4.547844,0.301814,-0.172356
5.642344,4.213845,1.868426,2.885379,0.259612,1.023380
7.090446,5.229469,2.176051,2.593138,0.083355,1.166441
15.320682,7.963374,4.849895,4.873635,0.943434,2.286675
13.342224,7.459336,4.669567,5.932289,1.047899,2.280869
7.026237,5.020375,2.056446,4.058766,0.588160,0.617752
8.458376,6.263380,2.378382,7.690124,1.094338,0.257798
8.746099,6.003533,2.874573,3.798475,0.520285,0.343614
9.601263,6.836943,3.005959,4.040609,0.431107,0.578013
19.197781,13.650784,4.629486,5.910819,1.051763,2.038877
10.797059,7.433721,3.756713,2.983192,0.621733,0.206215
7.775262,5.572746,2.782670,4.511207,0.755619,0.382861
12.820010,9.307653,4.123831,6.419980,1.626016,8.640057
13.770261,9.695545,4.020342,3.517525,0.610810,3.601849
8.244983,6.233011,2.814327,2.505294,0.286620,4.960764
24.718801,17.278229,10.101362,13.322245,1.664189,2.073551
32.995106,22.365276,19.858725,27.853207,3.595743,6.578919
8.642529,6.190373,2.852903,2.502997,0.255845,1.041086
6.456485,4.813622,2.361372,2.561512,0.197121,0.560213
6.190842,4.410771,2.192423,2.214540,0.241616,1.947519
8.648530,6.248964,2.912274,3.756730,0.906724,1.256098
21.840460,15.610089,6.344000,10.888477,1.606250,2.777118
43.812248,30.185066,13.847733,19.006950,2.470185,3.282281
5.866885,4.318081,2.056412,2.913906,-0.004754,1.655337
12.039082,8.635440,3.486703,7.180754,1.070912,1.812378
27.741058,19.267567,11.020902,13.731082,0.941226,4.829841
4.958896,4.040234,1.705860,0.951950,-0.014044,1.603609
7.938020,5.515772,2.853195,4.400949,0.838810,2.683654
5.215788,3.741904,2.338694,2.350619,0.449992,0.404064
8.584404,6.362666,2.625113,2.894132,0.425361,-0.039590
6.215381,4.431101,2.382915,1.748640,0.380216,0.036128
8.631569,6.361938,2.878460,3.208304,0.252524,0.064935
23.377861,16.259617,9.046000,16.451530,2.776168,6.485415
15.501901,11.066412,7.668285,10.205646,1.405945,2.920321
33.512020,23.119974,9.774998,15.346869,2.107115,0.554051
54.687935,24.809891,35.041077,50.581367,6.512764,10.922905
50.338360,25.871622,67.461586,99.453773,12.472645,24.678568
10.384651,7.288445,3.044534,4.164023,0.356496,1.504488
6.624032,5.073495,2.748293,1.461153,0.232944,0.862592
6.263279,4.840788,1.841334,1.070347,0.175914,0.437369
4.454820,3.143336,1.801243,2.932779,0.918008,2.147196
6.579662,4.895898,2.488009,1.805811,0.518848,0.756201
4.970749,3.434047,1.877404,2.414875,0.706011,2.760607
12.642902,9.321507,3.279368,3.534900,0.385670,1.817238
20.380241,14.124254,5.409569,6.778469,1.470581,2.853826
7.462905,5.764093,2.967611,4.357754,0.168684,2.899673
14.592525,10.592907,4.033360,4.883587,0.698992,0.337640
37.581120,26.013163,13.665455,15.037091,2.208925,1.339579
43.572605,26.063789,34.839565,44.156261,6.554641,10.791732
27.161037,18.265476,30.558918,31.992216,5.319291,11.699515
9.393117,6.932338,2.563437,3.226058,0.493200,1.978206
6.210578,4.502603,2.427198,4.430064,0.511651,1.033272
12.410905,8.962016,6.229853,10.142311,1.217567,3.738738
20.831533,14.396688,5.810423,5.913058,1.067230,1.039274
7.418794,5.562235,4.718838,7.581928,0.837521,0.425629
27.493101,18.599413,16.377668,21.336872,3.625206,3.979691
61.694073,35.576473,77.711166,101.562401,12.684674,20.961769
47.152706,20.951681,21.139589,28.899282,6.064259,2.333024
59.181843,28.816750,39.663261,55.992535,7.925740,20.721104
6.755869,4.925976,2.371563,3.754297,0.162893,1.278031
4.097345,2.946365,2.003141,2.176651,0.016554,0.210676
7.280975,5.502421,2.497468,2.710470,0.064128,1.099627
13.516678,9.503413,3.940963,4.390265,1.008580,1.633254
28.938847,20.208712,7.815598,6.676374,1.536265,2.990036
27.654949,19.171585,10.725440,13.074465,1.842810,5.545169
37.479900,19.707796,25.849554,38.609177,4.554620,8.594809
13.685540,9.132467,3.864388,4.292062,0.607734,1.902474
16.740305,8.987275,7.747054,7.709028,1.226259,3.273677
13.087904,9.479472,4.161914,5.791503,0.377296,3.677602
15.056760,11.011045,20.825327,27.019808,3.384313,6.178020
10.444000,7.513897,15.194825,16.261068,1.984718,7.343443
10.921892,7.634591,3.509014,4.587710,0.603362,2.370689
13.365709,9.071830,3.969998,3.106599,0.545378,1.806032
6.816434,4.614007,2.540881,4.832029,0.540428,4.640725
12.965953,9.365244,4.301404,9.749587,0.992765,0.596865
12.349351,8.761286,3.710391,4.538028,0.153166,0.342247
10.202782,7.228761,3.015666,5.115400,0.408122,0.573172
44.382050,18.018291,39.681423,45.036987,6.620976,14.390964
40.577553,17.421377,37.581532,52.756805,6.403923,14.019072
6.322710,4.381452,2.537535,5.580623,0.571310,1.168466
58.331333,23.902845,38.367477,53.089802,6.171499,15.260394
80.005508,23.797171,48.941193,64.657692,8.812441,19.282383
59.191166,23.808437,31.257223,44.790802,6.684859,10.670920
9.737096,7.132635,5.016411,5.281419,1.360137,1.301614
16.444962,8.044518,9.171331,10.384483,2.242439,12.935121
12.306540,5.075444,6.607238,10.188231,1.310801,5.972491
8.691132,6.536014,3.023926,2.721036,0.387917,0.082947
40.405861,26.745260,18.062326,22.465099,3.304436,16.054590
16.400137,11.847973,6.789317,10.027184,1.836364,1.341017
20.394722,13.663080,14.338452,20.836355,2.922331,4.739447
23.714476,10.019723,24.026810,34.693176,4.713699,22.611206
5.528604,4.096069,2.286458,2.595931,1.051963,2.159430
6.528359,4.462372,2.746201,2.901886,0.087529,1.538285
30.023407,19.635841,20.505335,23.634800,3.080473,5.475076
10.848725,7.551413,3.479070,3.180081,0.410159,0.937054
22.805653,16.401213,5.367250,6.977720,1.096720,1.711621
28.298841,18.071665,10.035231,13.619713,2.111860,3.281728
14.371170,9.850605,3.805572,3.615824,0.432345,0.592878
4.136633,3.073274,1.624743,1.942581,-0.272764,0.320797
4.858937,3.322704,1.574931,1.062525,0.155107,1.014916
39.171665,15.443498,34.975113,36.884106,5.159401,17.531116
34.501541,15.590991,33.125790,48.292553,5.912436,18.022608
20.702627,14.919849,13.156607,14.261293,1.915287,3.321974
7.788217,5.587904,2.707369,4.268343,0.589670,1.076959
14.843246,10.617933,3.523120,6.951076,1.405806,1.011537
18.420155,12.804763,6.116521,14.514417,2.307829,4.523679
8.730006,6.374927,3.203506,3.641216,0.108974,1.573853
8.080730,5.948060,2.907636,5.292850,0.362613,0.634814
34.530674,16.217199,12.716427,9.936013,1.998592,3.603172
23.033110,16.331406,7.422776,6.680050,0.949022,1.595989
6.615418,4.922167,2.468590,1.514158,0.437144,2.016151
19.293066,13.806975,5.568965,5.297912,0.929128,1.772634
14.015428,10.154300,3.700750,5.643025,0.836021,0.845285
6.944768,4.754796,2.414367,1.586969,0.501632,1.619043
14.662989,10.778401,4.286509,4.658390,0.884474,1.720660
18.860161,13.302991,5.453529,3.084918,0.181011,2.170493
27.386152,18.935884,10.707389,7.529854,1.394629,4.488754
34.962299,23.804403,13.665580,21.460510,3.595516,3.364191
47.623226,26.570097,28.021431,48.215778,5.482187,8.279404
107.720314,43.797516,94.174507,129.528915,21.078466,98.283012
8.800797,6.083697,2.222896,4.840742,0.642455,-0.041923
57.513817,31.255445,20.752926,29.908016,3.118487,6.120676
10.084487,7.374452,2.648880,3.302978,0.545690,1.818149
10.682978,7.483637,3.610531,6.389957,0.447243,0.874517
17.530731,11.979156,4.103370,8.066653,1.267539,2.806851
7.452672,5.594000,2.936797,5.041835,0.614739,1.325340
6.340733,4.454340,1.963503,3.069817,-0.104772,1.261138
9.039479,6.594283,2.790456,5.006699,0.456874,0.029916
9.028957,6.875465,3.248978,1.523523,0.796432,1.200526
14.836618,10.728996,3.941033,3.031298,0.612900,1.204777
18.052431,13.272852,4.029619,7.690010,1.216975,0.777246
8.362823,6.006703,2.384961,0.380007,0.248140,0.443800
12.559596,8.995106,5.624495,8.659863,0.973442,4.887364
7.311378,5.261739,3.030275,-0.161360,0.220587,0.832743
4.221887,3.124285,1.770948,0.294979,0.327204,0.033532
8.836567,6.399203,3.031874,2.991098,0.497862,1.387225
18.638098,13.340902,7.209677,9.177330,2.215294,3.499509
10.687199,8.094764,4.690094,7.844594,0.571632,2.721537
8.418764,5.884725,3.906677,2.514324,0.340886,1.074100
22.218466,15.942779,8.086289,7.982517,2.041029,4.336711
44.383240,29.866522,16.351009,24.012375,2.721107,2.536392
23.437395,14.814704,27.902508,36.714592,4.199165,5.645578
4.627635,3.183561,2.226314,-0.460417,0.085755,0.365382
4.497452,3.154790,1.932123,0.452050,0.398267,0.702637
5.133304,3.656346,2.080753,0.722075,0.792466,1.394488
12.189536,8.952441,4.158490,4.236928,0.591417,0.172117
16.022198,9.393462,9.531259,11.641713,1.874768,3.439515
21.940323,13.336409,16.982382,30.778103,3.604307,3.701610
7.370492,5.112521,2.889699,5.071321,0.858178,1.733353
117.719231,37.065014,173.586792,249.517105,33.223839,52.064297
65.726418,23.809397,44.427109,74.280594,10.928712,17.051378
68.075356,23.747620,42.774181,69.875603,10.318409,15.140388
45.108929,16.012840,19.122770,37.555244,4.550445,5.704131
38.808231,15.953163,16.183167,29.010271,4.252157,4.810231
19.925911,7.910668,9.399915,16.882732,3.266284,8.023193
102.827904,28.255440,180.868240,266.338074,31.719164,45.224304
27.986174,18.873312,19.828121,33.120132,4.546421,20.185150
94.696495,42.719009,177.752563,238.747513,39.729572,106.735176
17.546993,9.806814,4.910913,12.789755,1.863638,3.321351
13.047669,5.626802,3.716446,10.452539,1.305613,4.015826
105.218307,36.062218,191.271286,293.499176,37.727264,66.607956
43.801212,19.168282,56.357681,100.331810,11.853907,15.810521
99.735497,44.100067,124.569786,195.757690,27.904238,50.479172
82.073204,32.915958,113.193954,171.308151,26.193228,47.827518
72.690628,25.137545,56.989277,92.164284,11.443421,32.195061
97.031792,25.118565,70.768753,112.266029,14.160460,36.825863
82.212845,24.225660,56.741104,90.013779,12.049700,28.852560
128.660156,40.744152,270.905762,360.942444,49.514519,129.876160
47.552311,21.688269,37.178066,80.956726,11.600797,11.255122
97.104065,30.087112,114.161415,165.300873,20.597157,44.193111
48.836147,31.511549,35.434158,75.600624,14.617858,29.296295
204.561493,52.643368,280.532196,401.296997,56.289013,109.125015
139.578720,49.550694,126.797813,206.932755,27.410402,37.034058
113.622894,31.554562,151.161072,209.084564,27.713320,49.069485
102.659729,34.997433,154.499161,208.271332,25.885792,45.050873
62.945389,28.100454,41.097240,97.473793,12.079863,9.209513
35.044369,23.451544,16.196964,34.204433,4.630860,4.602962
75.594200,36.151218,59.063461,97.088753,12.291578,23.408924
75.520905,38.664619,69.307022,111.379356,15.954837,31.965509
7.693670,5.720910,3.240247,8.850629,1.627267,2.457268
76.263756,32.013802,78.552589,95.238342,13.603827,30.913748
97.653008,34.545265,96.444016,126.239449,17.249998,30.794271
16.171429,10.335529,9.503428,16.491211,1.758095,5.166855
25.666372,14.741750,21.976421,42.856750,5.097055,7.645971
45.583691,25.473309,30.697327,50.826870,6.239099,6.591754
6.281464,4.392913,1.923812,7.340642,1.333520,0.846829
35.580158,24.222879,10.036021,20.374672,2.922498,4.800598
13.554461,9.710689,3.453790,5.622765,0.873618,1.629407
8.986657,6.590090,2.779036,3.009278,0.394398,1.756551
14.014724,9.885139,4.164523,5.631248,1.086233,1.294422
8.115162,5.675012,2.721575,0.715148,0.850772,0.407100
10.510523,7.431970,3.174719,7.370336,0.426479,1.436130
5.006012,3.849788,1.534433,1.938056,0.090862,0.055689
16.177904,11.665571,5.387738,5.400199,1.648922,6.982196
4.353650,3.329469,1.926004,0.801192,0.045983,0.504503
26.214304,18.985729,17.800617,25.748211,3.971194,5.930493
20.445440,14.222948,6.015712,7.001904,0.919132,0.888360
22.093817,15.816716,7.394964,9.814936,1.676765,5.190864
15.332894,11.126791,3.865153,4.828485,0.697561,0.247418
6.112930,4.166337,2.233222,2.649232,0.468469,1.205336
19.054701,13.907332,8.484320,5.106967,0.584838,1.269472
10.317613,7.186771,2.898855,5.297463,0.780924,1.288283
26.794704,19.073120,11.011199,13.037533,2.986873,4.551641
5.922265,4.198355,2.012059,4.009392,0.233816,0.912119
31.750969,18.015690,8.233670,11.739397,1.133751,2.887898
18.561657,13.159139,6.540511,6.348343,0.793433,6.164811
13.118114,9.583432,3.777100,3.550337,0.722854,1.047691
27.795046,19.244801,17.472744,26.022329,4.157528,15.812362
4.318071,3.336260,2.062077,1.195322,0.377986,1.476021
14.672480,9.985368,3.877861,8.485715,1.252086,2.272542
4.891764,3.344750,1.961146,0.398025,0.242745,0.774956
6.789860,4.988254,2.481929,5.122765,0.388350,1.075717
5.565926,4.434327,2.051574,0.736448,-0.215468,0.525714
42.146236,18.141029,19.110916,21.440664,3.716754,1.631168
5.209287,4.106972,2.225148,2.547792,0.130719,1.163998
13.138651,9.103020,3.335737,4.389579,0.882851,1.591447
8.689023,6.298995,5.515669,8.583108,1.068454,1.113521
7.664233,5.282608,2.844872,2.693892,0.300695,1.003440
12.751033,8.949483,5.196087,4.465653,0.844586,0.859293
12.695742,8.892376,3.340709,3.898079,0.237909,0.720346
4.725000,3.843181,2.177282,3.295031,0.635372,0.871356
9.745329,6.831605,3.010614,1.421017,0.347837,-0.121699
12.313629,8.937531,3.956994,3.463016,0.575041,0.234993
7.459689,5.331550,3.044714,0.587317,0.305060,1.552716
6.184163,4.639062,2.306178,2.648294,0.213565,0.458502
11.928996,8.905347,4.851188,6.749283,0.155480,1.784863
14.384001,9.953310,3.122909,5.347309,0.441439,0.740503
23.868488,15.978092,10.096196,15.767867,2.247239,2.338588
11.180884,8.491651,3.291562,5.085411,0.860407,1.028952
4.803801,3.820342,1.885084,3.129182,0.114762,0.953585
24.467302,16.058413,8.401296,17.410906,1.996113,2.164420
13.713303,9.903806,4.478363,10.109950,1.412854,1.254148
9.839336,6.930616,3.588029,5.481172,0.230753,1.040174
10.992773,7.760910,3.173063,3.659717,0.273964,0.604896
6.443655,5.025007,2.227148,4.155038,0.964581,1.669591
6.033531,4.292305,2.299295,1.599270,0.343209,1.213064
7.490284,5.806705,2.590830,7.050746,0.813933,0.791371
6.479673,4.723794,2.353360,2.303729,-0.104345,-0.090601
5.233106,3.956902,2.248080,1.359573,0.369951,-0.097014
26.878904,17.162994,35.523354,42.158604,5.541634,9.601192
39.486267,26.341478,25.315468,35.400524,7.032594,55.358421
16.894880,11.769394,3.812672,5.222051,0.273109,-0.045480
10.400931,7.385705,2.796448,2.661362,0.792831,0.583253
10.620506,7.355393,3.219044,6.254790,0.112357,0.826062
16.707670,12.231737,3.533028,4.657101,0.818861,2.472704
9.799280,7.015793,2.931947,4.404107,0.723109,0.535591
7.762123,5.906393,3.138604,6.073463,0.802757,0.204891
20.896593,14.596725,27.648285,45.050301,5.155593,14.160233
57.792488,34.460506,59.924469,82.762512,11.155411,13.925224
56.551338,30.283073,68.595955,107.072266,13.360591,20.378910
50.109001,33.021187,21.868095,45.866577,5.115581,7.951621
50.260078,27.348261,51.565647,62.643490,7.436018,18.120197
12.345056,8.615310,4.439602,6.283646,0.674707,7.166391
8.942713,6.261218,3.106295,7.346379,0.107407,1.084532
9.331620,6.932845,2.364713,3.871425,0.214295,0.092446
10.314744,7.665465,3.174380,3.675145,0.212995,0.885421
17.367401,11.661492,4.663070,9.436431,0.832409,0.326636
10.186016,7.530461,3.346557,2.437429,0.588439,-0.126952
19.036173,13.064834,11.498610,14.952543,2.329062,4.379226
21.943583,15.807690,4.549037,7.126593,1.155924,2.440850
9.588104,7.009848,2.945731,5.031115,0.114749,-0.325649
5.744683,4.063310,7.117367,8.000798,1.064387,2.565107
12.357385,8.937550,4.619395,5.090397,0.084956,0.606681
42.968670,29.647011,21.326527,20.937618,4.836405,45.486958
4.572145,3.067415,1.734661,1.224828,-0.144333,-0.301399
16.524025,12.089855,4.303255,4.297355,1.145753,7.998830
22.598612,15.430450,17.567684,19.506493,2.413194,5.810240
7.937851,5.740857,2.751399,0.886770,-0.150363,0.802711
21.463661,15.522212,8.192854,10.411802,1.555573,1.641899
11.466222,7.779685,3.516985,5.077847,0.516858,0.829589
7.786771,5.427601,2.865952,3.012186,0.358363,0.791401
17.408913,12.515629,5.655684,7.780939,0.731598,1.725950
10.141480,7.266879,4.404218,6.231903,1.029926,1.108021
9.074397,6.594138,3.134058,1.707412,0.318655,0.526898
4.659185,3.551943,1.841762,2.085409,-0.194292,0.470728
6.230210,4.829660,2.521212,1.852631,0.523503,-0.229977
16.723759,11.811935,7.681418,6.144819,0.402138,1.412087
27.655718,18.168688,10.909918,15.695914,1.973958,2.640708
13.526064,10.250494,3.962343,1.450480,0.336973,0.838364
57.299400,26.913666,21.695774,23.517822,3.298340,5.627063
27.321278,12.932707,12.124956,16.448509,1.735720,3.579782
6.035954,4.038771,2.026942,2.540925,0.072736,0.941880
5.673858,4.390541,2.137662,3.518621,0.178670,1.390385
5.532257,3.811831,2.025896,1.819617,0.474129,-0.020128
19.514330,14.256113,5.267045,7.439820,1.010027,0.537871
19.481340,14.045895,11.204740,10.151324,0.987641,3.522731
8.401329,5.914873,2.810374,1.773504,0.360873,1.409769
7.548287,5.435401,2.694381,2.967913,0.192276,-0.316807
7.132613,5.530318,3.891109,4.802025,0.667952,-0.981249
19.401712,14.206311,5.393702,5.722698,0.286017,1.560845
4.148843,3.131897,1.685245,2.975142,-0.073023,1.063258
17.545637,12.367459,16.518961,27.166775,2.950095,4.868650
45.691666,29.439850,18.815777,23.487049,3.195871,2.298510
11.703540,7.530746,3.802424,3.727481,0.272351,0.566980
7.816863,5.944574,6.327463,6.071804,1.708300,2.545026
26.731901,12.485496,9.049603,9.470716,2.311850,10.245145
25.605938,11.821855,9.587487,13.013284,1.498128,6.634230
46.050323,23.727348,16.843895,22.599659,2.802381,3.855890
40.197937,23.660679,15.661345,23.480675,2.569734,2.630373
16.318462,11.796244,4.654274,7.736166,0.944556,1.186148
6.972586,5.072117,1.812672,4.118772,0.483183,4.410965
12.753984,8.907916,4.189660,5.326407,1.406195,1.339031
18.159225,12.983721,5.662940,6.462643,1.514760,11.033268
17.130983,11.219337,17.675623,19.194012,3.494934,19.170784
9.861029,6.978947,3.740023,2.781647,0.489448,0.712052
6.393270,4.759609,2.388129,3.460110,0.573859,-0.054025
18.936872,13.224720,4.434970,11.260015,1.170044,2.035955
7.617016,5.231228,2.678044,2.980256,0.453408,0.903786
15.400062,7.475593,5.532534,9.504726,2.089700,2.274675
17.337334,12.822512,7.238078,7.859237,1.097016,2.513582
8.356716,6.144304,3.115527,1.688977,0.718404,2.528213
13.701438,9.728559,4.353294,4.564555,0.923616,2.351815
13.344848,9.985621,2.885698,5.574252,1.006631,2.156663
10.150733,7.390185,3.442716,6.159107,0.237539,1.667883
10.268824,7.500201,3.686140,3.768962,0.754238,0.776603
37.731857,22.111485,48.176208,61.300716,8.966261,15.627289
96.996147,46.803814,112.115944,149.860733,18.891144,35.485146
63.160202,32.216286,110.853790,154.429672,26.581442,55.821014
4.594181,3.285343,1.613397,3.334298,0.232111,0.596720
38.260277,21.952948,46.242535,73.433029,9.597269,13.152684
82.564095,36.918549,49.978352,117.440704,33.524254,134.915344
85.259178,36.794434,51.306644,122.586670,35.000984,137.867859
27.445835,16.587616,13.461361,24.674749,3.266480,4.393963
18.119040,13.025199,11.229638,15.788508,1.743382,5.637585
6.117010,4.602744,2.317752,2.801982,0.067125,0.581337
9.603453,6.890917,3.457818,6.933169,0.770914,4.496952
31.623978,22.171923,14.094591,12.354703,2.180655,7.356687
6.882257,5.177784,2.568273,2.085340,0.321423,1.115745
16.173502,11.177280,4.473458,4.913031,0.689056,1.425747
15.176766,11.008442,3.436620,5.842738,0.428145,0.940334
10.286613,7.664583,2.706797,5.057900,0.644621,0.054857
9.176057,6.714750,3.339809,3.044720,0.645597,3.972448
36.630692,25.255219,18.388681,25.475037,3.519854,8.915351
5.075546,3.604867,3.922495,5.623682,1.300956,0.977640
11.427666,7.866544,6.931387,15.390480,2.064173,2.399243
4.345129,3.134796,1.423705,0.661981,0.556827,0.207335
15.720915,11.253510,4.073571,6.541527,1.027148,4.008701
8.613601,6.268773,3.668674,6.801105,0.662952,3.120243
77.354149,27.603109,76.150238,105.470230,14.793234,34.145184
67.606125,25.475050,56.167889,93.978302,11.857634,27.432264
122.794792,37.951420,156.878693,196.292297,24.075184,54.945053
56.871166,23.809809,51.720558,91.968002,13.991355,35.872231
83.403976,27.375872,198.455475,251.730621,33.908951,48.988018
59.282349,24.380407,71.991508,77.413933,13.870489,26.925970
75.572968,32.015232,151.408356,185.724823,24.974754,46.564686
33.047707,22.705946,10.498785,24.798054,3.313002,3.245452
13.599376,9.899950,4.124383,12.112302,1.172447,4.281921
93.232666,31.004656,266.723450,309.914764,37.678268,55.046860
65.997421,27.844982,59.527969,89.461906,12.141377,36.005966
103.550087,30.789341,111.088219,140.666367,19.638458,51.030781
102.433189,30.747656,132.858521,172.326675,24.436224,47.600983
91.184586,23.085594,109.595200,154.364090,22.385078,36.124092
140.128387,41.796047,147.911652,243.991821,35.819134,65.726433
96.780479,24.872725,86.270691,155.715393,18.894146,24.489962
79.312859,25.483955,54.326393,90.847633,11.975508,15.587369
5.922550,4.301271,2.009446,3.902319,0.293398,0.293360
24.338320,17.248041,5.937831,8.897323,1.242309,3.409074
54.198547,21.603191,31.028042,40.197414,5.441761,10.655167
33.284184,16.704039,10.772511,16.085165,2.357933,3.378187
7.504914,5.641200,2.235217,2.128975,0.917362,0.222061
6.824089,5.038346,2.762644,3.451066,-0.139531,2.161826
13.234688,9.205328,4.320016,3.290696,0.592044,0.101600
10.041907,7.225804,3.351873,5.208720,0.096754,0.907607
9.621475,6.960985,3.784653,4.348926,0.346429,0.560689
7.749938,5.436677,2.150881,4.177471,0.402611,2.621499
8.987368,6.785974,2.686975,4.726658,0.121073,0.049997
7.649692,5.487805,1.938111,2.900751,0.156957,0.413867
6.195119,4.732623,1.642426,2.902103,0.668045,4.247663
20.505402,14.704431,8.190188,9.311956,1.499397,3.824481
23.540112,10.319339,6.304826,9.181172,1.337224,3.066365
22.953646,10.141151,6.313054,10.715017,1.268462,2.546680
14.554664,10.352467,4.964867,7.129311,0.751909,1.746384
40.720879,17.343287,16.318773,26.673592,2.990304,4.424839
41.228394,18.261606,17.584682,30.717316,3.147848,3.796173
11.509721,8.525406,4.849285,7.354760,1.099014,4.894074
15.421156,10.815422,4.536566,4.721684,1.103052,5.141311
29.595741,21.377548,6.842035,12.570011,1.286612,1.394390
9.955919,7.298422,3.732723,8.952740,0.644610,2.222337
8.081802,5.630647,2.821220,3.323724,-0.153925,1.450180
4.867311,3.347711,1.872445,1.721185,0.320727,0.057439
7.010846,4.931124,2.432323,2.108713,0.298268,0.593754
18.058838,13.179480,4.307202,5.318088,1.134300,2.167938
11.544253,8.382168,3.608434,4.161161,0.567360,1.257326
5.538592,4.195241,1.913893,2.368709,0.386846,1.286728
6.051223,4.364346,1.956167,4.312274,0.724427,0.301786
14.869749,10.201613,3.888663,3.343671,1.136822,1.584078
9.241919,6.429912,3.146511,3.786567,0.857510,0.850296
17.464163,12.430420,4.098029,5.737539,0.993982,-0.200570
7.802105,5.815609,2.278679,4.080720,0.563508,0.282933
56.922058,27.351883,80.803947,112.867905,14.068296,26.886999
37.939999,19.113169,49.256493,63.868649,10.117006,16.397272
31.589758,13.867311,44.090176,77.681396,9.811522,14.356179
8.594338,6.209843,5.243825,7.183125,1.143016,3.811332
17.468735,9.082717,11.656444,17.077034,2.774459,20.255648
18.414379,10.109001,11.291118,19.623989,2.837489,16.658337
28.294790,17.880161,19.753429,30.031103,3.523996,3.873617
13.384188,9.576451,3.614748,3.614853,0.944156,0.638368
11.502179,8.166404,3.113951,3.767984,1.182794,1.333252
10.300271,7.677616,4.050095,7.188973,1.476571,5.213151
37.128288,20.967789,32.640820,33.549900,5.035072,18.373138
46.627388,26.885523,43.803379,66.274696,8.069008,19.848545
11.781001,8.694981,3.400285,3.426330,0.737465,0.408346
8.117922,5.777802,2.776702,2.663769,0.577947,1.292776
11.152680,8.052280,3.665672,6.385596,1.052252,2.034164
29.528593,12.175849,24.208448,21.162001,4.418717,24.414181
11.128070,7.899313,3.556817,3.664252,0.969013,0.243646
11.485161,8.650126,3.474655,4.406922,0.265741,1.133345
14.580852,6.189796,4.809431,4.517070,0.793712,2.434172
13.742029,6.037274,4.762443,5.431902,0.995331,1.724454
10.326644,7.606596,3.226352,4.256843,0.560342,3.870025
20.924976,14.264697,5.067472,5.236996,0.527593,3.394909
16.146250,11.590865,3.937895,7.398390,1.074147,3.199183
4.213286,3.422499,1.577210,0.735292,0.917507,1.301041
21.043106,15.437496,7.344253,10.702924,1.602543,9.298864
11.933146,8.501401,3.165404,5.325025,0.720931,1.545847
7.913888,5.647103,3.145891,4.067776,0.548136,1.570770
16.556427,11.749508,4.578367,7.086183,0.221684,1.211578
22.590416,15.563455,7.709491,8.524251,1.423895,2.114154
70.856590,39.112984,35.067730,50.881023,8.349630,43.725307
89.545151,39.187443,46.670040,72.800560,12.571075,59.333614
54.426197,27.506567,33.568855,63.010475,9.781283,37.973522
31.400646,21.630955,12.724265,12.803308,2.006236,2.528471
13.651973,9.611923,9.845168,12.375749,1.960599,5.753822
15.164791,10.509353,15.701117,18.175465,3.172333,7.206956
4.889103,3.484995,1.746225,0.601369,0.498476,-0.067159
9.362872,6.510348,2.556839,2.250052,0.186100,1.070450
7.373099,5.195896,3.473309,-0.388343,0.515436,0.572425
16.482981,11.693514,4.444384,7.697127,0.503370,1.974258
36.927498,23.174219,36.477348,50.392273,6.738509,12.652521
38.831711,22.763386,102.796265,121.585777,15.884626,42.394814
9.475773,6.553311,2.572425,3.030887,0.728063,1.971346
8.927976,6.904714,2.618169,1.845178,0.539351,2.303945
5.835983,3.924393,1.924944,3.739705,0.218026,0.282048
15.690673,10.658411,4.530464,6.134865,0.857083,1.479701
7.756583,5.364822,2.681202,3.678447,0.896058,1.643452
14.442616,10.198174,4.600014,4.919821,0.734601,3.095240
8.254132,6.376062,3.066084,2.134381,0.654377,0.771671
27.634642,18.236528,29.258211,27.463833,4.011471,7.052705
7.456128,5.635969,2.587174,1.753454,0.665572,0.113343
6.741804,5.029734,2.348374,1.665077,0.190384,4.456697
22.637184,15.802735,6.936193,5.067284,0.945147,3.364415
43.493233,23.951067,39.625694,56.748260,9.679999,96.891655
32.398220,22.799536,15.175506,25.479858,2.984204,6.378776
19.311161,13.892366,4.493075,5.892603,1.341237,14.731992
11.493917,8.365319,3.248174,2.892602,0.039391,1.064862
5.997429,4.061099,1.775302,1.653754,0.411164,1.357989
21.642082,16.213247,7.759201,10.593390,2.104934,5.162485
14.216691,10.135588,4.024853,5.852880,0.404611,0.516448
13.251855,7.841507,4.048663,6.355261,0.589035,1.904276
11.373672,7.662488,3.774320,7.277323,0.904146,2.705980
8.651851,6.376867,2.633521,5.518052,0.409068,1.390378
27.261501,13.648900,13.685564,11.014419,1.911047,6.153817
34.396870,18.792582,21.922178,28.304148,3.599397,7.350730
17.306555,12.051760,4.765529,5.950481,0.463289,1.823199
6.135867,4.516898,2.303437,0.273596,0.613353,1.403873
12.983985,9.406328,8.027003,12.102290,1.659796,9.360139
11.314486,8.284552,3.210624,2.825543,0.340032,1.428079
10.127071,6.991787,2.784658,3.914990,-0.096905,1.099960
7.555738,5.405491,2.753996,1.089223,0.919618,1.333483
19.849009,14.190007,4.606441,6.509259,0.644260,2.988764
26.850731,19.605030,7.547412,5.341646,1.134901,2.334501
28.627569,19.322315,8.971776,11.366806,1.985403,8.808566
41.421684,26.737749,21.294025,26.427448,3.459500,5.861754
4.823606,3.633140,1.440872,1.853571,0.196859,2.475620
23.755774,16.589865,8.854998,8.677158,1.602174,9.233331
9.840192,7.124699,2.552390,4.544316,0.415675,-0.552107
5.103313,3.828016,2.101404,1.688149,0.247018,0.274923
5.049276,3.614722,1.995998,1.747686,0.065183,0.572389
26.704409,19.093462,5.736650,11.689239,1.677748,1.736500
11.407332,8.184969,3.359053,6.411994,0.446923,0.865643
7.190373,4.565931,3.054194,3.622768,0.862039,0.859059
11.087033,7.774559,5.289377,12.000046,1.944018,4.431275
8.208329,5.742890,2.354560,4.559235,0.578826,0.769922
18.424320,12.978784,5.503972,5.527225,1.384688,5.649646
23.928087,16.848249,6.704495,12.737226,1.168026,2.942808
13.074058,6.565701,4.374080,3.756779,0.922989,1.272505
13.044768,6.808969,4.617132,4.965187,0.841785,1.682010
17.010445,12.144179,5.258575,8.442706,0.994288,1.736337
25.481884,17.547386,8.603540,12.066595,2.849705,24.817225
24.419619,12.237129,21.952175,33.494358,4.180107,6.258262
5.524297,3.847539,1.802196,1.620769,0.262165,0.393938
6.195190,4.340138,3.826102,5.010060,0.565421,1.587563
10.620753,7.703782,2.671357,3.915072,1.071464,0.959897
5.349911,3.510907,1.893617,2.274879,0.127047,1.094549
9.808106,7.237910,3.840077,5.192031,0.631533,-0.535949
6.836156,5.037954,2.488817,1.341797,0.749311,0.973871
19.886623,13.648603,6.149507,8.613636,1.195763,3.527679
9.994616,7.251283,3.663578,3.671870,1.319800,2.086970
11.007226,8.012186,2.998860,3.665407,0.810777,0.668126
30.603765,19.345482,17.007986,18.585943,3.211978,8.033878
22.400341,14.888932,21.853655,32.083504,5.142857,9.284203
18.405083,12.873302,5.118976,4.336863,1.018394,1.935795
8.593198,6.235154,3.066040,5.736168,0.796156,0.726424
4.169335,3.010630,1.582791,1.792682,0.103268,0.824560
18.941507,9.228588,5.395360,7.222529,0.615056,1.858528
16.666935,10.619735,6.319932,9.640690,1.499028,2.084918
13.223736,9.844213,3.600682,6.063581,0.937027,0.292835
5.457118,3.853491,1.673819,2.668621,0.373385,0.697722
35.201244,22.259830,22.993204,54.888226,12.436616,51.771576
3.772628,2.958949,1.902718,1.999730,0.100204,0.460017
11.692449,8.357007,3.079769,8.533760,0.973509,0.336551
12.859556,9.411925,5.295021,8.358572,1.155412,2.788340
11.438762,7.999744,2.737612,4.099818,0.241579,1.858962
6.419924,4.784765,2.528069,1.404017,0.385774,1.721540
46.333988,26.080700,48.414089,75.739906,9.658661,14.262178
86.172127,28.100506,101.138985,130.956909,17.679583,22.918530
83.035805,28.117144,95.527344,131.557373,16.232384,19.994699
18.331108,8.646502,9.061723,21.049238,2.345366,6.184104
32.063602,14.691494,14.786510,23.364929,3.474693,8.292453
83.487968,34.514267,45.666752,52.345322,7.989990,22.537495
62.635334,22.911707,32.647346,43.311733,6.109743,17.639177
20.283739,11.660635,26.103306,35.661728,6.125187,18.457933
4.780996,3.581490,1.765594,2.171921,0.614906,1.123617
15.914090,11.218851,4.621582,7.480768,1.420347,5.117153
8.977293,6.369910,2.633028,4.728029,0.629653,0.906103
33.133102,22.833258,13.117921,17.700319,2.081694,9.049824
16.030031,9.820084,6.268867,6.452026,1.426980,1.989550
17.053904,11.834987,5.478584,8.656347,1.351254,1.071455
5.140836,4.077921,1.997406,2.658946,0.074104,0.581805
17.259701,12.734713,5.061509,6.521753,1.641763,9.268043
6.705284,4.910192,1.596157,2.213975,0.132339,1.205898
18.744932,12.609806,20.823027,20.118240,3.632563,5.517498
11.172905,8.047472,4.332167,4.546909,-0.146042,1.625025
14.620364,10.524740,3.969881,6.272624,0.759605,3.519023
17.143843,12.223424,3.235538,4.465221,0.373641,0.733273
5.107315,3.944953,1.841118,3.459487,0.549637,0.824258
21.025621,11.188374,13.789948,14.348305,2.209263,2.691738
21.366385,11.114878,15.475430,17.368540,2.124940,2.372694
7.395678,3.451273,9.807654,12.917572,1.529280,1.254806
13.468248,9.540009,4.944510,5.656856,1.536339,4.564453
20.920481,14.665640,7.406646,10.516106,1.528682,2.491668
16.903530,11.830639,13.163205,18.225006,3.336361,8.141081
17.690460,12.382253,5.332663,12.204365,1.692760,2.138528
6.095635,4.164262,2.229472,2.689153,1.010781,0.982589
16.064480,11.527410,4.257523,8.183916,1.072837,0.188628
9.390304,6.982808,2.841094,5.276985,0.656621,2.658691
5.785307,4.454013,3.409935,4.426774,0.530147,2.087715
7.799200,5.599483,2.722355,2.596165,0.614932,-0.248325
4.135379,3.276592,1.582277,2.434006,0.269934,1.146380
10.075674,7.143795,2.807119,4.224741,1.310694,1.004470
16.299305,11.854730,10.474688,12.804443,2.313867,2.791656
10.226556,7.236637,3.599960,5.613558,0.626434,0.994310
38.287746,20.398932,21.529325,28.766802,4.840132,6.391856
39.767071,20.602844,25.759098,46.529694,6.119059,6.908443
33.936451,21.972498,38.186470,60.366821,7.735781,15.301201
36.292988,22.947189,18.809120,27.326967,3.509954,6.666162
124.021027,50.192387,119.021156,172.114380,22.241816,45.234943
103.962082,43.839699,87.267593,149.126373,20.142578,22.019789
48.739613,19.623667,20.973623,22.989269,3.993811,5.449608
45.636986,21.030003,26.497227,31.803877,5.167993,4.175403
13.061929,9.599463,3.305762,4.985044,1.005749,1.896535
13.808850,9.591077,3.335036,3.366098,0.771064,1.308603
6.729124,5.005133,2.560181,3.989682,0.144767,0.702113
14.227810,10.559829,9.083993,8.467078,1.834268,3.677117
21.501451,15.497224,5.203434,7.687301,1.331027,1.463561
12.668798,8.808576,3.684949,4.827738,0.575654,1.569730
30.058056,15.046719,8.759568,9.134303,1.958432,1.956851
26.426950,13.521066,8.954786,11.053052,1.834948,2.422659
17.483362,12.693933,5.827439,8.540153,1.643458,2.952208
36.339355,16.797651,26.070732,28.366800,4.045262,4.337882
33.208786,15.629276,20.435591,35.189266,4.121498,2.964459
13.159596,9.276800,3.133368,6.127739,0.639505,1.185661
12.281719,8.490886,3.391999,4.318549,0.657600,2.031928
20.351826,14.215142,5.403566,6.442774,0.993146,1.040008
16.796143,11.617458,7.048306,3.363637,0.854309,2.197838
8.273676,6.107001,2.842046,0.935432,0.641331,2.606243
12.913788,9.033646,23.164690,76.792831,29.248159,128.640915
4.830973,3.779617,1.927731,2.731498,0.580836,1.242522
13.984102,10.219561,4.015311,4.056324,0.824718,1.249839
12.691636,8.811487,3.507661,3.332294,0.576489,1.536305
9.791078,7.497573,3.221699,4.459261,0.661652,0.872083
11.415627,4.898644,3.471075,0.531087,0.483532,1.783182
13.944737,8.619266,4.276059,3.724032,0.501159,1.765871
7.310917,5.462245,1.948457,4.578101,0.467594,0.658796
24.190542,16.838152,29.230509,30.217766,4.226725,7.616704
7.606974,5.211089,2.038283,1.907191,0.602648,-0.319099
10.173928,7.050725,3.434762,5.496934,0.439008,2.855450
10.904099,7.605731,3.714178,8.139233,1.165692,2.060546
4.585862,3.428281,1.748728,-0.258071,0.730362,0.718967
48.470840,24.149551,52.842743,65.276840,7.731845,19.663591
13.170067,9.396872,5.596711,6.667441,0.868963,5.625484
15.299160,10.913486,5.040650,6.249642,0.919131,1.902099
13.865143,9.746894,11.214349,16.686522,2.451047,3.039630
4.551211,3.407679,2.077644,0.526804,0.305357,0.608910
5.636877,4.597515,3.260732,2.570598,0.230134,1.789451
23.568716,17.320885,6.389735,6.637299,0.996000,3.408859
8.048548,5.663768,2.205221,4.782426,0.013223,0.573586
13.164114,9.255104,4.023832,5.478664,0.668093,1.652312
9.377934,6.527260,3.452968,1.860299,0.548621,0.789679
16.704952,12.331048,4.680678,7.642966,1.315750,1.759504
5.771200,4.138736,2.091968,1.502350,0.485564,0.409542
9.102690,6.320954,2.866043,6.455486,0.524224,-0.557642
17.299175,12.822015,5.786768,8.258080,0.808284,1.640659
8.020116,5.772599,3.317528,2.828407,-0.032293,2.475140
29.635195,20.552486,18.711767,27.693207,3.121769,3.778933
4.419803,3.270968,1.364703,1.526967,0.511795,1.305825
9.475057,5.868259,2.255000,3.407031,0.618839,0.669962
38.970341,25.036558,14.841620,18.737415,1.724548,4.631108
59.964771,32.432323,44.924084,50.145306,9.383889,31.088247
32.567646,15.926412,11.039294,13.123856,2.160331,2.349830
30.155844,17.993397,17.557882,27.427624,3.018989,2.466846
44.556942,17.018847,17.261600,23.188036,3.882518,8.409775
46.389977,20.901756,24.069609,38.949570,5.435276,8.621548
42.929901,15.818216,55.370499,74.426811,9.617969,28.634102
50.191532,22.286913,24.967602,45.739830,6.897869,9.580674
44.818851,21.815342,66.081490,74.286537,10.600187,27.546202
56.382214,25.057400,63.896664,93.058624,11.755121,15.372627
43.857685,23.219093,60.439693,81.637863,10.344769,24.843758
94.835541,34.482582,98.432846,137.357666,18.119482,26.007710
85.151917,32.750175,85.093491,137.592834,17.152119,22.807512
10.521836,7.339730,4.117856,8.262060,0.895608,0.988016
8.786008,6.354119,4.668679,9.372505,1.244536,1.819424
53.487144,27.609430,58.667320,82.936584,9.380118,22.262918
13.774126,7.969567,3.967242,11.982843,1.812667,3.647330
24.970457,14.853390,46.701279,65.719109,9.770290,40.615448
7.835705,5.296873,3.037840,2.299837,0.235642,1.123442
4.186888,3.207927,1.705724,1.157483,0.725059,-0.193981
13.563982,9.610989,3.903776,3.898884,0.638874,0.840563
7.831939,5.683347,2.419676,0.801789,0.831166,1.718466
7.042775,5.312623,2.387059,2.915724,0.562121,1.221502
36.468246,18.438227,21.618536,34.201225,3.854447,7.200202
6.781774,4.746598,3.317621,2.649006,0.778768,3.946555
18.429771,12.994437,4.428993,8.991936,1.541344,1.304411
15.233383,11.230927,4.659173,5.527626,0.903149,1.591172
17.333588,12.379156,5.306790,9.795210,1.262039,1.783453
19.930735,13.973322,8.707956,9.082494,0.620361,4.062030
42.060726,23.647392,37.282433,64.304695,7.895851,5.064469
21.257320,14.818473,12.482979,9.074544,1.235419,2.292640
65.071106,37.933125,36.817532,45.647518,6.209684,17.330536
56.048592,24.349716,28.575371,45.618477,7.185463,14.009651
54.387680,23.523123,31.839598,56.564468,8.060356,12.454540
8.129550,6.466303,2.187829,5.440974,0.655093,1.493938
50.855320,33.876633,13.703922,16.629864,2.188625,3.582179
24.778667,17.549406,7.331096,9.330635,1.869947,1.270816
5.507197,3.820599,1.939531,-0.879175,0.566537,0.068242
4.806156,3.457965,1.545418,1.689904,-0.369229,0.986643
6.173838,4.246455,1.742196,2.269545,-0.415456,1.196317
36.265850,24.727222,10.127007,11.468021,1.175845,2.626454
18.191750,12.979596,4.103314,5.372687,0.723198,0.943051
5.039764,3.732988,2.153727,0.903291,0.120904,0.443878
7.147905,5.486373,2.402599,4.192426,0.831353,1.142615
12.572801,9.292709,3.808142,3.790291,0.851595,0.892935
4.853274,3.260467,1.603690,2.216451,0.822205,-0.275521
7.686541,5.163969,2.510053,2.482565,0.337986,0.475191
14.760770,10.563251,3.762025,6.029557,1.490183,0.785309
8.396851,5.940435,3.091739,6.144876,0.456473,-0.221505
10.194897,6.996975,3.294693,5.493809,0.651263,0.764037
10.101802,7.250864,3.404802,3.906281,0.510450,1.632773
11.510690,8.418887,3.286751,5.356024,0.437617,1.813014
32.055817,21.913578,7.335054,10.469707,1.889064,3.537186
13.176440,9.616821,2.781686,5.455544,0.955011,0.607358
12.283516,8.961884,4.028175,3.982581,0.042857,0.461927
15.662868,9.911220,9.125875,13.990628,2.262892,2.946884
9.544656,5.896683,6.471111,13.189894,1.354327,1.104230
4.764345,3.227992,1.961865,4.197407,0.097188,0.302938
9.191480,6.495083,2.712513,3.271757,0.294228,0.474504
8.975073,6.046104,9.441319,13.617355,2.564268,25.916023
4.069599,3.166203,1.575981,2.716360,-0.146813,0.052878
4.853573,3.738880,1.867758,1.501129,0.115734,0.683241
27.235361,12.377976,8.722618,10.653803,2.132740,9.301006
25.423359,14.202985,9.615177,14.570717,1.889542,9.968144
4.191614,3.043928,1.903223,4.666622,0.076289,0.376886
17.166117,9.508981,6.220143,6.954635,1.166920,2.231999
33.130775,22.680607,10.362335,14.489885,2.328837,3.218601
11.090952,8.165445,3.806972,5.616060,0.360213,1.993444
13.240548,9.179049,4.438550,7.942681,0.865997,1.263717
42.586109,26.269810,30.423016,31.415049,5.084915,6.913508
5.854290,4.089054,2.244394,2.754028,0.904734,1.518501
7.366296,5.632491,2.451716,2.422244,-0.070977,-0.145529
18.048487,13.191393,10.963608,18.147394,1.846690,5.202698
10.525601,7.601624,5.816895,6.402317,1.125300,1.977482
12.226903,8.595651,3.099902,3.035998,0.450104,1.085108
66.590744,25.720913,83.646301,93.434494,12.018298,24.951689
64.392654,21.920771,66.811974,96.760948,22.055317,126.641434
78.894958,30.279364,89.318542,156.314529,29.827271,159.873718
183.423996,55.793156,487.909332,627.975159,81.961533,143.185883
84.729897,34.657513,110.467400,137.003967,16.949280,27.028700
12.807879,8.563252,4.673786,8.978668,1.211055,2.213506
9.562749,6.994593,3.064384,7.159145,1.120699,0.365950
18.114801,8.335956,5.740468,4.798443,1.214835,2.881557
14.711430,7.003026,5.375518,7.471461,0.739239,1.691843
11.971422,8.851143,3.872201,4.969982,0.701192,1.158078
11.390198,8.381744,3.337721,7.688910,0.448973,4.673799
19.805473,13.691498,7.146911,9.454580,1.563517,3.446583
12.106681,8.404488,3.876340,6.319860,0.805940,2.271724
6.869872,5.119223,2.909407,4.485896,0.216792,0.539875
40.316261,19.432159,30.302275,41.361626,6.084877,15.663327
33.938629,13.774386,50.647655,78.897835,11.224968,30.046265
16.255409,11.783999,4.641834,8.365921,0.617372,1.294647
16.617632,11.906471,6.372962,9.605699,0.390447,1.386875
11.064401,8.290841,2.944128,4.768399,0.507978,1.646903
8.090897,5.889472,2.483985,3.571513,0.638896,-0.062636
14.811272,10.284218,4.874423,5.065375,0.759036,0.791311
5.937403,4.276033,1.791262,2.642667,-0.231953,0.464946
6.024610,4.465932,2.004772,3.936212,0.346710,0.285812
15.522486,11.476854,5.182975,9.222950,1.145529,1.288604
4.689600,3.607538,2.145071,1.827587,0.748321,0.121606
41.883492,28.309437,17.230541,22.554047,3.185792,5.366000
8.783441,6.015491,2.959935,2.940633,0.280949,0.036672
16.235197,11.194726,20.265205,18.851583,2.622144,6.568138
62.701962,35.514099,18.618292,25.674109,2.551063,12.379338
10.656530,7.593341,2.928624,5.091208,0.416403,0.463188
7.099328,5.069495,1.852606,3.972369,0.456792,0.520428
7.847952,6.043456,2.737908,5.245066,0.553641,0.748526
18.097960,13.198255,3.829266,7.207985,1.643440,2.503662
18.892149,13.369566,6.215233,6.194160,0.501442,0.848586
18.906748,9.221781,12.193792,11.993496,2.155891,9.481547
25.576422,15.468325,20.486301,28.704556,3.994955,14.049026
76.087311,30.422798,26.433912,31.262651,4.570161,7.799116
67.625755,30.482653,28.546293,35.901375,5.056123,7.721570
24.334011,17.439764,6.039172,8.576038,1.019138,1.561607
16.719675,11.813845,8.460156,10.068766,1.170977,2.667997
5.802888,4.425751,1.792684,4.580374,0.562531,-0.202596
10.937657,7.675198,3.954605,5.581429,0.993314,1.201922
8.931529,6.510290,3.202763,4.871100,0.765105,1.388774
9.238940,6.817132,2.789741,3.065690,0.412726,0.822533
9.381099,6.740230,2.764737,5.227662,1.121527,4.110192
12.092819,8.952616,4.142334,6.785602,0.829465,0.942276
18.765886,13.159373,6.708363,11.171943,1.789146,2.270894
16.102823,11.299702,4.802972,4.762170,0.654286,3.970467
32.977776,20.848787,15.338325,18.547094,3.650936,28.976498
4.674273,3.330971,1.672376,2.729341,0.666025,0.572058
4.559141,3.182116,1.722094,0.697847,0.269356,1.851135
16.340994,11.533166,9.005857,13.274062,1.944508,3.060681
5.950723,4.464919,2.176990,1.898704,0.058228,0.254570
11.313250,7.971482,3.527739,4.519241,1.162431,7.767961
4.580187,3.051981,1.714573,2.453186,-0.268086,-0.734083
25.492920,9.131820,21.112162,18.140879,4.311792,13.799237
23.849846,9.889473,28.514111,29.404949,4.889596,10.895855
5.017713,3.713750,2.148959,1.638043,0.055868,0.360325
8.290972,5.807547,2.571273,3.795790,0.315628,1.716202
8.205791,6.047317,2.798453,3.732400,1.232486,1.415230
6.583076,5.095449,2.437627,1.911141,0.231985,0.710669
5.725701,3.973438,2.413429,-0.117987,0.731606,1.256794
17.427282,12.487944,4.893817,5.281187,0.720765,1.698663
21.346581,14.996824,5.955431,6.263388,1.256201,2.226573
26.970209,19.507940,8.251157,13.306200,1.367647,0.478718
12.442266,8.849476,3.169107,4.230628,0.928238,0.908885
20.169418,13.960873,14.216117,19.650911,2.052655,3.173667
6.074815,4.460014,2.576683,1.958840,0.312982,0.209542
22.340502,14.893025,14.341850,18.866577,2.042535,4.779708
25.581478,10.436895,8.012702,8.086359,1.605724,1.472656
24.695410,10.477127,8.196506,9.530395,1.932380,1.383661
13.564452,6.104459,3.337316,6.202354,0.420000,2.019634
16.721876,10.362146,6.140939,9.466834,1.082139,1.290394
11.592188,8.368896,3.662263,3.170942,0.607694,1.272086
15.231296,10.918380,5.537446,7.579858,0.970544,1.359901
4.157926,3.049917,2.072076,1.189604,0.229882,1.326976
23.413980,16.621099,5.501819,8.163776,1.448086,1.856591
37.430771,22.140947,13.576506,15.423098,2.373553,3.906724
40.135319,22.218494,16.177420,23.149622,3.314506,4.449560
50.191776,32.544842,25.102711,34.952881,4.837388,8.914123
31.785507,20.561823,10.125180,16.391279,2.045244,5.829565
12.657567,6.388486,5.254398,6.777825,0.815102,4.362000
32.947678,21.682577,33.961693,49.654995,4.846035,12.253682
6.304200,4.703679,2.202216,3.423796,0.040919,0.513842
15.909927,11.338810,4.594816,6.476381,0.982878,1.042401
10.519236,7.367733,3.687265,3.146511,0.731372,1.421890
9.368378,6.701812,2.528827,2.659787,0.593998,1.126009
9.829746,6.780141,3.010695,4.006794,0.855908,1.833474
6.497395,4.928930,2.861395,2.571501,0.111996,1.622487
12.908354,9.331427,3.887761,1.179703,0.235868,1.951947
12.819897,9.365669,3.292971,4.524506,0.827583,0.623131
11.557220,8.447512,3.347259,6.638071,1.113579,0.998643
13.107006,9.627430,2.944823,5.586265,0.574596,0.701706
11.839524,8.118989,3.583235,5.894488,0.422760,-0.065862
6.914843,4.778984,2.437355,3.027907,0.324080,0.048336
27.456217,17.781839,12.273149,12.988869,1.920480,2.787528
41.432724,19.501186,26.695488,43.308868,7.183837,46.803295
33.388760,14.897039,23.998798,46.490021,6.741629,33.346302
9.331981,6.527050,2.968070,8.487680,0.880663,1.415509
20.940195,14.454067,15.588230,23.050365,2.701790,11.674834
4.382991,3.210473,2.418671,2.396368,0.150105,0.173000
7.139162,5.170785,2.191318,2.017480,0.290566,1.776562
11.702173,8.810471,2.310037,8.157910,0.580741,-0.515758
25.464764,17.567263,21.821386,29.734488,3.522466,7.051266
19.647480,14.346906,5.509665,7.592607,1.761747,3.232964
8.595304,6.075017,2.529098,4.005917,0.199126,0.017285
12.274527,8.902766,4.084428,3.787307,1.428920,1.422564
4.884513,3.423404,1.828688,1.949169,0.260291,1.116320
8.498086,6.303965,3.026349,4.238725,0.622466,0.688055
21.670362,15.399282,6.580377,7.388247,0.986465,4.419772
19.183292,14.062317,9.495639,12.358598,1.673980,3.926520
6.558152,4.442125,2.529262,4.641317,0.498900,2.266995
8.810369,6.597904,2.749618,2.764020,0.809966,0.366595
18.372311,12.900195,5.744608,8.628671,0.819694,4.002625
7.222216,5.199702,1.961820,2.352650,0.443089,1.316229
18.602818,13.230663,5.586637,11.075216,1.726802,2.108785
5.072628,3.595147,2.342973,3.747660,0.190010,1.547478
14.875313,10.468254,3.541476,6.085161,1.060008,0.104949
17.483936,12.708193,6.279702,8.003146,0.727918,3.571136
11.381772,8.363820,3.478946,5.280764,1.099966,5.499613
4.860237,3.783313,1.294810,2.229899,0.024101,0.898542
17.864277,12.541438,4.875668,7.303635,1.253296,14.090937
19.694151,13.256712,26.472137,36.915447,3.865762,7.242405
7.828291,5.548859,3.005000,2.878438,0.009936,0.336030
11.894464,8.441152,3.818661,5.645649,0.762690,1.230922
4.620002,3.374880,1.691899,2.070595,-0.082094,0.508101
10.082227,7.057235,3.212305,1.259778,0.461592,1.459177
7.687208,5.380777,2.573877,3.650095,0.408004,1.430520
4.777194,3.468406,2.050812,4.194962,0.007668,0.766818
7.657662,5.621177,2.128567,4.387866,0.001294,0.947887
9.482439,6.675058,2.597843,5.603897,0.411093,-0.082694
7.054317,5.374471,2.079681,3.020406,0.643151,0.154241
9.946177,6.994933,3.277575,1.357021,0.450203,0.330779
14.710138,10.353292,6.706008,11.355472,1.113421,2.350371
10.031383,6.664931,2.932626,4.727213,0.540807,1.609601
8.002312,5.647167,2.644936,3.938507,-0.006265,1.088920
6.716039,4.846272,2.420374,2.336451,1.032361,-0.377341
12.491124,8.777169,8.308417,10.317521,1.788100,1.585942
9.061935,6.939945,3.378832,5.682363,0.445740,1.115981
35.241150,18.646360,14.205654,23.282347,2.898244,3.392244
25.082941,17.229115,15.117965,18.543859,2.768249,5.714383
13.657728,9.562155,4.526402,4.467512,0.925787,1.286119
4.229118,3.314984,1.833474,3.018371,-0.057341,4.329719
17.076054,12.264222,3.930564,5.384273,1.159802,0.488159
62.191456,22.590122,57.973423,50.292095,9.428886,41.206787
85.614449,22.440245,71.361443,74.001083,13.047800,62.918179
58.646030,22.581770,35.152042,45.426285,8.245879,48.381729
69.040833,31.390451,28.637306,40.817093,8.087242,47.672298
51.473850,19.526375,31.317789,47.576260,8.544118,37.579922
4.495851,3.186466,1.625433,2.796184,0.110679,0.783748
8.296276,6.021878,3.396123,4.177025,0.873361,2.034326
5.316129,3.692808,1.904896,3.060786,0.159031,1.242128
14.036951,10.140298,3.751656,4.749485,0.682083,0.430853
6.476565,4.724044,2.510390,5.013605,0.135385,1.252830
16.872534,12.149970,4.546702,7.533902,1.192506,1.656376
33.619919,21.995722,17.867512,23.355528,2.895952,6.326085
102.304230,31.318739,92.950546,121.468353,17.411749,48.283150
119.974327,32.157825,85.717110,127.412674,18.153744,79.398277
87.260536,37.363716,54.112106,76.092468,9.719359,25.436405
107.954178,41.306557,122.502754,154.280670,21.018608,33.990730
65.393364,25.989761,79.051239,108.404869,12.235820,21.738907
41.232189,27.605255,17.913408,27.876427,3.413894,2.946532
8.578425,5.658395,3.973078,4.497580,0.779142,0.663533
5.148095,3.961983,1.921714,2.937181,0.489538,-0.056961
3.929613,3.125444,1.372280,1.046777,0.410574,1.398225
4.755742,3.315022,2.666331,1.626275,-0.031985,0.325793
4.529885,3.360338,1.606138,3.617449,0.412993,0.735132
5.627469,4.076978,1.937399,3.702929,-0.505813,0.644619
6.172230,4.814442,1.878194,3.501998,-0.005473,0.816876
20.397234,14.518206,5.360696,8.373936,1.019467,1.620998
40.496346,19.930397,24.061277,20.757648,3.993660,9.903086
30.854862,17.349241,44.602749,56.558788,8.065780,25.376896
17.793556,12.298141,4.023868,7.228682,0.482466,1.534819
8.660839,6.346941,2.530228,4.224847,0.979781,0.239699
22.299112,15.524444,7.870385,16.372862,1.815874,2.729551
18.963459,13.403686,7.905585,10.074531,1.764489,5.875153
8.125216,5.509207,2.990775,5.389084,0.250789,2.095417
34.661003,14.877095,11.728606,12.464165,1.714094,3.727330
57.043812,36.478046,25.127031,27.110800,2.475944,8.576014
46.620010,23.993122,25.780666,37.444618,4.966523,15.146792
36.919842,15.887689,23.793118,38.307549,4.766763,15.323774
8.063404,5.951623,2.467300,2.371381,0.257804,1.350797
20.447498,14.456250,5.050889,4.456167,1.048659,0.449393
6.655376,4.617102,2.157289,0.897259,0.464332,1.047345
12.554378,9.579897,6.800998,7.285410,1.292966,8.957802
19.491587,13.395928,5.663977,5.557482,0.559450,2.115723
6.129939,4.204662,4.133970,6.112994,-0.163770,1.686548
11.000879,8.107075,3.921630,4.554425,0.601574,1.127786
6.846243,5.032199,3.471592,4.713329,0.191156,3.206107
14.525327,10.409777,3.576431,5.617851,0.169276,1.312655
17.857613,12.802576,4.663353,4.198148,0.557991,0.595182
13.097016,9.561384,3.690475,8.665031,0.770164,0.958411
5.871561,4.096931,2.378014,0.298459,0.296302,2.409853
27.920153,16.024731,18.192886,21.180286,2.525581,8.367484
23.385759,11.187304,6.704241,5.518170,0.954915,1.340575
23.804808,11.162532,6.804935,5.352156,1.013073,1.382106
23.076544,16.525007,7.161556,8.155770,1.235586,1.229998
13.436126,10.018691,4.585519,7.344762,0.962496,1.616488
14.088223,10.178719,4.107073,4.688231,0.347160,0.813087
6.822354,4.625606,3.122047,3.863824,0.348543,0.970120
45.249428,16.465401,27.120213,34.207325,4.685070,9.467592
59.635208,26.327740,65.655548,94.003258,12.988984,21.624138
5.955395,4.441108,2.017948,3.285522,0.705257,0.290283
4.946214,3.775883,1.765087,2.014635,0.125295,1.260018
5.265317,3.831205,2.031260,1.716084,0.088080,0.943450
69.693680,33.899094,38.721756,55.861691,5.729513,13.229581
13.200111,9.078151,4.885799,5.911543,0.816760,2.465556
52.898190,30.995636,37.562050,42.115704,8.721149,45.718727
93.766441,36.922565,72.303207,111.541229,15.700614,72.290215
41.430244,19.677166,37.955666,55.635868,10.258965,32.090084
39.973114,19.632421,41.852425,66.808975,10.826843,31.274111
49.336487,23.094162,89.836227,111.738998,14.712199,25.195910
33.552528,17.516958,65.797760,82.892532,10.110766,28.289345
100.167114,34.773659,186.999237,206.016647,27.015495,63.983997
81.114113,35.275204,122.749405,165.703735,18.902929,43.603237
21.736135,14.863152,6.881334,7.512277,1.592189,1.683643
60.048943,25.204306,33.399769,42.360947,5.703598,14.906325
55.130058,24.381466,31.481852,44.343407,5.163359,13.387484
28.253349,19.326981,14.721796,21.142246,2.687551,8.884102
4.983846,3.666224,1.833403,2.082836,0.488731,1.835404
7.264147,5.487262,2.298610,2.614491,0.399897,-0.460831
15.217212,11.000524,3.636388,7.062068,1.003171,2.585657
10.700772,7.859190,3.029786,3.170816,0.584238,0.495717
9.212156,6.273313,2.659593,3.940951,0.108760,1.421474
13.345418,9.870824,3.955859,7.999069,0.317524,0.553192
18.039061,9.056019,6.263126,6.915187,0.634875,2.710598
12.461857,8.855816,3.843801,5.802693,1.207981,0.514292
32.522427,18.140068,8.968974,13.222995,1.999084,2.947192
13.999780,9.702928,3.609778,4.860046,1.109930,-0.275181
14.240866,10.274811,7.395296,6.864890,0.955609,1.176777
16.808495,11.957632,4.974688,9.471802,0.468434,0.195321
10.506329,7.518564,3.468130,5.366153,0.790315,0.449436
5.109415,3.380241,1.859458,1.216601,-0.275736,0.319667
5.239767,3.578634,1.855384,2.577198,0.618358,1.187858
6.998763,4.935347,2.279883,4.687915,0.577114,0.553226
4.935941,3.391502,1.857310,2.327908,0.354872,1.519305
10.896335,8.153160,3.828039,5.615922,0.470276,3.055001
15.723957,11.094291,4.362841,10.902308,0.969998,3.064928
4.253904,3.258099,1.994644,3.276258,0.084665,0.461218
9.168205,6.949452,3.795529,3.618667,0.731432,-0.759357
9.731121,7.020187,5.368198,11.706284,1.760662,3.992864
12.762869,8.796519,3.481005,3.083210,0.690935,0.143540
26.509079,17.387423,38.986687,39.347347,6.738745,9.364916
17.822220,12.927028,4.771115,8.643039,1.080699,2.238258
10.581615,7.790409,12.548110,12.451628,2.137621,3.332498
4.353224,3.242987,1.380630,1.041131,0.032503,0.824473
13.868838,9.826258,3.756972,5.734110,0.976217,2.731587
4.765208,3.699924,2.101372,1.399112,0.681694,-0.068959
6.439694,4.661017,2.501385,1.910479,0.153214,0.758754
59.385216,35.117004,85.041740,100.927605,12.561257,23.239788
46.517178,25.188692,60.788174,84.639412,9.705188,15.374875
31.669483,15.475569,12.061206,13.723122,2.313365,8.458810
54.190456,19.281073,25.709934,31.250916,5.242478,10.523105
84.698174,26.368181,44.056446,68.437271,9.306419,13.734969
70.080544,26.222849,38.513779,66.085945,8.286996,10.855088
49.616127,26.425621,30.837511,43.356697,6.033267,9.241675
40.184135,23.706026,12.331017,19.109234,2.863302,4.836963
62.339146,27.442207,35.625942,46.566875,7.256818,11.829582
105.603012,33.659016,114.756233,148.629944,21.626831,27.672728
121.170807,33.733181,118.014816,168.348434,22.359520,26.755442
10.239773,7.104466,3.422449,3.357400,0.824869,1.228320
7.856650,5.637233,5.131684,6.697487,1.035860,0.988443
7.307471,5.534598,3.132137,2.996203,0.482154,1.769423
22.108822,14.529935,27.484655,19.802389,4.053439,9.693945
8.512626,6.007622,2.746946,1.645100,0.685060,1.859186
11.133236,8.161039,3.371798,5.166715,0.070474,-0.039601
6.174040,4.636477,3.254002,0.581304,0.324146,0.990388
13.496000,9.412629,4.682690,3.485012,0.546977,0.849488
64.776947,27.059647,111.461761,123.698586,17.593927,32.025227
6.445113,4.922534,2.086117,1.136002,0.270621,0.500594
15.669657,11.333374,7.680926,9.412838,1.887835,5.936501
5.732336,4.000914,2.151567,2.601286,0.321723,-0.472665
4.898706,3.654678,2.175413,2.619662,0.060903,1.707498
4.450757,3.304391,1.871992,1.232020,0.332789,0.234572
12.224793,8.865086,3.293645,1.749903,0.549945,0.817208
13.513335,9.380535,2.922463,6.217366,0.463484,1.486717
6.585394,5.075912,2.592190,2.840073,0.529866,0.833242
3.876025,3.026625,1.469504,0.903593,0.191266,0.137918
14.199579,9.918395,4.386792,4.789281,0.794372,1.350330
18.383352,13.152154,18.684561,33.503864,3.523959,4.250024
12.572441,8.666203,14.495220,19.682741,3.204828,6.228730
28.309784,19.402790,9.172781,15.519591,1.766277,7.590104
11.704856,8.343782,3.855526,6.795527,1.187629,-0.349204
8.412520,6.289416,2.525282,3.473289,0.367058,0.544996
31.718864,14.337045,14.383768,14.756218,2.963467,10.478662
10.212640,7.592517,3.143592,3.664155,0.881513,1.612906
27.815144,16.731417,8.643709,12.192292,1.250188,0.833487
21.827566,12.172763,6.859063,10.117805,1.374118,2.471425
15.582418,9.507676,5.217212,9.590476,0.788375,0.753833
19.264744,13.548955,5.462677,10.136861,0.738482,0.708052
6.160762,4.622861,2.219156,3.234411,0.645237,1.195348
9.678785,6.991787,2.666739,2.493461,0.529714,1.188486
32.038460,16.678480,26.967224,25.501774,4.020154,8.707891
44.323853,25.091930,21.193270,31.210882,5.619085,5.025802
13.566229,8.773696,5.349774,7.791033,0.886374,3.217951
11.698033,7.817892,3.586224,5.666575,0.835708,1.298153
8.841927,6.221349,2.788558,2.902841,1.358476,1.549108
10.930394,7.541143,3.155121,3.522012,0.517659,0.572419
34.102272,23.252878,30.467766,32.571102,4.973541,24.653383
8.321581,6.037580,3.613274,5.077141,0.874813,3.648405
4.739971,3.615271,1.815665,2.026376,0.433265,0.864209
19.899673,14.260221,11.836556,19.525486,1.977553,5.750428
6.778025,4.640994,2.300680,1.551103,0.979419,0.748380
7.881071,5.657211,2.306398,0.998407,0.876299,-0.060402
20.057795,8.630484,10.307173,10.346354,1.047974,3.657088
45.308517,28.684280,24.471113,33.165646,4.337936,5.531039
22.702141,15.696049,29.657652,35.531479,5.075248,9.919952
34.628593,16.915844,33.515453,59.076321,18.393337,65.027077
59.953491,29.664516,85.995659,150.368134,29.632631,83.471519
10.532920,7.621179,3.322391,3.800218,1.190932,1.296843
127.987282,41.158413,123.542221,160.732117,22.121075,29.673168
94.409111,34.772442,108.087044,154.384293,17.804628,19.795429
4.234536,2.976110,1.501306,0.974976,1.020532,1.132486
7.374276,5.674143,2.758223,1.623924,0.941265,-1.199541
9.696077,7.386680,3.667531,2.966523,0.175875,1.694172
11.845572,8.190024,3.203763,5.693644,0.311823,0.888009
6.282463,4.471481,2.263286,2.889202,0.443892,3.917204
6.247743,4.547421,2.458514,4.676775,0.486489,-0.133931
19.784960,14.410682,6.260258,7.555528,2.149585,3.431110
34.224823,17.035685,50.751366,61.194878,9.611413,66.418411
35.565411,20.296217,66.899406,92.904388,15.824087,99.332924
104.698357,51.854141,75.595238,92.938690,13.401866,46.440842
66.368362,38.579422,73.598267,109.221748,14.500382,18.511112
6.714481,4.661363,1.947450,1.351263,0.153072,1.338290
13.574203,9.614438,3.770776,3.097340,0.787650,0.622270
9.694971,7.179293,3.002320,4.989663,1.238221,0.731562
31.087763,21.938425,8.516513,9.596578,1.820316,3.712999
63.960270,33.270653,52.577679,77.900337,9.807394,13.571056
43.599918,19.033897,60.397049,76.477730,10.678107,17.283062
37.687481,15.187198,33.484104,52.318283,7.199798,8.260995
28.201460,16.278616,44.540459,57.384933,6.986195,12.990090
30.534498,15.912699,37.593376,52.165306,6.557223,13.231155
76.719200,33.409031,88.689049,115.691154,16.437737,53.654449
135.910110,65.219971,138.699997,189.955414,26.817593,70.582092
80.467453,40.889942,45.386509,75.319496,9.523842,32.064995
18.298395,12.886653,10.161599,13.761806,2.200674,3.847443
19.533037,12.155430,6.612983,8.442809,1.770803,13.135530
24.298025,17.280180,9.489446,15.533516,2.103979,1.632298
10.248945,7.496017,3.197678,7.923965,1.092283,2.345342
98.823906,41.425385,82.896904,118.552307,15.152485,35.926079
43.224224,17.175873,51.667648,50.731274,7.352923,15.737286
44.580750,20.235502,65.264473,79.828102,9.397573,15.461725
44.394829,29.150976,25.424017,44.996677,6.605243,6.129513
45.736355,18.979443,82.854431,111.104012,15.084473,35.104923
60.389606,18.998217,92.396103,124.088974,17.555079,36.667030
43.033176,21.373005,43.501026,69.990501,9.112243,8.752558
16.187380,11.644126,6.084737,7.500080,0.927966,0.197624
22.405474,15.837343,9.465081,11.643510,1.417427,4.750599
106.600784,30.947657,136.222351,156.956436,24.942776,56.398937
58.795708,26.308340,60.638054,79.398926,10.634687,20.100872
11.275266,7.973185,3.313192,6.736558,0.616162,1.084826
11.195534,8.206056,3.236055,3.549031,0.229458,0.961473
17.320835,12.099811,7.606704,12.915731,1.411515,0.568282
13.721058,9.879636,4.070736,7.421745,0.312418,0.886890
13.283966,9.859529,3.736418,6.434641,0.408626,2.674935
12.779082,9.024093,3.691517,2.289392,0.376066,2.435205
11.837539,8.401178,3.621562,4.597834,0.491881,-0.150337
9.475598,6.767296,2.750824,3.287000,0.209684,0.179549
36.416977,23.939295,16.316912,19.278156,3.367887,4.524392
20.165060,14.398534,5.260818,9.601628,0.523856,1.954257
15.297585,11.094106,3.550125,5.411525,0.734465,2.000767
4.470479,3.140853,1.757958,0.974172,-0.013843,1.115292
5.223508,4.228333,2.067164,1.601634,0.580621,0.206133
14.074533,9.984842,4.598504,5.422879,1.306917,1.957127
16.557100,11.999022,3.980706,8.488519,0.994243,1.129829
24.261337,16.441471,10.702782,18.601662,2.144432,1.703866
8.592138,6.219775,2.538381,2.589986,-0.000817,-0.193790
20.264427,14.303108,5.344634,7.277232,0.816558,0.882207
20.836510,14.710991,5.016016,8.259176,1.184849,2.670315
7.523680,5.726500,2.508309,3.110582,0.451076,0.750017
5.530294,4.295481,2.129024,1.635849,0.209410,0.662525
9.227613,6.737756,2.788013,2.923936,-0.143258,2.078049
50.064034,35.607037,22.364088,24.104483,3.364824,8.644890
14.753413,10.515114,4.950034,3.629670,1.358750,4.834576
28.464407,19.449032,8.440815,15.571519,2.034713,3.678952
5.567458,4.343960,1.768230,2.095001,0.328034,0.060909
34.007652,17.975925,10.426290,13.161344,1.466039,8.999592
12.080814,8.743972,2.757944,4.183580,0.475872,-0.013060
4.876054,3.571272,1.711523,1.041558,-0.316269,0.212218
13.926162,10.289949,6.979096,11.639889,1.109356,3.586885
11.885702,8.481963,3.263767,5.666370,0.223081,0.307122
23.844135,15.362644,14.980082,23.504602,2.806819,3.546275
32.601444,22.472509,14.878770,19.208757,1.902051,2.817674
21.884163,15.604332,6.521524,10.599748,0.994407,2.119612
12.504258,8.801815,3.254614,5.502135,0.500637,-0.065732
12.320076,8.822461,3.468773,5.557543,1.057521,8.471816
22.621332,15.397843,9.742969,11.285691,1.513621,3.556709
6.488792,4.619621,1.926723,2.800116,0.801762,0.689650
14.410839,8.900463,4.587051,7.467548,0.696809,2.747175
25.323996,14.068822,30.368654,38.058361,4.583507,9.535185
5.797621,4.137761,1.817348,2.784014,0.022228,0.263662
22.062370,15.574978,6.058488,5.961401,0.871391,2.715997
12.560016,8.824654,4.038245,4.736603,0.821088,5.786162
36.669140,17.216125,9.916951,14.973696,2.034920,9.958009
6.481275,4.564120,3.516095,5.529633,0.274327,-0.592080
37.364292,25.706966,11.946903,30.356344,8.945804,26.452419
10.201822,7.445035,4.219576,7.343702,1.108911,2.134040
6.193004,4.657061,1.977674,3.623172,0.253971,-0.528741
5.403904,3.793511,1.661460,1.756440,0.418896,0.646702
10.838748,7.715787,2.990082,4.097515,0.405548,1.232754
16.441959,11.489799,4.425891,5.392471,0.754580,0.084872
10.557546,7.560627,4.389350,1.530709,0.399652,1.496145
10.988684,7.649185,3.103914,5.077236,0.977770,2.143195
4.413559,3.353534,1.804584,2.111159,0.541740,1.019169
4.767842,3.314410,2.110119,0.464547,0.139699,2.503890
34.355122,15.038514,13.062303,19.814255,2.807874,6.648966
46.680370,26.422508,23.012472,31.715940,4.829942,12.938684
88.463654,40.337742,79.764336,124.695122,15.381895,26.687706
67.661057,36.681828,101.118065,130.252487,17.366272,22.881401
91.691353,39.025146,67.416130,84.240814,11.798030,34.645798
18.181198,10.603834,15.239146,33.765175,4.463322,8.014671
19.885479,12.658791,23.334484,34.047001,5.360058,13.539139
61.365223,32.343571,50.524220,56.107861,9.512306,27.963434
47.606388,31.560804,16.402916,20.525944,2.710382,4.049505
39.890354,27.401644,19.965096,27.563536,1.870306,3.877414
10.814726,7.174445,11.967162,13.826717,1.304074,3.923451
5.324028,3.861809,1.644610,1.320094,0.647702,0.877650
8.173948,6.203274,2.793897,0.932796,0.826319,0.304299
18.417778,13.155037,7.064466,9.999631,1.289500,2.871776
5.246299,3.877752,2.075639,1.140481,0.311827,1.580109
14.845948,10.453761,3.718804,5.731343,0.875146,2.301829
13.860067,10.284752,3.879532,2.625548,0.954614,1.328382
4.478102,3.380991,2.105505,0.135471,0.817338,0.022642
28.158983,18.033770,10.037549,9.573044,1.926955,3.507878
8.764017,6.325542,2.383735,5.075837,1.012460,0.037243
4.167195,3.072989,1.674555,2.523032,0.259371,0.884543
6.062179,4.280537,1.941892,3.501430,0.873806,2.044514
4.391955,3.217392,2.413981,2.933818,0.294008,1.598057
58.394394,29.095089,35.847385,47.000340,7.526761,18.650585
6.950224,4.922964,4.225549,5.188565,1.455912,1.915718
7.903431,5.642595,2.351157,3.917961,0.274285,-0.321689
11.805922,8.345783,3.420182,2.207104,0.625930,0.519534
5.318730,3.476059,2.203823,2.641660,0.034423,-0.679215
17.351639,12.408158,10.978051,8.667473,1.406734,2.028021
15.794408,11.391603,7.543273,9.927313,1.035408,2.203731
13.331040,9.577818,4.963768,9.908090,1.443117,0.562587
7.886930,5.978422,2.567515,2.766891,0.667341,3.126462
4.811721,3.353332,1.571827,2.750521,0.335317,0.731938
14.843093,10.432222,4.949702,5.796506,1.324710,2.198754
16.161358,11.551758,7.225563,10.083853,2.141631,0.842801
8.496340,6.184362,2.841548,1.954579,0.849625,0.166708
47.072147,30.865582,35.762367,50.933556,7.424123,10.182245
36.793503,24.126045,26.544617,40.525406,5.212436,10.098292
30.427696,18.475918,24.221907,37.975643,5.254637,4.428480
20.795137,11.172775,7.762163,16.039442,1.785636,3.344777
9.926954,7.266907,4.650563,5.125437,0.667659,0.713955
21.957710,15.343139,6.816763,11.784256,1.086029,1.369994
35.139793,23.732698,15.248064,17.813019,2.680717,4.378778
23.748613,16.509312,8.815094,9.379169,1.191180,1.470237
26.696966,18.683207,6.798848,11.075524,1.723104,4.094764
10.592761,7.510292,4.558314,7.148807,0.718616,0.476892
11.980507,8.743122,4.327522,7.042396,1.124722,12.144326
5.512306,3.976937,2.188989,0.978049,0.620975,1.035083
36.815914,25.698444,11.463259,16.462551,3.200969,14.588135
4.993498,3.706808,1.736781,2.131440,0.492604,0.068350
8.913685,6.219874,8.295984,7.153959,1.471521,1.636040
4.485333,3.255344,1.908559,1.707621,0.612027,0.472313
8.113428,4.710632,3.605547,4.824707,1.018856,2.990371
4.469783,3.241524,1.731276,3.468413,0.151395,0.842449
5.881694,4.370922,1.771449,2.026561,0.390731,0.348905
6.814491,5.057525,3.466075,2.449870,0.249071,2.284782
7.017917,4.788206,2.514402,3.932822,0.735839,1.364672
7.337411,5.391169,2.527575,1.617812,0.791834,0.163084
21.120054,14.721959,16.235777,22.273357,5.003541,45.671268
18.659883,13.510629,4.976369,5.975859,1.109690,0.072144
8.567177,6.133032,3.738375,3.741363,0.763514,0.772432
24.374210,10.319648,14.874307,15.797318,2.060363,6.809781
33.329922,19.380306,25.814411,38.801517,5.083599,9.105419
80.075882,37.203682,102.011284,119.819229,17.824921,83.638680
7.829063,6.151277,3.098505,2.797388,0.980338,0.866521
16.870760,11.976295,5.635643,10.465410,1.380449,2.687366
16.446230,11.707208,7.900373,9.323482,0.963203,3.198548
13.348671,9.485757,3.260268,29.849653,12.321320,55.110874
5.121182,3.716084,2.152347,2.112188,0.394343,2.562758
8.637610,6.080577,2.903793,1.660382,0.117533,0.418806
12.830603,9.415906,3.338638,1.795082,0.695132,0.956372
3.865245,3.116907,1.694190,1.018937,0.324389,1.494017
7.160017,5.211083,1.859044,2.182415,0.553356,1.206753
17.242258,11.992330,8.323562,10.531421,1.425192,2.852004
7.064681,5.449892,2.272435,5.364601,0.058520,-0.059007
5.010280,3.681591,2.061256,0.247852,0.687877,1.733404
13.490262,9.809804,4.246413,5.078828,0.893274,7.440083
5.378123,4.133442,1.885422,0.477941,0.390002,0.889636
11.963036,8.260986,6.891966,9.439055,1.946810,12.402900
13.249735,7.763620,4.262234,5.491132,0.756634,2.706276
8.910882,6.202654,2.149181,2.866344,0.507250,0.504806
22.060831,12.762902,6.819926,5.340690,0.951020,1.168460
35.274464,23.461863,10.127304,17.105001,2.031023,2.735199
10.502795,7.664751,3.327254,5.600317,0.683478,1.881394
9.585243,6.893511,4.778422,5.469984,1.211003,2.847548
9.198054,6.610781,2.784406,6.061096,0.740257,1.886535
11.307847,7.985562,3.502172,3.124876,0.954748,2.321079
22.314899,16.049879,8.253161,8.409640,0.721491,1.325829
12.676622,9.259812,3.583706,5.128451,0.570132,0.775081
5.892648,4.186222,1.654395,1.606621,0.758582,2.886239
11.931742,8.618134,5.279232,5.557854,1.412356,1.892238
6.688464,4.781715,3.325051,4.343345,0.430452,1.462300
10.660705,7.742976,3.148398,4.198998,0.652375,0.571843
37.815510,25.536961,23.868282,24.987196,3.435096,4.392051
12.255115,8.705397,4.207332,5.661208,0.556532,1.826626
11.611371,7.871388,3.401091,5.006269,0.938041,1.893428
5.816864,4.420941,2.152194,1.560800,0.008638,-0.212273
14.076611,9.979821,4.486156,4.514831,0.575149,0.946220
11.248226,8.186178,4.177075,3.581834,0.765764,1.790151
44.568466,26.652847,13.357895,15.155550,3.209967,5.348129
78.154701,38.752819,66.554291,93.092529,11.904909,18.974354
17.063534,12.655040,4.660062,3.547398,0.823727,1.207422
4.534317,3.397693,1.945878,1.875594,0.332601,0.024770
32.342926,22.197453,11.236502,16.838411,1.375617,4.654153
36.784443,20.465080,10.728380,13.599312,2.451031,3.672379
11.434292,8.422779,6.527434,7.644125,1.331766,3.221651
9.968716,7.253028,2.839633,3.624239,0.052141,0.305709
4.149814,3.320778,1.545882,2.086245,0.580158,0.004236
9.080824,6.316826,3.765018,5.087670,0.702801,1.952448
17.815527,12.696468,4.760841,7.991554,1.211792,1.923659
7.923220,5.996171,2.652244,2.552949,0.579149,0.753783
17.913246,12.430242,5.876845,10.813391,1.289944,2.556794
7.275306,5.649120,2.268925,2.118771,0.101500,0.673006
13.943700,10.206847,3.954447,6.977676,0.647233,1.561209
19.427435,14.108348,5.091585,7.661437,0.961262,0.951228
5.956227,4.569043,2.039180,3.090370,0.175828,0.737439
10.481926,7.826692,3.853037,5.426011,0.728331,9.763167
16.357979,11.474000,9.722545,13.556293,1.083577,3.386189
5.161089,3.956927,1.950614,3.069232,-0.127578,1.606324
21.232443,14.502857,5.882937,4.254224,0.921684,4.278221
24.171238,17.432137,10.190741,11.356144,2.354959,13.110741
4.468448,3.250331,1.613973,2.590443,0.485471,0.540467
12.332549,8.858997,3.496398,4.753141,0.994240,0.986556
23.906448,16.398445,6.686941,8.566707,0.556632,1.241160
19.876400,13.432262,11.061108,18.116705,2.191225,2.435400
12.129953,8.651149,3.753493,4.576355,0.637601,0.978999
24.051388,15.569468,24.895699,40.343395,6.243453,7.481756
38.663239,23.206282,37.177055,49.131348,6.302587,7.410960
20.990086,8.287682,8.231359,11.443409,2.348481,8.233236
57.424194,16.647877,82.420471,96.639160,12.847605,26.975365
83.018509,26.651541,106.927269,128.277313,17.504303,34.893303
78.260437,29.324644,88.955025,118.198013,15.268119,31.997446
15.108490,10.574872,5.922110,9.629627,0.939951,2.754185
8.490443,5.967364,2.739916,4.708214,0.037001,-0.197522
6.222879,4.428989,2.050076,3.029831,0.229278,1.747585
17.242105,11.962716,4.643705,6.623082,1.133217,1.854259
38.449871,25.318293,15.852232,20.382612,3.364431,24.273844
5.092936,4.001621,1.999388,2.838551,0.084964,3.108123
18.421423,12.730190,6.218423,6.498826,1.018828,4.677037
19.001980,13.461791,4.721331,9.371708,1.080238,0.404355
14.833843,10.742750,10.087743,9.775736,0.960261,2.535882
28.256840,12.964519,9.869988,12.413444,2.431765,11.495503
24.539928,16.527594,6.840715,8.145824,2.235937,27.241203
13.381336,9.729342,3.774184,2.196405,-0.068571,-0.129708
15.380174,10.803437,3.725875,7.563789,0.917013,2.205685
45.869061,26.182165,18.826365,23.725517,3.788295,6.959626
29.367619,16.946104,13.643569,22.571148,3.164530,4.430603
5.749019,4.115483,2.002001,2.368069,0.900365,1.187151
14.150530,9.980865,4.143741,5.525605,0.933576,0.678256
8.666359,5.984354,2.516669,3.276728,0.103521,1.359220
7.644051,5.431733,2.249927,1.706772,0.122291,0.747648
11.137014,8.163290,3.581503,2.213443,0.563672,1.149730
7.383865,5.407879,2.215865,2.493690,0.873674,0.688394
9.898162,7.325662,2.641421,6.412510,0.839535,0.716196
5.145245,3.696599,2.103335,1.327137,0.308678,0.520731
5.741570,4.099199,1.850334,1.270526,-0.073598,1.084828
8.369884,6.052291,2.567683,1.466871,1.086079,1.297490
23.847776,17.044445,8.627673,12.140281,0.873650,2.748901
12.721103,9.134892,3.863811,3.546903,0.491176,0.322581
27.334240,18.759600,24.472721,37.372871,4.813110,4.031850
26.518145,18.109011,23.698027,29.512075,3.912253,20.404564
5.918683,4.323224,2.076824,2.234106,0.215734,0.289643
4.791605,3.567342,1.603633,0.570340,0.715879,0.387490
10.985593,7.957833,3.222991,5.197623,0.713600,-0.158589
25.737940,17.827948,7.847827,10.186183,1.669000,2.191702
14.860634,7.147201,6.837157,8.292496,0.952753,2.999235
13.857620,6.880257,8.944067,15.987514,1.736625,2.503256
18.002716,13.135312,8.261132,10.356815,1.611629,4.304995
9.558507,7.157157,3.869189,5.164617,0.486458,4.283448
21.751879,13.022565,7.486887,7.559056,1.162104,4.096698
16.155224,11.621102,4.178669,3.599262,1.041089,2.412903
19.750267,13.774904,3.149145,9.618290,1.435545,2.451949
14.325990,10.406512,3.831076,5.145982,0.573688,0.510163
8.931788,6.648467,3.508279,4.584976,0.356078,1.226589
10.895544,7.800189,3.373397,2.307547,0.733196,0.832279
7.032100,5.427976,2.611698,2.492823,0.871857,1.277810
19.901930,14.181605,5.321747,10.187263,0.951603,2.203920
8.160749,6.087179,2.414968,4.060297,0.565015,0.666429
14.001132,10.248849,4.234524,6.213772,0.733333,0.667676
6.857985,4.243973,2.736981,1.487431,0.546656,0.359853
4.753633,3.024304,3.276513,4.272703,0.932566,0.912236
16.323376,11.744353,6.993691,8.204791,1.516008,-0.461512
17.041695,12.254070,8.278279,11.581223,0.631731,3.167269
4.952040,3.339249,1.656294,1.870501,0.109031,0.816996
41.157131,17.531002,25.247141,28.392099,5.974059,22.144299
39.161381,20.617758,32.438911,43.162277,6.316450,13.494230
37.853096,17.660784,24.224009,33.031208,5.427873,10.333076
8.003409,5.760690,2.742002,2.971143,0.299033,6.498749
9.020679,6.467633,7.537738,16.042097,1.941761,4.142854
8.351940,5.833505,3.103301,5.247797,0.565230,1.325558
14.008863,8.181827,4.842336,7.413035,0.883196,3.045397
20.846235,15.035590,6.229152,4.810332,0.664148,2.633665
4.836961,3.758960,2.122486,3.057464,0.834918,0.808695
11.733631,8.345257,3.225712,5.348361,0.942552,0.501137
17.680378,12.481518,5.670263,5.401460,1.057310,2.225243
31.679596,18.527708,28.028267,38.076889,6.278371,26.711302
15.785450,8.327655,6.772421,16.088802,2.254310,2.953907
7.439054,5.437586,2.385804,3.877855,0.351777,0.074760
4.981581,3.361781,1.804982,1.445766,0.483599,1.782301
8.759145,5.918186,3.340840,3.884485,0.143238,1.905570
44.926079,29.423504,23.566492,34.284946,3.975138,7.943885
71.211975,41.032509,53.531841,68.996880,8.381430,9.002671
14.756495,10.222794,4.282455,6.000888,1.080702,1.442499
9.853969,7.071284,3.193420,6.535813,0.359696,1.515647
4.917023,3.833098,2.068263,1.958059,-0.343695,1.028820
10.810526,7.666718,2.871453,4.789755,0.519618,0.508429
35.987984,23.252115,37.860008,54.644245,7.656771,20.813002
53.533966,26.598877,45.000496,56.534325,10.267247,64.857323
41.759296,22.209463,50.801086,68.781754,8.796590,18.836262
6.070576,4.508839,2.253193,1.470865,0.397323,0.320794
19.009026,14.028228,5.539420,12.428770,1.434453,2.220454
4.856995,3.393364,1.778016,3.793117,0.594842,0.003757
12.403027,9.112020,3.387964,4.312160,0.464613,1.951278
16.017382,11.224121,3.891479,6.196078,0.898359,1.401585
10.654044,8.030002,3.362031,6.354696,1.734225,2.929852
5.341434,3.639583,1.496579,-0.672168,0.442263,1.188480
21.111252,11.496919,7.306908,8.496582,1.343291,1.342385
42.329887,26.231409,45.270447,50.070366,6.718788,16.486216
36.659737,23.272141,15.572320,18.903448,3.075940,6.494356
6.965846,5.127411,2.793495,2.442225,0.584756,0.438289
13.944528,10.104453,4.357387,5.253133,0.770203,1.805246
9.722609,6.923870,2.865888,6.450239,0.557423,1.001687
6.222870,4.599201,3.049928,3.484287,0.469213,1.772607
6.678050,5.004627,3.069235,2.761626,0.669382,2.383647
24.139206,16.531162,6.663041,11.185069,1.941358,2.195606
7.261221,5.081703,2.545821,2.638730,0.239443,1.621754
4.345763,2.896045,1.789241,1.775086,0.645945,-0.060877
5.003372,3.798482,1.546748,2.302563,0.404606,1.381871
8.424832,6.210179,4.098443,0.354215,1.397625,0.202667
17.123781,12.481648,5.568253,8.111400,0.640183,2.145353
23.031672,16.250315,15.995639,20.692867,2.683573,2.772722
16.102558,11.260813,4.726612,4.284136,1.365596,0.824266
12.470040,9.158487,4.168884,5.608052,0.163343,0.610283
6.680381,4.605164,1.979813,3.732618,0.284200,0.003519
10.791338,7.468183,3.728590,2.744824,0.378819,1.864410
10.724887,7.653186,3.479235,2.107931,1.131151,2.192951
4.195083,3.084039,1.400364,1.486869,0.643657,0.468784
41.129791,20.456604,14.958563,19.934729,4.044199,7.554814
6.194623,4.675364,2.816165,5.713577,0.344814,1.730315
12.397779,9.127108,3.937678,3.576643,0.378827,1.660710
8.181950,5.916580,2.815536,3.372713,0.543991,0.275508
5.427566,4.052594,2.678250,2.596365,0.403210,1.573598
12.842938,9.463437,4.266806,3.593206,1.271075,2.064958
10.655320,7.518864,3.224550,6.714323,0.826303,0.510885
37.148792,25.926699,19.681444,24.677662,4.406633,61.135845
14.812222,6.040158,4.497562,3.002961,1.004427,1.793476
15.705730,9.644137,5.129316,6.062715,1.540563,1.715300
15.705369,11.522899,8.147325,12.332446,1.493716,5.269061
5.507510,3.988307,2.597438,3.623236,0.491924,1.133051
29.545618,19.317148,13.515574,15.204497,2.896583,20.271822
26.265619,17.828993,14.195679,23.546019,2.750196,4.037944
12.574800,9.139246,4.756558,5.780146,0.780912,2.274530
8.931848,6.811084,2.523046,4.529369,0.495290,1.634976
3.895408,3.024992,1.636329,0.731344,0.575480,-0.127934
11.125048,8.048618,4.529211,9.090175,1.836540,0.847683
33.230713,20.685282,13.053305,16.490507,1.676032,5.163353
16.909922,12.514755,8.106720,8.788260,2.378038,4.164691
19.359316,14.102058,8.789687,11.031608,1.299811,12.933429
6.310676,4.736808,2.279070,3.307868,0.025721,0.923074
13.367826,9.414684,3.396048,4.179977,0.850927,2.099684
16.797831,11.939798,7.855806,11.470141,0.610075,2.443437
6.918323,5.172497,2.718639,7.356218,0.422904,0.349731
46.877926,30.348059,30.674416,43.164410,4.687357,7.196710
6.731804,4.878312,2.084015,6.344022,1.160478,1.655856
26.169838,16.118277,20.790186,58.044186,17.232405,38.223160
34.373138,18.930563,47.844875,63.294003,10.623615,21.257643
37.798008,21.492708,30.972326,62.400051,6.917691,11.810860
72.163399,37.529182,77.789154,101.982582,14.763764,24.084360
34.125465,13.468806,31.360540,39.151386,5.352789,14.113332
43.933594,13.644676,50.445297,70.089142,9.824623,20.385824
63.147083,28.349390,41.123642,67.699661,8.398746,12.277919
14.179523,9.468250,5.888673,18.447083,2.487234,3.078814
28.341000,16.286146,8.296876,20.153595,2.948129,7.003203
31.577282,17.124268,9.767920,28.543684,3.088517,6.828662
61.096272,37.567169,86.702171,104.316727,17.811140,39.921028
35.296162,15.410505,16.579464,29.445200,4.293167,12.844812
38.542896,19.283142,28.371752,51.430748,6.086930,12.517658
56.476410,24.641436,125.795616,181.633331,22.245880,39.854393
5.234006,4.036516,2.069242,7.887155,1.242893,1.968609
168.809509,47.477562,319.656158,364.380432,50.990604,118.164642
108.434341,34.340931,199.973709,252.222473,37.230579,114.096001
104.290909,29.248161,155.517700,218.411926,31.569887,88.524277
156.919189,52.352444,206.089691,290.926483,40.333202,60.903908
89.214600,40.063778,113.415604,143.850876,19.822264,36.011635
40.924297,22.460892,62.584198,60.642372,10.439692,29.697964
24.419643,14.904916,9.312710,17.399836,1.920182,3.000660
9.640662,6.958066,3.187379,5.766321,0.946004,1.425467
5.708175,4.149321,3.396199,6.042022,1.110553,2.628011
35.225365,23.705032,45.068344,64.357819,10.874795,64.536919
39.326160,22.539589,39.677189,51.277233,6.153543,11.823955
5.261340,3.762771,2.191683,3.513930,0.721660,1.001055
10.948299,7.961370,2.983215,0.805224,0.761758,1.070456
12.944938,9.634343,3.365648,6.510292,0.616677,3.676732
11.560287,7.987395,3.436891,2.731044,0.391868,0.931716
4.707128,3.658557,1.879496,2.409229,0.573683,0.445207
30.384493,20.162645,10.273313,12.987503,2.009557,3.004951
20.262276,14.177974,7.113390,10.300847,1.606608,1.535388
11.991156,8.367326,3.166844,6.128006,0.656152,0.732242
5.638626,4.302088,2.009642,2.239291,0.203520,0.748714
18.267788,13.352753,6.926280,7.183550,1.274600,1.815639
6.712699,4.570537,2.149217,3.404608,0.180923,0.814995
22.256021,15.299522,8.103249,13.109435,1.214771,2.660752
25.632500,18.571762,9.142410,13.013164,1.942804,11.100508
13.467730,9.528862,3.343411,4.902977,0.450146,0.751033
25.326900,17.104578,8.822336,10.097535,1.257458,0.878957
10.699655,8.095469,2.944013,5.921681,0.693899,0.676198
15.358630,11.221286,5.016715,9.400318,0.860271,2.646690
10.173820,7.204443,3.713501,6.308716,0.308837,0.480884
8.152232,5.684588,3.073908,4.282792,0.512669,1.847906
12.696748,9.143981,4.430645,3.229676,0.169176,1.645674
7.949313,5.977488,3.173323,1.725623,0.933415,1.275426
22.126410,15.099741,11.684010,17.903013,2.543686,2.459202
8.613276,6.104367,2.982895,5.109529,0.249793,-0.158941
25.842691,17.244337,26.315733,37.593536,5.053871,7.166156
11.854213,8.221217,4.030383,4.249486,0.536597,3.761450
5.400592,4.005720,2.353266,2.269300,0.448772,-0.700553
8.756696,6.866763,2.877637,2.132065,1.113330,1.097231
13.462206,9.288984,4.295115,2.929901,0.793536,1.527714
10.415423,7.927828,3.237563,5.600801,0.698778,0.942649
16.234909,11.309274,4.898331,6.599278,1.269983,3.276355
7.928723,5.550581,2.994876,4.704727,0.822598,0.159410
19.298347,13.556191,5.960832,6.594877,0.826367,1.507141
5.344178,4.112449,2.184000,2.609958,0.264180,-0.496893
8.859784,6.581468,2.889837,1.929317,1.118756,0.456240
14.889149,10.415632,4.081534,5.921972,0.995672,4.043322
16.894194,12.508186,4.664957,5.381734,0.976606,2.114610
6.604550,4.914479,3.596192,6.851867,0.888019,-0.404248
4.276448,3.374342,1.804791,3.607517,-0.156301,1.381598
4.354376,3.214354,1.612758,2.066477,0.726015,0.577894
15.402834,10.890829,4.972427,8.427943,1.111236,-0.229149
4.590883,3.358146,1.869939,1.524760,0.256269,1.812415
12.525213,8.973434,8.365985,11.326345,1.278336,1.692915
15.543535,10.328712,3.635185,5.070258,1.561671,2.822809
17.968143,12.457189,5.790554,6.134572,1.197814,0.974751
9.899925,7.157220,2.684693,5.019208,0.335183,0.822979
26.996403,17.287203,25.996273,30.011677,5.203413,11.674079
11.662446,8.514396,3.363642,1.243438,0.894502,1.745366
10.567382,7.854078,5.870798,4.169336,0.671029,0.695713
8.927977,6.307844,2.566440,1.760501,0.100084,1.324176
22.867298,12.865223,14.361686,14.915584,3.497387,9.634049
9.086437,6.465907,9.171751,11.920886,1.668365,1.709585
12.011557,8.693993,8.302886,10.114040,1.567259,6.620360
28.152348,19.459894,11.635406,17.850615,2.411562,3.003374
12.899929,9.591424,7.278575,8.205382,1.243162,2.106462
5.877932,4.033981,2.282792,1.921975,0.235374,0.687787
47.180733,27.629990,17.977116,21.832706,2.942650,7.613028
5.535096,4.280966,1.824766,2.020337,0.592511,0.585962
7.740541,5.894275,3.130451,1.372281,-0.045615,0.319027
20.565706,14.930430,5.380881,4.756815,1.081192,3.227477
7.492373,5.477808,2.733401,2.179764,0.516005,-0.609104
12.239788,9.158759,3.414618,7.030378,0.473068,2.495516
5.586305,4.300691,2.147637,0.885604,0.603101,4.499024
13.265541,9.937649,4.166236,3.634637,1.221728,2.540100
11.366463,8.661205,2.412566,6.110838,0.768230,1.322095
18.228804,13.196541,9.406959,11.626677,1.920242,2.740780
24.824488,17.757877,12.184291,22.251219,3.121317,9.468931
7.066763,5.139771,1.821623,1.525004,0.505032,0.595876
14.039830,10.675201,3.595868,5.247903,0.965404,1.888681
8.116543,5.456320,2.789754,1.737097,0.580382,1.269149
15.647404,11.630597,4.550953,7.517161,0.654539,1.348169
13.865719,9.922385,4.078702,4.599412,0.583613,0.942781
12.397242,8.738251,3.374051,4.923588,0.824084,0.937892
5.619825,4.182912,2.216490,4.748024,0.178086,0.175363
13.473216,10.016819,3.838903,5.929244,0.820781,1.050454
9.002064,6.538474,3.262265,5.438338,1.057588,1.723968
9.622807,6.843531,4.134670,5.833710,1.752344,0.630966
41.931927,24.366169,39.110302,52.769470,7.915768,15.449109
17.862564,12.996368,6.457451,4.840271,1.219738,2.818531
10.512669,7.513328,3.220045,5.882784,0.681491,2.912174
61.606560,18.830742,27.543577,41.426060,5.953692,9.589810
50.189075,18.825315,19.424734,36.778946,4.465975,5.316804
6.702876,4.874912,2.746407,3.182148,0.278616,0.704875
7.066025,5.235995,2.398108,3.190709,0.843228,0.085451
5.007669,3.581302,1.835284,2.379317,0.935546,1.088580
10.567790,7.668962,2.744024,2.680806,0.355268,0.649483
5.299670,3.731496,3.616871,7.009509,0.766221,6.023203
63.479378,28.869392,41.366497,58.302448,9.625065,28.001717
12.795305,8.762418,3.958998,9.085523,1.360243,1.596194
27.314850,10.167656,24.018459,24.224586,5.675344,17.976273
70.554657,38.531483,110.395981,137.039764,19.947386,49.323452
25.611729,16.508657,8.986808,29.030174,3.643328,5.103093
54.828823,23.633308,54.585400,79.242744,11.884205,18.552803
63.980900,23.643738,61.452583,89.378517,13.744042,21.368868
82.543144,32.622284,129.049179,146.093704,21.098030,34.898445
32.518990,17.832846,49.363228,72.970901,12.467752,39.196686
22.867619,10.284136,6.552463,10.080924,2.256696,3.171705
34.915077,17.223337,18.460314,23.024717,4.234186,7.317349
44.084538,13.212698,52.870052,58.395432,9.277674,19.459846
91.300613,40.884571,125.178497,166.122849,21.280113,39.021278
130.777603,55.681561,107.687813,164.745987,23.063643,42.764156
111.778488,43.234695,94.536819,117.710304,19.341362,78.075233
109.080200,37.728802,96.353493,143.948120,19.617474,58.125092
51.163090,31.017817,40.900509,59.966339,8.821205,14.613411
10.491261,7.652410,2.925998,3.901370,0.162655,2.920665
29.922703,20.903309,8.259605,7.499546,1.498172,4.783872
28.002104,18.253542,16.654865,20.848492,2.872072,6.075217
9.622304,6.984013,2.893130,3.364758,0.901825,0.861410
6.388984,4.558352,2.577613,3.219421,0.705468,0.271664
6.687050,5.050654,2.139670,2.152225,0.625519,1.256503
18.967052,13.365798,5.599090,5.741483,0.775876,1.658378
20.208412,14.178410,10.308262,11.948395,1.350904,2.754883
14.870487,10.782552,4.145708,7.451504,0.792631,5.192298
7.660979,5.506325,2.965484,2.565142,0.351616,1.055335
16.783785,11.937699,4.988122,3.821451,0.905869,2.351915
15.661100,11.146595,4.844030,7.915840,1.399818,7.323716
8.643785,6.262075,3.214394,3.392086,0.662280,2.694805
14.976259,11.120791,4.241817,4.902157,1.213253,1.126949
67.792282,27.401352,21.696884,35.627274,4.566494,4.610549
34.489174,12.374273,11.132701,14.232438,2.317634,3.430237
34.964401,12.386950,16.054762,18.747768,2.983802,5.942080
31.192945,18.703119,34.665798,44.067196,5.591375,7.435113
30.266081,19.788185,15.889989,23.829792,2.725314,3.090524
47.393627,28.780903,25.842535,30.614679,5.235195,12.119765
9.174240,6.751919,2.804948,1.756321,0.831674,2.136560
20.513195,12.722650,6.730775,11.812800,1.280667,1.015000
13.185984,9.793380,3.460220,3.933192,0.921321,1.730306
15.987771,11.432509,4.977171,3.111726,0.538034,1.201860
16.381529,12.024861,6.509404,7.807532,2.436277,15.930117
26.530161,18.649199,6.415277,9.235571,2.788378,10.529729
16.704939,12.092293,9.098765,6.991199,0.905581,4.250183
11.367412,7.894532,3.383909,5.335938,0.320176,0.510094
30.063160,20.574701,7.334461,12.604209,1.696130,2.149728
7.846961,5.738823,2.407170,3.621713,-0.034159,1.278493
17.765369,13.018749,6.323554,6.122622,1.620682,1.956524
14.306384,9.860386,5.717710,6.162909,1.030852,3.527840
10.234636,7.306673,3.052991,5.085108,1.132985,4.228404
6.239585,4.445716,2.123378,3.164454,0.581883,1.892483
26.601137,18.880808,5.756291,10.909021,1.297420,0.832183
4.804493,3.285478,1.599515,0.887339,0.809446,1.570815
24.306702,17.644678,9.172392,9.167000,1.181151,1.568519
13.501468,9.466487,3.990225,5.096552,1.396651,3.618815
11.560420,8.622238,3.246006,3.546690,0.652572,1.171686
12.668301,9.017497,3.497863,9.668453,0.565151,0.954717
7.432368,5.077502,2.304967,0.717031,0.246188,-0.060474
18.441759,12.801203,4.641738,8.022457,1.074891,2.839280
7.605029,5.686740,2.171612,3.676829,0.785017,0.946355
10.423326,7.447830,3.081644,4.935249,0.460454,3.583336
10.806977,7.806843,5.016750,8.277324,0.989104,0.481436
27.395489,18.921827,11.793351,29.551565,8.235051,21.425611
11.325344,8.033399,3.133244,4.926558,0.804320,0.226296
5.773570,3.848588,2.026718,1.273945,0.720963,1.185857
89.148056,37.838085,34.208649,40.345280,6.819661,56.240475
56.236610,25.563799,24.365801,33.309219,5.113401,36.072926
13.380413,9.301453,3.960070,5.052986,0.912858,1.094506
13.400873,9.609648,4.332558,6.183225,1.159106,0.658363
18.652601,10.730575,6.447420,10.732113,1.229776,2.863233
21.758478,15.149840,7.449923,10.075722,1.632927,5.195082
17.059313,12.109072,6.348859,9.846306,1.083747,1.506689
20.569551,14.792171,5.886556,6.569848,1.514960,1.062982
16.820749,12.179568,4.833149,8.451672,1.058323,1.333730
25.643667,11.878472,11.543666,20.157345,2.005350,2.321897
9.538447,6.465224,3.070536,6.668058,0.671344,1.642819
14.082915,9.864201,3.702722,3.374566,0.616814,1.151252
15.019343,11.009693,4.545708,4.438513,0.693386,1.949247
39.754356,27.225189,13.189628,10.789408,1.925299,3.086114
9.420156,6.859963,3.102938,3.665938,0.580100,3.424317
4.838318,3.754098,1.909899,-0.173666,0.701733,-0.107573
8.753142,6.076356,3.257055,4.551836,1.463861,5.043183
7.807190,5.771748,2.044711,2.796741,0.472861,1.067709
11.637476,8.114399,4.780874,8.232758,1.081044,1.224521
115.207176,48.308357,170.406662,236.633911,28.482676,46.213329
28.317287,18.823164,8.835843,11.145810,1.311614,2.939841
10.414358,7.542018,3.609408,6.178888,0.489391,1.418405
12.220060,8.631742,3.255964,6.962630,0.869196,0.833297
25.455164,18.127073,12.310488,10.913434,1.556503,3.623928
14.788593,10.701492,4.047636,5.188336,0.824956,1.282757
13.347436,9.167831,4.426016,8.086067,0.972725,3.103329
14.790790,10.226318,4.650594,3.601824,0.847865,1.940511
4.776098,3.785373,1.566745,0.502024,-0.000066,0.939317
8.028119,5.700052,2.699009,4.303559,1.049664,0.094110
6.606965,4.916948,2.407030,1.183498,0.945587,0.363462
36.842628,24.256132,27.146072,31.072170,4.627076,10.882279
8.583466,6.066247,2.281907,2.035501,1.345582,0.556185
6.197448,4.405963,3.099804,6.623147,1.935997,5.433535
8.855345,6.335199,3.131827,1.613327,0.531522,1.289574
16.227192,11.573541,4.287742,6.379197,1.033573,0.934081
24.615776,16.950487,8.454997,12.259752,1.700555,2.986510
18.562916,13.236203,6.313413,12.037520,1.728614,2.225279
7.750824,5.603410,2.921144,4.435177,0.420382,0.274882
25.439857,18.115730,11.059603,17.085613,1.774413,3.590971
11.580979,8.588789,3.503699,6.925355,0.522582,1.922931
28.128950,15.891114,11.152927,18.963659,1.598479,4.860590
9.321479,6.486757,3.471849,3.206163,0.435678,1.868520
15.626634,11.186041,4.123102,8.180389,0.738262,0.327096
7.224162,4.990919,2.539765,4.525020,0.565821,1.660065
5.593759,4.167781,2.047933,1.692928,0.472390,2.135489
25.582571,18.032618,5.993069,11.001829,1.652947,1.907812
16.517189,10.253137,5.468558,7.628763,0.575529,1.110405
19.445271,13.925108,8.212910,8.736699,1.049816,3.202635
5.949460,4.187115,1.929357,3.942941,0.613139,0.858293
5.095281,3.669059,1.817671,4.338676,0.722630,0.654594
5.059682,3.357140,1.877279,2.824305,0.074334,0.855013
8.063076,5.848973,2.407807,3.021558,0.036607,0.862400
5.191165,3.956094,2.202420,0.943971,0.291397,1.122256
4.504237,3.206601,1.460652,4.358357,-0.005087,0.917962
26.602386,18.748058,6.870807,6.925393,0.800093,3.032300
16.218225,11.302897,4.633618,3.727915,0.067085,0.785888
8.478043,6.391229,2.561258,3.287474,0.120498,0.377551
5.567162,4.036715,1.798415,1.247415,0.012707,0.860202
7.083212,5.088749,2.906974,3.053277,0.485488,1.682864
11.995358,8.843309,3.065226,7.144761,1.247602,0.985444
45.049797,27.461330,39.319256,43.674149,6.719347,13.674733
7.067946,4.994503,2.971061,4.411972,0.535544,0.216536
15.213268,10.675584,4.594848,3.567908,0.540753,1.635355
10.673810,7.943367,3.349616,7.124744,0.194443,0.851054
7.864380,5.789189,2.637647,2.931904,0.386813,0.246465
6.222142,4.296110,2.109830,3.541598,0.537527,0.400965
4.927182,3.913037,1.057946,2.049499,-0.399809,-0.663491
15.582601,11.283662,4.634604,7.586233,0.399801,3.288896
23.568951,16.660173,8.523955,10.932597,1.776274,1.927430
11.433742,8.119278,3.366416,1.693151,0.928329,0.806166
12.674829,8.449473,22.714384,24.575699,2.950521,6.304536
16.873350,12.008431,5.913544,11.351552,1.033720,5.551921
4.800885,3.538162,1.678400,0.574154,0.018934,0.889022
5.357604,4.002505,2.007312,1.321190,0.546842,0.570763
12.302194,9.306731,3.305018,4.240808,0.655124,0.212024
44.520813,14.856920,36.941376,53.875092,6.127668,13.098505
31.155197,12.631881,21.081421,40.585323,4.419653,4.123244
4.254885,3.176226,1.535183,2.096617,0.200829,0.952256
14.084161,9.813095,8.005939,13.658942,1.337397,4.724981
15.556664,11.233107,4.429970,4.767829,0.904247,0.019039
7.997791,6.287836,2.225917,4.683783,0.656387,0.736252
7.478682,5.307303,2.059312,2.809022,-0.148253,0.863996
7.118158,5.254270,2.778767,2.166969,0.329358,0.774157
11.243907,8.174885,3.067750,4.924853,0.236188,1.062134
5.566106,4.197077,1.826717,4.038729,-0.280542,0.671551
15.325911,10.899629,3.592557,6.562379,0.595573,1.140656
9.571500,7.318331,2.825867,4.160196,0.275796,1.271664
7.123062,5.206621,2.400290,5.114099,0.819891,1.140733
11.511684,8.527675,3.862124,6.664792,0.761524,1.499305
12.373508,8.480667,3.991318,2.569945,0.457445,2.900036
5.072386,3.701364,1.544734,2.170844,0.043343,0.273440
12.139349,9.051792,3.285204,4.260306,0.450093,2.451647
22.410206,15.745544,7.429897,9.147082,1.745751,2.801844
11.551185,8.355453,3.871074,5.518081,0.861627,8.482275
8.175487,6.083480,2.775749,2.732702,0.701694,0.613429
7.725125,5.539221,2.518033,2.994119,1.073477,-0.086240
5.319249,3.851376,1.861330,3.736855,1.306662,0.424332
11.525369,8.939381,3.313966,5.397266,0.984422,0.783063
9.139716,6.570983,6.406651,12.721520,1.908127,2.988468
14.011467,10.184644,2.958448,6.345825,0.581750,2.409114
6.240112,4.257466,2.559555,2.009534,0.630213,2.185544
6.289423,4.869075,1.963414,2.962008,0.263447,-0.740633
36.732460,23.234522,28.600779,41.474987,5.626695,21.748102
90.997124,35.140728,77.917854,89.746277,12.128573,25.306633
89.880264,32.578350,68.447716,93.690643,11.787192,20.698383
11.517766,8.484063,3.591245,5.144645,0.709204,1.425544
14.661389,10.593873,4.318843,3.842172,0.565858,1.026356
4.782919,3.861411,3.055533,4.283809,0.482252,4.030416
6.607645,5.103241,2.930702,2.765633,0.742981,-0.394131
34.944073,20.728857,21.125063,27.093702,4.484889,7.796760
6.564994,4.803243,4.265331,6.583625,0.322888,1.429865
5.355379,3.613307,2.377511,3.036713,-0.213730,0.676342
5.830729,4.313710,2.003421,1.533008,0.359073,1.772982
10.659016,7.650834,3.429086,2.842546,0.701191,-0.009447
11.753907,8.578860,3.990086,3.828363,0.544625,1.598390
9.205363,6.971831,3.342407,6.739844,1.023502,0.747096
17.658503,12.451793,5.282003,4.781952,0.858031,2.122069
11.415137,7.947487,4.874072,4.327990,0.553214,1.670161
12.402451,8.800525,3.003258,3.843631,0.761107,1.560386
14.214962,9.926658,21.978582,25.299772,4.126003,14.948443
8.171137,5.586620,3.311116,5.742084,0.718691,0.974432
10.678174,8.098922,2.834300,4.287267,1.418018,4.981422
16.731594,12.088796,5.021079,6.225300,1.046868,2.206354
11.100884,8.138653,3.389917,4.460783,0.701925,1.276792
45.951031,22.815823,19.948376,29.732267,3.317396,7.410795
55.780102,23.805868,27.943218,37.409031,3.797980,8.134474
5.874883,4.370739,4.305366,6.555817,0.474788,2.069311
20.224125,13.794525,19.095322,31.234217,4.479161,10.535396
42.803543,27.770700,18.334028,41.792744,9.096902,28.654371
42.919697,23.575869,19.359751,21.567207,3.398702,3.345539
45.166645,23.632544,20.096634,25.187769,3.447242,4.589488
10.353272,7.446319,3.774395,4.962228,0.990141,1.738642
31.085558,21.467037,12.154134,7.501696,1.223340,5.728486
15.710536,11.478004,4.519708,5.727277,0.465275,1.035014
69.702660,31.289808,63.553982,59.039352,9.322335,24.937019
80.372810,33.269497,71.891037,81.589470,11.145282,22.987007
5.750959,3.842067,2.426624,2.756003,0.222566,2.106695
5.559020,4.208429,1.727929,2.991123,0.276328,0.320904
7.922205,6.048433,2.712554,3.309331,0.484652,-0.419129
9.992074,7.316461,3.247465,2.133896,1.157879,0.520431
43.755165,27.752426,16.456392,24.327524,3.159696,13.117357
4.748282,3.203749,1.692001,1.150981,0.237717,1.173135
6.057539,4.417437,2.003252,2.789330,0.501495,1.355889
7.766016,5.060517,3.076371,1.668937,1.042081,1.804192
19.364277,10.490118,4.812654,7.622132,1.492802,2.896604
5.992492,4.096025,2.111286,1.150975,0.542196,2.111519
6.496700,4.409792,2.068920,4.090474,0.118483,1.428773
4.084839,3.075197,2.331182,1.790293,0.722196,1.056052
21.569487,11.172694,5.733043,10.224033,0.645776,2.613950
16.351732,8.273639,4.924921,9.559776,0.266178,2.585911
16.124943,10.935210,7.788087,7.420218,1.449981,2.505605
10.909880,7.710124,5.087360,7.438463,0.904018,2.217511
6.579324,4.731395,2.418641,5.080142,0.182692,1.042560
8.674639,5.624121,3.183425,8.989285,1.813520,4.810663
36.345207,19.814461,36.164619,45.244663,6.995996,13.460093
56.871094,27.823849,120.140518,170.778091,24.770573,44.127102
17.751621,8.640557,16.405596,46.150906,4.677211,6.250219
38.241638,14.572656,24.980827,37.423870,4.797276,6.969196
39.575142,21.886581,28.481604,55.059143,6.928016,5.537240
80.275070,32.767311,62.750755,93.673271,14.805099,42.383770
133.217239,32.785755,114.931786,181.383301,25.532063,59.733494
170.251617,49.756500,186.881119,292.722260,37.640926,61.417789
114.612190,31.620386,187.581268,229.753006,31.191826,68.906281
150.074585,45.557076,217.204758,279.356689,38.048378,81.296921
157.728867,45.678791,226.667877,301.766113,40.502792,83.933296
44.558273,16.816818,19.104872,40.714684,6.973879,29.605419
90.904503,35.484348,139.358795,182.841476,28.410254,52.572357
119.028870,48.346672,167.765152,254.086853,34.454483,64.526306
99.787994,30.501591,196.914993,234.570465,37.951553,171.314331
136.782791,34.149918,258.888885,322.290283,45.369053,187.514877
123.821640,34.302933,169.394028,218.228958,30.256144,110.106697
105.450233,44.689663,72.186768,108.665916,13.551944,20.029459
37.901222,17.182634,15.368095,30.311520,4.589674,9.227041
103.067459,38.156353,146.252380,184.551132,22.880949,64.424370
133.302795,48.475403,118.636124,175.132751,25.926144,68.196114
39.184883,14.416789,37.121319,64.722588,9.412766,14.850630
63.544228,26.510399,66.462212,91.044373,13.866166,26.525097
95.649956,27.959381,93.460831,141.552078,18.645327,29.805866
68.174507,27.180634,66.292488,109.354637,13.609131,20.529427
47.774406,20.698553,73.989624,94.060852,14.883177,34.954556
63.594795,23.152174,46.551582,69.491905,12.363008,31.868454
17.073938,11.871872,6.040730,8.322180,1.515272,3.527031
29.952751,11.753320,13.702752,18.451130,1.746423,3.257613
51.207123,28.056919,16.318533,29.162231,3.075192,6.972048
9.574265,7.128767,3.381851,6.604601,-0.052515,3.477798
6.004412,4.114892,2.128756,3.928601,0.390899,1.062054
10.933982,7.616570,3.006431,4.606582,0.187672,0.873422
6.461862,4.757534,2.349375,2.203953,-0.311425,0.261846
4.526326,3.459105,1.613329,0.736273,0.276293,1.038946
3.828756,3.016549,1.405671,1.157395,-0.763602,1.142144
11.558592,8.204389,9.158420,12.565610,1.923175,3.372295
47.914516,20.795589,20.935669,20.271681,3.409193,8.169415
23.135931,16.210804,12.902767,11.542653,2.370711,16.418249
4.679423,3.453124,1.363634,1.669151,0.353282,1.077695
6.647107,4.793295,2.628735,3.269006,0.584086,0.549114
30.073582,15.741114,9.851010,12.235045,2.443021,10.845133
4.846622,3.115645,1.639554,2.243944,0.031231,2.587462
13.082823,9.795990,4.048770,5.841449,0.413413,1.320296
8.398153,5.923666,2.332190,1.853861,-0.084041,0.518261
5.989993,4.193501,2.077077,2.169424,0.909128,0.595013
20.138901,14.595257,7.799329,6.300889,0.977476,2.148646
10.074832,7.513287,2.819989,4.337237,1.058991,3.349120
6.723783,4.664301,2.551653,5.002509,0.781842,7.861608
82.675926,34.593399,80.367836,91.408943,13.467132,36.034836
48.156799,17.830524,46.037609,54.618633,9.837837,61.285057
85.942909,23.548662,66.434006,91.125137,13.449213,24.492434
102.509415,30.409649,72.829567,91.728088,14.584596,42.443134
62.383167,21.264889,64.687645,84.141037,13.158801,28.531496
48.545967,30.958979,37.072369,60.391060,6.996372,12.198826
42.239838,26.202078,17.285873,22.777878,3.117265,4.947973
14.899453,10.658048,8.486655,18.327982,2.063618,3.534938
13.575624,9.460787,3.881023,5.318208,0.662205,-0.097922
5.010121,3.958861,1.928366,1.976931,-0.032496,-0.416647
8.865826,6.715142,2.851194,5.719816,0.140031,0.731259
7.123258,5.016802,1.879037,3.066964,0.756579,2.894493
16.317225,9.275755,4.982205,6.278587,0.950787,4.431529
11.998422,8.588466,4.716370,4.881428,0.666511,2.017130
29.052231,20.256258,12.517571,18.110121,2.463697,4.642565
5.538449,3.603322,2.184645,3.954473,-0.044548,0.285800
38.606762,19.629168,25.496332,30.918186,4.305693,24.063702
36.909130,20.119469,29.491707,36.791786,5.170623,10.164557
5.326894,4.015800,1.864057,4.047356,0.647000,0.818530
8.355601,6.224559,3.445709,3.650322,1.047706,0.288298
5.702820,4.015580,2.254310,4.742932,-0.031325,2.320278
28.793352,19.669334,8.731704,14.154682,2.799616,19.426100
11.926674,8.549173,3.033983,4.788306,0.640436,0.260236
11.243579,8.383427,3.446193,3.501296,0.830849,1.360887
34.782501,21.159975,22.430063,29.070301,3.599881,7.171543
4.082106,2.959613,1.755440,1.217229,0.330777,0.856261
12.673449,9.119945,3.707539,5.702555,0.374618,1.303397
4.969666,3.647327,2.374488,2.289902,0.206945,1.287639
8.404058,6.287409,2.457887,1.930235,0.317272,0.293045
3.989226,3.108338,1.473555,1.233571,0.301435,0.536145
5.809505,4.431289,2.000400,2.093520,0.330296,1.130406
28.278942,19.128704,8.973063,14.359011,1.399837,2.658938
10.488207,7.631828,3.392469,2.702381,0.257942,0.612300
16.814552,11.712042,7.232744,6.922811,1.556557,0.892135
16.170044,8.444393,12.051991,17.045919,2.801833,8.034856
54.830814,29.907942,53.513638,75.237488,11.680850,44.292336
113.772568,45.846024,88.050079,124.767731,16.465088,30.474390
32.894699,14.688057,18.254578,27.344816,4.904572,21.542515
107.092575,47.727711,186.760223,216.518677,31.416040,91.551834
64.667839,21.396105,55.661034,80.187233,12.329879,27.895346
62.858723,28.956589,57.060547,82.930817,10.065903,14.981510
25.957951,14.439497,19.339779,40.553097,5.589706,8.506011
114.089111,39.765762,299.132660,321.236969,46.100525,98.264687
62.959538,20.827396,71.550041,92.570168,14.329486,27.472980
71.321045,20.729424,76.695206,112.378128,15.945974,25.349634
19.746494,11.248871,6.521648,10.739695,1.498022,1.266302
5.900296,4.468888,3.299762,1.969986,-0.050897,0.371052
5.709447,4.023128,2.091805,2.774731,0.808093,2.974444
27.544174,18.980679,7.201991,8.240124,1.494248,2.192057
5.118807,3.764594,2.140092,2.105106,0.559445,2.971065
29.212128,19.233868,26.559305,34.177002,4.155572,7.045655
12.567403,8.950932,4.912016,7.847666,1.331168,7.155917
20.324570,14.221393,7.039076,8.112046,0.466148,1.314427
13.001479,9.439528,3.652406,3.416800,0.844489,0.258309
10.031713,7.427147,2.566533,5.780398,0.430757,0.734266
5.045203,3.877627,2.432700,3.460124,0.000375,0.181562
14.351127,7.812104,4.498931,6.565645,1.024786,0.685997
11.115642,4.395098,3.631392,5.036199,0.963454,0.193672
12.431223,8.926670,3.740674,5.311179,0.533668,0.951726
18.583164,13.282759,6.138917,5.853577,0.964485,1.654454
14.105470,9.809224,3.683490,7.142406,0.947003,1.154898
20.746286,15.412354,9.575044,11.609583,1.599360,2.956448
19.339146,13.230544,24.194723,36.486889,4.841488,9.355389
23.518663,15.338608,21.085194,26.013004,4.251011,6.976007
74.273033,35.900032,30.933094,53.769405,6.748485,9.129838
4.658704,3.419317,1.903364,2.348688,0.615444,1.263634
16.499731,11.905010,4.576491,5.994086,1.016581,2.739416
18.544811,13.051974,4.579348,5.523493,0.487718,1.038583
5.112093,4.138919,1.635375,1.768651,0.180092,0.293400
19.936928,13.852848,6.424442,10.618001,1.211601,2.295105
6.622264,4.962109,2.223910,4.782551,0.197829,2.125348
10.783279,7.560423,4.274020,6.881263,1.171847,1.613435
14.640221,10.417757,3.201690,9.233118,1.055413,0.904553
11.165378,8.302855,2.843970,2.171637,0.784426,0.080163
6.135567,4.509142,2.001861,4.133815,0.233310,1.141951
7.312634,5.515414,2.436344,4.197490,0.748587,0.490505
12.790874,9.467743,6.628869,5.893183,1.198418,2.872021
12.589499,9.309220,3.941241,5.026966,0.509133,1.186677
14.691666,10.648114,3.848198,5.412218,0.912030,7.761590
8.990373,6.723826,7.250747,9.204738,1.614174,5.630592
8.625781,6.104410,2.274469,7.333139,0.348683,1.130231
7.554207,5.461874,2.186889,3.102821,0.635345,0.581974
26.101006,16.717579,37.955845,45.673275,8.039001,23.081251
11.027066,8.060944,2.943737,3.833356,0.713612,0.624419
9.590193,7.141123,7.514676,7.000019,1.253942,5.139153
6.157036,4.498478,2.364086,1.165969,-0.198444,-0.025267
5.327059,3.983035,1.993581,2.397277,0.185284,0.532586
12.407965,8.897935,3.409629,6.948353,0.906652,0.829238
5.439716,4.050039,2.007123,3.564336,0.358971,0.218920
19.764248,13.946447,4.976285,6.507168,0.384958,3.287107
6.211405,4.493432,2.009046,3.479494,0.934589,1.870990
46.339111,27.045198,23.856888,33.014275,4.160081,9.310385
17.119856,8.107228,7.677594,17.012665,1.479232,2.804824
24.964283,17.183020,10.316487,15.542361,2.346365,8.631692
61.928020,32.668392,64.320183,80.301643,10.231292,13.525489
51.013317,20.667587,42.227890,52.111706,9.013798,27.282671
79.942993,22.865009,94.139626,118.279297,18.188879,45.750702
57.332249,22.948776,89.111481,127.087280,18.345892,42.071796
99.992508,39.395771,125.478569,161.414398,23.344950,47.502289
80.488686,37.869865,117.927330,164.619293,20.903360,42.324459
62.000729,35.558903,94.169266,113.621117,16.100464,54.253094
68.287064,26.989960,115.942268,138.123199,22.306877,80.295425
49.583038,20.571543,54.361809,82.730110,11.232087,30.133919
41.987801,24.226679,12.939580,28.179810,3.212451,6.006963
119.276764,43.944790,135.726822,208.779816,33.488049,69.027893
61.216396,21.074093,34.827236,44.274677,7.712627,14.772452
76.685890,31.400879,51.860577,80.017029,9.536522,15.899859
27.817348,15.031970,49.526775,75.357712,8.013804,8.974034
15.545863,7.910649,12.650045,29.237865,2.555488,1.683085
15.866065,11.167255,4.521647,11.040670,1.035170,2.464766
8.339603,6.110492,2.710248,3.017303,0.784611,0.642395
40.242256,26.762796,14.038565,20.941900,2.807066,4.380057
4.457713,3.399070,1.637478,2.369918,0.131178,4.072564
12.064178,8.668753,3.198807,4.823016,0.787252,1.244827
26.794334,15.703674,8.690421,11.550351,1.564574,3.819492
4.528720,3.154892,1.338102,1.857427,0.188898,-0.216211
26.118361,18.010214,9.735017,9.462947,1.411805,2.762596
8.082125,5.802200,2.867744,5.456764,0.371805,1.194757
14.575151,10.214897,4.530098,5.946694,1.479591,0.924983
12.455315,8.844242,3.123184,4.328121,0.864019,0.351185
23.786381,15.818387,28.489897,44.923649,6.279280,9.827711
57.889721,33.726540,38.315903,55.458897,8.018140,22.928391
4.672814,3.078319,1.672666,2.533315,0.031684,1.243835
7.293688,5.343400,2.351727,2.885214,0.179772,-0.421857
50.990116,35.024578,20.528172,26.471544,5.440176,17.515369
6.284336,4.537761,2.103203,5.329492,0.895287,1.180079
9.844196,6.997608,2.770986,5.584958,1.266969,0.411450
8.005561,6.081291,2.599043,4.009209,0.642151,-0.424883
6.699183,5.150784,2.347544,5.039337,0.203639,1.569567
25.241436,16.558840,15.829858,25.532940,4.234016,2.905738
18.689865,13.281871,11.647127,17.718506,2.943567,2.123313
65.003784,29.591249,38.506920,60.198090,9.103903,24.614660
66.677055,20.729866,37.853268,63.349480,8.019087,25.505812
74.435776,41.540924,72.056091,105.191826,13.742710,17.255035
23.417864,15.983083,28.095211,34.713531,5.258146,4.179537
17.235874,12.408567,10.838618,16.570440,2.266816,16.548939
32.083687,12.372301,10.934240,11.537910,2.490563,5.454359
51.774849,30.127991,29.850304,41.128304,7.213939,13.345319
28.546593,18.619715,27.829613,41.963329,6.341674,9.413962
54.662273,17.568039,96.752007,108.558220,14.564645,23.419714
31.796862,16.336117,57.812489,78.447319,9.878653,14.544635
82.239738,27.782049,66.084732,93.578140,11.854722,21.328568
67.043648,37.539055,134.158096,158.849396,22.105143,33.494022
74.311874,33.051891,78.247986,112.718864,13.366821,22.947285
93.133148,39.504925,71.915070,89.296112,11.865147,30.270481
61.218826,34.400002,55.856495,94.185379,10.829873,15.296382
29.701023,14.698160,32.748199,38.958202,4.601511,44.190308
53.572483,32.174480,21.532360,32.132442,3.816330,7.819453
8.663392,5.708739,8.810726,14.778971,1.697056,6.893422
20.543594,14.933913,5.573770,8.924059,1.864378,2.485642
16.975721,12.170533,8.245004,8.146179,1.468911,3.670906
13.888739,9.791642,4.128410,8.527945,1.500674,8.149498
13.249565,8.922227,3.694322,6.551105,0.723173,1.042905
4.731894,3.658635,1.880468,2.000294,0.325839,1.812888
29.000978,20.270811,16.356010,21.975803,2.836769,3.177969
6.130450,4.179708,2.119760,6.743812,0.179050,1.088528
4.034326,3.221742,1.864015,3.355917,0.428383,0.565462
16.109854,11.296548,5.993925,6.610120,1.057376,3.570812
6.836214,4.800377,2.533522,1.852745,0.379873,-0.935360
41.942528,25.224146,16.900454,26.205372,3.670046,2.588525
9.666862,6.843019,3.190272,4.020928,0.681546,-0.473229
18.973589,13.721449,10.447764,8.797679,1.259843,2.544863
6.280082,4.316023,2.038736,0.504084,0.672212,0.707783
35.494328,18.605530,14.050070,21.429184,3.488647,8.831861
19.826250,8.484344,8.609944,10.206148,1.333766,1.823930
28.223675,19.572355,7.565258,8.825680,1.012327,1.763033
4.840857,3.811022,2.276572,2.978934,0.441921,2.087638
18.560328,11.419610,6.746034,3.175603,0.439239,1.769150
43.103565,18.852835,28.971884,36.657143,5.681643,8.834136
8.305342,6.197448,2.724287,3.117572,0.417310,0.016389
10.097484,7.457922,2.767658,5.005667,0.989039,0.277776
22.747128,16.206013,8.586711,8.961232,1.313374,4.292401
37.714077,18.990181,17.719360,25.098743,5.267671,33.058903
17.928415,12.869997,5.446261,8.148517,0.961777,1.828794
24.236687,17.272287,6.195280,6.033051,0.945522,0.889589
8.054869,5.672505,2.886439,0.709955,0.206665,1.779294
16.199015,11.828396,6.164580,7.568329,0.817095,2.173062
15.701382,11.529783,5.698908,7.884021,1.434657,1.945320
5.794061,4.098999,2.317920,3.293041,0.197526,2.151749
8.279476,6.224460,2.761560,2.905310,0.324009,1.137751
15.604516,11.129560,4.103591,3.189018,0.605945,2.506037
4.626618,3.150194,1.102152,-0.288522,0.417600,0.764222
12.882664,9.286677,10.413390,14.930246,2.066891,4.406681
12.811350,9.140403,3.733233,4.799602,0.462382,1.908115
5.976059,4.405624,2.247913,2.934872,0.457521,1.542428
10.873591,7.626145,2.677196,3.098547,0.780990,19.157318
14.128033,9.756398,3.952954,9.732226,1.008918,2.034349
17.287266,12.325970,4.901903,9.518011,1.358696,2.626838
23.465017,16.761536,8.371215,8.406714,1.297633,2.353711
16.057951,11.764364,4.471948,6.058649,0.620407,2.230609
4.649298,3.201529,2.001337,1.220869,0.569621,0.381238
16.963224,11.804952,4.716102,6.197734,0.664661,1.599051
21.674189,14.900779,8.577132,12.010306,1.249492,3.280751
14.885264,10.352392,8.790295,8.668029,1.883038,3.857628
5.055157,3.472121,1.990771,1.552816,0.425269,0.370569
13.080287,9.630225,3.786496,7.902701,0.645062,0.728774
21.943911,15.583555,14.415435,14.154114,2.445908,5.134290
20.117603,14.387938,5.257874,8.874552,1.219520,1.608141
19.395603,13.626664,6.663267,6.427940,0.823618,2.927251
20.402197,14.299666,9.810445,13.454042,2.164269,11.025107
13.117916,9.488582,3.547988,4.839020,1.402873,-0.390974
6.316610,4.763875,2.089748,1.883321,0.699495,-0.626231
16.464561,11.539340,5.650715,7.287769,0.994336,0.711210
22.069613,15.234984,6.960623,10.859060,1.321651,2.532080
41.898952,25.602295,31.727694,46.517498,6.165953,14.418874
25.538214,14.849373,17.903601,28.162136,3.457170,12.003406
5.481015,3.797802,1.985948,1.009609,-0.077021,0.530323
16.695993,12.025482,5.600872,4.473207,0.968660,4.357073
16.006729,7.845252,4.135604,8.506841,1.345905,2.817846
35.713394,22.814333,16.265593,25.740757,3.787741,6.740468
60.592426,36.659008,81.340179,110.582802,14.083847,18.315559
47.127213,22.717325,56.025509,80.551430,9.466216,17.650904
119.365929,60.338192,158.389465,183.990067,27.526085,48.091354
135.397644,46.696865,154.408768,185.572952,24.768467,40.898319
118.851639,50.357822,161.789459,195.471283,29.507149,47.187096
77.620171,31.720314,74.394188,105.235039,14.323842,46.912819
18.153627,12.519331,37.259235,63.579636,7.522309,10.842178
48.987469,27.163452,47.899151,72.100098,8.934904,13.690181
63.067303,36.497818,48.543949,80.576630,11.338182,38.773247
26.880301,10.062935,10.819907,27.699635,3.441765,6.861434
10.398465,7.770548,2.766955,4.608739,0.832169,1.192720
11.090624,7.997787,3.598578,3.422949,0.780427,1.418460
37.479107,25.041784,16.838299,17.175938,2.540520,4.729043
22.222670,15.121031,11.071863,12.933581,2.172850,1.941706
11.045333,7.606366,3.224704,5.890257,0.749463,2.611670
10.048273,7.340267,2.841738,4.087679,0.516701,-0.108417
16.284883,11.407634,5.002456,7.188658,0.909237,0.659275
10.293351,7.440102,6.731948,6.735218,0.541671,1.740086
4.254492,3.151893,1.885030,2.519779,0.378141,0.289196
25.062618,17.685427,7.404459,8.623885,0.610693,3.346088
12.032592,9.023787,3.323994,2.585232,0.857978,1.257043
15.248311,10.830240,5.548554,6.559712,0.326837,3.314172
14.185684,9.855404,4.256991,5.847580,0.574617,0.297710
13.154626,9.495336,3.365553,4.960401,0.765349,1.979972
8.207942,6.005276,1.853317,3.389501,1.110547,0.828500
7.373073,5.289841,2.497347,3.387806,0.218736,0.988309
17.004093,11.866297,4.711489,9.930180,1.272816,4.863903
27.154070,10.529823,9.281375,19.054798,1.558163,2.298368
25.077787,10.037681,9.091632,19.990887,1.842843,2.252266
17.084034,12.293246,15.864802,21.417690,3.195700,3.243293
38.738811,23.375635,14.857390,22.604931,3.484721,5.025894
10.800693,7.411409,3.140311,4.642579,0.078130,0.587332
15.869021,10.945166,13.049538,19.096273,3.312021,23.064425
5.494691,3.763686,4.196700,7.227720,0.719785,9.789214
11.251362,7.832401,8.289345,12.239565,1.803492,2.187984
6.409050,4.604384,2.403073,3.898446,0.434717,0.259527
12.449873,9.217916,3.151410,2.836277,0.297680,1.395727
4.585356,3.310078,1.524930,1.876849,0.171925,0.658810
5.265401,3.923086,1.661722,2.583406,0.762500,1.061376
11.173236,8.384604,3.744067,2.904341,0.786671,9.396491
7.822415,5.510661,2.527321,5.418452,0.308761,1.140939
10.050548,7.259793,3.177916,5.359951,0.925431,1.549156
8.883377,6.267814,2.938683,4.279643,0.730778,0.965129
14.488295,10.665598,4.007790,6.039806,0.478754,0.992504
9.222210,6.803356,3.137712,1.482173,0.712448,0.745948
13.808830,9.944695,4.226345,3.475171,0.509337,-0.186262
5.230136,4.089904,2.225102,3.344929,0.351757,0.615803
84.635445,37.647854,129.304382,139.817337,20.911785,50.990643
4.839331,3.977879,2.218625,2.321437,0.440263,0.333861
11.444513,8.113276,3.422814,5.815948,0.696784,2.781254
29.782761,21.034294,11.844761,14.969417,2.656379,10.635661
16.246716,11.646412,4.041580,7.402761,1.080765,1.098298
7.322657,5.091283,2.190646,2.887574,0.294859,1.167917
14.859242,10.732443,3.666191,4.838819,1.346724,1.221917
8.155229,5.724468,2.652364,3.505692,0.966216,0.171622
6.438841,4.733157,2.557806,1.539145,0.314246,4.094943
4.937105,3.544802,3.756485,3.812485,1.225522,2.758792
10.005859,7.487380,2.836648,6.101076,1.273530,1.329503
17.351265,12.343995,4.996668,8.074977,1.352493,1.146209
15.542273,11.016580,6.402041,9.113266,1.221518,2.931276
20.844206,13.785260,13.185330,17.491270,2.644611,12.435015
5.922532,3.039736,3.666593,8.530020,1.497344,-0.191477
18.540705,13.655391,4.147749,10.217994,1.889092,5.595187
12.429603,9.351055,4.114913,6.287794,1.114651,0.948404
17.545855,12.576366,4.719911,5.387719,1.322667,1.062173
6.973214,5.069845,2.135811,0.921861,0.344977,0.830323
6.228035,4.323974,2.131334,3.101409,0.585882,0.784123
9.052073,6.251552,2.884978,3.105257,0.345779,0.816673
23.331642,16.061565,6.846950,6.897703,1.370346,7.567602
7.948656,5.686419,3.515504,5.840536,1.527663,1.834380
54.208340,24.102022,17.527317,23.405582,3.319071,5.440800
48.370861,23.618841,16.891748,24.938663,2.973936,3.933160
14.699961,10.851356,3.704321,3.626054,1.671955,1.617244
37.698246,25.491938,13.136045,20.617191,2.322397,6.029590
10.711391,7.530101,2.681445,2.094327,0.278286,0.061781
62.433884,34.907963,67.813728,94.241440,12.651409,26.486059
30.320269,15.815154,8.111076,15.099592,3.074058,4.727302
4.845802,3.378453,2.446939,3.453541,0.936364,0.376975
5.860028,4.123037,2.243377,2.278614,0.399094,1.275759
4.877789,3.767718,1.655853,2.877917,0.195902,-0.553814
7.819487,5.868680,1.904978,4.011100,0.536700,1.059624
4.686357,3.268684,1.774351,1.334976,1.167294,2.274629
10.648610,7.700016,3.709948,5.618403,0.467106,1.053822
19.227442,9.516836,6.054769,5.941632,0.787295,1.594006
6.512306,4.942044,2.227572,1.088227,0.401829,-0.234556
17.057594,12.530725,6.336057,9.276778,1.111964,2.418764
9.591098,7.102973,2.812928,2.573269,0.244909,0.824610
11.063918,7.990896,3.404977,3.443832,0.351085,-0.282642
13.467303,9.201743,3.939620,4.582445,1.027253,1.823774
4.898987,3.861274,1.810820,2.748668,0.400596,0.648054
13.976218,8.770312,4.363263,5.728333,0.795724,0.294997
40.367359,22.288200,15.192915,20.429804,3.776874,14.056504
15.929308,6.205344,9.386837,7.471324,1.833272,2.731889
18.387907,10.628654,18.722038,15.671309,2.692669,3.455489
13.289571,8.253593,4.813410,5.008366,0.823223,1.620168
22.256258,8.967066,12.483278,19.318779,3.096060,14.959674
8.261797,5.957339,2.670404,2.997183,0.287673,1.023417
14.756269,10.718163,3.351681,6.371468,1.216360,0.876554
11.905252,8.740760,3.527635,6.002202,0.298721,0.301038
32.841274,22.852167,9.014878,10.711903,2.041929,7.788433
11.871616,8.784977,4.215652,5.123196,1.737734,1.016485
4.995553,3.397185,2.186328,3.521261,0.643146,0.327712
12.905628,5.569828,5.135336,8.928752,1.588985,4.168247
8.682909,6.476766,1.877779,3.432647,0.346985,1.726531
13.338002,9.747549,3.758532,8.010849,0.908288,1.346242
7.029687,5.017133,3.109842,3.792147,0.692540,-0.271799
15.799811,11.486186,5.280756,5.813671,0.468236,1.392066
7.506178,5.565310,2.386810,3.996566,0.727673,0.958255
14.947731,10.749530,4.693917,3.896952,0.138961,1.392552
9.302415,6.836444,3.893391,5.102777,0.884988,1.776834
8.290950,5.762109,2.540830,0.951409,0.762137,0.665646
14.749066,10.373299,4.064750,5.605547,0.931673,0.777009
5.356686,4.022818,1.899893,3.471115,0.482554,0.860070
30.497335,19.388636,39.891014,59.943020,7.500944,14.812213
8.855251,6.484594,3.486598,4.411273,0.380451,1.139827
15.985593,11.407607,4.029141,6.153877,0.983995,2.032570
16.940367,11.362903,22.338999,25.378536,3.771440,6.252228
17.356939,12.442117,4.224942,5.118428,0.975881,1.285352
16.164371,11.911755,3.830874,5.449974,1.163130,1.076163
5.351486,3.803512,2.145138,3.019587,0.197976,0.079737
8.984573,6.698694,2.737984,5.947604,0.866353,5.801669
14.249208,10.224283,3.814487,3.477265,0.805054,0.404383
7.121861,5.394328,2.583025,5.637315,-0.258657,0.330352
6.667277,4.825903,2.375496,4.865470,-0.079232,0.503807
84.358559,32.247402,78.804466,120.668144,15.353828,22.411474
43.173477,26.223560,15.892882,30.365297,4.923067,25.203703
80.083252,36.748535,63.549770,72.446907,10.976481,40.897366
81.583801,23.376041,65.257935,89.745049,12.536766,42.897972
89.860901,32.527084,52.421085,78.835938,11.150142,32.220863
106.571136,34.381248,63.202732,85.038925,12.514738,36.348557
139.315811,36.280006,233.645706,373.235321,50.225956,85.562943
163.998947,40.530590,332.556732,502.401459,68.347450,93.676155
141.972672,43.625462,250.916000,351.395081,46.517647,63.219070
6.333222,4.487173,2.000950,6.481637,1.190701,1.493824
5.432189,3.906254,2.068003,1.697087,0.039445,0.299130
7.982884,5.627723,3.185588,3.033076,0.489591,3.795078
18.075325,10.774595,4.586150,7.834230,1.102658,1.708938
12.713325,6.675778,3.796323,8.009177,1.309951,1.477841
6.534998,4.670121,2.103779,3.939228,0.048674,-0.714000
61.477962,27.432991,41.599266,53.536327,7.736574,9.978211
21.486982,15.704010,8.315152,5.217368,1.834859,7.172091
10.242564,7.323810,3.073340,4.005858,0.606219,-0.301191
17.633356,12.478845,4.759710,4.886986,0.612063,3.082665
19.673342,14.360738,6.155963,6.645835,0.769967,1.215712
7.933743,6.110143,2.247414,3.748701,0.091568,0.774946
83.634514,32.496471,113.711372,161.789230,18.090393,23.776854
22.194347,8.572863,20.135773,27.045033,3.239311,9.259668
45.051285,26.364019,33.461880,53.740318,9.478992,32.242844
13.930614,10.061242,4.348586,3.700566,0.642189,1.788256
16.897480,12.189096,5.257476,6.544990,0.852101,1.373129
5.456047,4.100708,2.057253,1.234118,0.236554,0.673474
18.503786,13.289930,4.934110,7.126448,1.219376,4.191355
11.154780,8.033867,11.499707,19.818930,3.510070,9.465238
26.349506,17.384169,7.190142,9.842068,1.736179,1.807563
24.289278,15.481195,30.670418,43.434872,5.745396,14.192323
25.808784,17.381357,20.530874,30.097527,3.825298,3.879717
4.651265,3.341829,1.849886,2.173473,0.118520,-1.104973
111.570175,42.189251,121.209236,143.189850,21.576771,107.049171
45.850800,21.830862,15.837671,21.022198,2.780811,3.977879
36.943039,14.205575,17.495558,22.366642,2.804168,3.057951
10.836983,7.689593,4.438463,7.601921,0.815202,1.886588
19.989435,12.644042,8.254576,8.258631,1.130965,4.449772
29.860746,19.228176,35.271305,46.843922,7.268820,10.466585
13.054288,9.318731,3.698861,6.509918,0.460751,0.596653
7.154922,5.264554,2.783625,3.275816,0.332968,0.791248
10.595111,7.870333,3.362951,6.844171,0.618439,0.520630
18.988607,13.722369,5.393248,9.189175,1.725919,2.915978
20.180044,14.127706,5.200724,12.775949,0.759791,3.425592
11.636619,8.251571,3.644885,7.103703,1.135846,1.865585
4.458298,3.008545,2.335551,3.473699,0.328129,-0.071827
7.780550,5.240413,2.499975,3.033320,0.452356,1.818076
5.470073,4.044885,2.716836,3.746298,0.261250,1.413862
27.193825,18.601812,9.807777,14.522433,1.245564,2.983698
7.556881,5.450650,2.605686,4.556161,0.057298,1.088163
5.614213,4.110160,2.328026,3.218924,0.714216,0.847531
18.768068,13.095764,9.556910,13.026261,2.417294,11.914480
6.801072,5.082658,2.460994,4.654475,1.089804,0.887643
11.862777,8.737003,4.401794,3.330311,0.718704,0.217693
20.223417,14.098093,10.656024,12.283361,1.574511,1.708256
15.037226,10.731224,3.529809,5.023345,1.496386,7.851486
17.828165,12.636529,4.133174,8.966730,0.757988,0.830115
6.205835,4.551304,2.176628,2.047949,0.421120,1.350935
26.839794,13.431945,8.739235,10.442791,2.180985,2.094494
27.923864,19.194031,8.991063,12.769320,1.459724,3.912918
5.030138,3.880764,1.645842,2.678349,0.289715,1.118786
4.614802,3.701154,1.635831,2.179568,0.258036,0.729297
5.764052,4.136913,2.063060,5.184316,-0.225585,1.504257
34.028446,19.090130,39.594280,57.325039,6.862173,15.037474
7.366421,5.566805,2.404545,3.232170,0.637560,-0.369300
7.810122,5.505081,3.738578,5.911758,0.968378,2.866821
14.720654,10.492305,4.156186,6.711115,0.191180,0.866819
41.932629,19.730371,25.619947,27.466578,3.949631,10.390371
31.184059,15.625735,10.922456,14.051726,2.299037,3.689724
17.113449,12.191534,5.676733,5.937873,0.145191,1.654687
14.114703,10.144992,4.388075,4.129220,0.931361,0.838615
4.412724,3.005610,2.033814,5.181281,1.112709,6.940303
13.178495,9.937524,4.345477,11.241923,0.844971,0.390908
15.651552,11.074333,4.435290,7.548779,1.646854,1.589154
18.273619,12.952612,4.696208,7.622691,1.110803,7.105667
4.546885,3.560556,1.817506,2.025535,0.569495,8.739528
8.211886,6.171565,2.907712,4.111063,-0.143159,3.809191
5.305665,3.668834,2.832501,4.427006,0.601855,1.371790
13.506883,9.630021,4.565812,7.532439,0.862329,1.549237
7.673939,5.885150,2.333115,1.704860,0.913636,0.402340
14.614416,10.813791,4.284173,6.031904,1.366122,-0.207176
35.240215,15.918665,19.110270,25.736122,2.755237,5.405011
71.445076,28.809971,62.141743,67.849419,9.714348,21.281815
65.901581,28.892832,61.313068,70.507378,9.331051,20.721586
15.003618,10.405992,13.777422,21.725311,2.552539,4.319731
6.424036,5.113679,2.116093,0.571348,0.402422,1.186443
18.750713,12.835403,26.473640,41.694885,7.101083,34.347939
9.934454,6.856596,2.837282,4.021974,0.771374,1.465973
18.970551,13.704116,5.265202,9.144973,1.216521,8.149946
4.605617,3.428754,1.123890,0.663738,0.467285,0.093437
15.656326,8.730949,5.092586,5.760680,1.240011,6.953296
24.897524,16.458635,7.322196,10.777721,0.802502,1.040565
12.839170,9.748457,3.722783,3.851847,0.093621,0.344550
18.163700,12.593986,5.480918,6.312864,0.904553,1.979952
3.945355,3.128619,1.662440,3.279379,0.094908,2.284789
7.720223,5.713744,2.222220,5.171929,0.865980,0.713427
17.521154,12.544998,7.579408,9.711048,0.932223,3.549117
6.338912,4.826968,1.771785,0.935277,0.397981,1.396043
17.520185,12.395868,4.554019,6.718197,0.417684,3.070962
6.916302,5.284092,2.196821,2.089916,0.349259,1.797017
33.943810,22.502855,14.579568,19.543833,1.954059,6.207364
12.530898,9.082443,6.536828,12.469894,1.216033,1.143685
10.318415,7.790754,2.012102,4.488637,0.600113,-0.481758
4.764476,3.715468,2.022198,-0.017121,-0.178334,2.424800
18.598314,13.165418,6.392527,10.633452,0.740953,1.742023
6.273952,4.355899,2.002640,5.017337,0.374401,-0.511838
6.670762,4.739581,2.929530,3.643140,0.269090,1.361500
5.990106,4.295401,1.555779,2.579294,0.059515,2.991523
11.410132,8.178962,3.622677,3.251576,0.726389,5.174002
5.676659,4.297400,1.675750,-0.110684,0.642258,2.837217
17.246391,12.028611,4.948559,9.158503,1.464591,1.144430
6.607458,4.736421,1.724784,3.694905,-0.098414,0.846500
6.395564,4.613440,2.130470,3.642420,0.342662,1.415188
12.732789,8.932696,4.508020,5.067545,0.522207,1.484761
8.948480,6.650040,2.046166,3.042626,0.113348,0.906953
4.830963,3.554665,3.743401,3.210167,0.323164,1.437192
12.292700,8.958857,3.669172,4.755400,0.356654,1.050882
5.582275,4.008512,2.138953,2.278316,-0.312584,0.204082
57.393654,23.974741,41.225834,44.649410,7.959151,23.242771
51.667278,22.051962,40.120399,48.892204,8.439630,21.372198
7.616909,5.368916,2.619390,2.951280,0.007337,1.554074
10.767208,7.665367,3.132895,4.269408,0.299939,1.014957
10.316068,7.212152,2.947272,4.433986,0.555939,5.934122
8.001557,5.971944,2.765543,4.912866,0.845078,0.798419
27.267859,19.091856,6.471695,6.845239,1.275079,3.165141
14.902253,10.953395,4.576228,8.464300,1.003387,0.629297
25.825180,18.006880,7.516458,8.248130,0.824058,4.298340
15.426456,6.824152,8.517501,11.215343,1.474542,3.832098
14.750429,6.843595,8.810579,12.016281,1.729755,3.246579
9.460218,6.455237,3.027421,2.622210,1.013896,1.061463
19.053162,13.063470,5.456283,5.938460,1.734792,5.656946
38.842690,15.525315,14.677118,25.477736,2.601212,4.129142
7.796016,5.964924,2.640113,2.103539,0.372505,1.657765
5.469062,3.871552,2.128267,2.633762,-0.524915,0.885329
8.067191,6.008757,2.428288,3.067157,0.896293,2.211480
37.204784,18.751263,37.013508,38.481827,6.362863,16.366205
35.748798,18.668623,33.868404,40.481480,5.523887,12.888456
4.714484,3.811568,1.838406,4.887494,0.388050,1.797831
10.520424,7.833268,3.275739,1.432418,0.314479,1.018032
4.302829,3.454372,1.277174,0.984732,-0.348502,0.324048
5.408719,3.972764,1.718848,0.001732,0.116697,0.784196
12.097204,8.869391,4.135621,4.211437,0.086360,1.254377
15.269717,10.657382,5.859087,6.036011,1.061592,0.883527
15.980944,11.027100,5.122581,7.631680,1.325071,1.767135
4.388822,3.050053,2.134508,1.234525,0.106295,3.554146
8.064596,5.721469,2.706104,3.892275,0.516938,1.027636
5.139138,3.870761,1.814465,3.925607,0.551625,1.372031
6.044534,4.468319,2.003402,2.986279,0.565769,-0.394281
14.013371,10.277916,5.210211,7.193746,1.116860,5.410502
7.358696,5.160640,2.278428,4.305930,0.203627,1.954747
7.110423,5.337825,2.120312,1.834676,0.891493,1.098209
15.767144,11.347787,5.368790,6.724301,0.878367,1.039773
10.409798,7.243859,2.939042,5.662451,0.060093,-0.001345
12.192598,8.907878,4.300508,5.980470,0.804370,1.744679
21.437700,14.797751,4.703128,7.469103,1.222410,2.129428
6.544763,5.056709,2.453117,1.865860,-0.396168,0.566737
6.513990,4.716063,2.323103,2.761336,0.677812,0.154771
9.980507,6.916961,3.269395,7.426095,0.625075,1.602379
8.846982,6.201899,3.830863,3.960320,-0.006321,0.482932
11.657265,7.844006,3.766798,6.355590,0.629512,1.390418
11.115863,7.410169,5.692637,10.372023,1.894874,3.883655
7.059728,5.151711,2.083882,4.712736,0.478358,1.080377
13.469446,6.309124,3.434771,6.847998,1.053962,1.123616
5.113827,3.637538,1.837729,3.011369,0.052832,5.511119
27.960825,19.798735,16.743950,21.644505,2.269351,9.179657
16.183626,11.826406,5.277950,4.159290,1.141928,2.564596
4.249422,3.426223,1.743466,3.231351,-0.082061,0.730446
70.612564,42.889359,72.788605,109.887970,13.127131,31.413969
11.616445,8.027660,4.142390,3.822173,0.777438,4.211832
8.426190,6.308049,2.442609,6.037909,0.512905,0.400542
7.977870,6.170815,2.887289,5.336016,0.596373,2.124901
6.631325,4.940992,2.321626,3.027487,-0.026108,1.365993
12.013746,8.706312,4.473472,5.635149,0.977575,2.459245
11.596428,8.339396,3.662740,2.615722,0.111639,1.308700
5.374945,4.011784,3.305363,3.415466,0.885166,1.945668
12.033255,8.574115,3.546279,1.564537,0.464547,0.160059
3.981519,3.295586,1.231171,2.962719,0.376321,0.495437
6.060045,4.342120,2.342223,0.867458,-0.044889,0.268466
19.268007,14.180978,4.741769,9.655807,0.823462,1.766697
12.528045,8.703761,4.341743,6.549145,0.651846,2.133281
5.116579,3.843931,1.936844,0.063568,0.058194,-0.164368
11.518500,8.637758,3.424426,4.163402,0.205249,2.054754
4.402043,3.437762,1.393002,2.219418,-0.013274,1.171451
20.494347,14.503252,5.893661,9.707849,1.426269,3.811457
19.971981,10.969618,15.704546,14.006145,2.214608,18.771257
80.044701,36.418274,178.354294,206.141281,39.291180,178.053604
128.605545,36.822186,240.811874,305.996582,45.716686,174.507126
92.121658,42.933514,79.834274,123.459473,14.948211,27.748287
105.617615,36.755772,400.571777,503.814941,64.107399,93.410225
11.112532,8.148325,3.543874,5.638943,1.141761,1.663312
9.264628,6.850955,2.970709,5.430061,0.896667,3.234149
19.399124,13.212219,7.157205,12.291952,1.089216,1.221972
21.218609,14.472683,12.891707,19.012455,2.898661,2.200958
4.569118,3.433381,2.975150,5.248750,1.782991,0.136670
9.024203,6.617233,2.955513,6.502423,0.263218,1.486170
4.544955,3.392766,1.557600,2.389686,0.710221,1.889300
17.481495,11.947349,5.137028,7.740998,0.355872,4.282769
31.484596,14.634963,9.587866,13.547952,1.656391,2.111470
8.389025,6.104146,2.797959,5.067181,0.729142,1.287651
13.226427,9.487777,11.545798,27.017282,3.138076,2.385033
41.078369,26.565529,22.633543,30.616161,4.955549,5.335622
11.721338,8.548712,3.508682,4.842669,0.672446,1.367374
5.758274,3.914943,2.326549,4.689349,0.076243,0.109076
17.410999,12.098128,22.564451,28.130341,5.323746,10.988851
19.824583,14.063470,9.184948,11.345159,1.987272,4.360120
6.736973,4.922351,2.814490,0.980272,0.276275,0.520716
21.534569,15.638832,8.421881,12.302435,1.583368,3.031280
9.276894,6.898308,2.980317,2.087754,-0.417995,0.283228
10.584399,7.643914,3.123279,3.903276,0.903623,2.450822
5.313489,3.935104,2.098340,0.292032,0.654869,0.250495
8.806337,6.578254,2.522242,3.196601,1.372360,1.389585
5.995242,4.318246,2.282443,2.409312,0.300692,0.764929
10.030499,7.053857,3.371159,4.261503,0.492808,0.963016
24.238962,16.426849,20.910576,26.166340,3.437725,5.417504
9.378772,7.066261,2.974648,3.001999,0.355144,2.086162
5.703383,3.888236,3.880460,7.743965,1.323477,3.758832
16.613148,12.475876,4.465461,7.588586,0.597335,5.164100
5.947222,4.306291,2.887020,3.667772,0.466025,0.776704
18.338724,13.390044,5.337195,5.854627,0.861444,1.178027
42.117104,29.215155,12.954503,23.358870,2.583887,4.551376
59.924355,31.049042,16.037502,17.986326,3.097183,17.751911
5.080402,3.778886,1.935429,2.528728,0.560203,-0.582773
56.563107,24.769070,26.957079,29.951084,4.966917,6.108654
32.742695,13.529234,18.663286,26.871548,3.812340,4.711478
21.256771,14.871636,5.845273,9.010760,1.003741,22.645870
7.550543,5.537601,2.837230,3.049318,0.473466,1.610099
43.939972,16.994951,20.276640,20.866262,3.866841,11.139441
54.296074,16.149467,25.405201,30.872349,5.683380,11.929188
20.136461,14.165114,5.143647,8.472165,1.470021,2.538855
6.219823,3.768352,2.965554,3.112448,0.407566,2.056796
17.087389,12.233913,8.205490,13.634458,1.638397,11.590764
9.132592,6.410094,2.849954,2.629549,0.427112,0.317989
7.403338,5.153479,2.516295,3.549220,0.604332,6.210010
10.077588,7.626408,1.818672,5.360156,-0.145979,0.960363
5.985184,4.232050,1.994090,5.346473,0.122849,1.482152
4.510944,3.315728,2.262715,1.940286,0.455436,1.170507
8.890935,6.451959,2.811597,2.304428,0.635500,1.489690
10.641872,6.405522,4.097509,3.179082,1.372444,0.954892
10.000469,7.499254,3.017147,3.364933,0.689879,-0.437148
22.861765,16.632648,9.608938,11.072876,0.849538,2.705839
4.910093,3.710576,1.965664,1.430385,0.230273,1.023780
8.051641,5.840447,2.369042,5.029393,0.276079,1.177281
14.961384,11.075359,4.364875,5.781460,0.541946,1.876398
50.262691,19.730694,34.665451,41.681091,5.470827,16.007704
8.828811,6.102612,2.655522,2.829372,0.638987,0.989643
28.071482,18.813370,16.314894,15.886268,2.225451,8.073667
18.756340,13.422757,7.396261,8.193464,1.333754,2.936270
4.893892,3.496786,1.692154,2.520319,0.508330,1.205431
33.811123,23.142805,10.379514,11.669048,1.367593,2.279064
12.677704,8.656010,4.488644,3.991039,1.037191,0.913787
8.304246,6.006821,3.177470,5.836085,0.111149,-0.315534
6.323283,4.706686,2.225277,1.044173,0.597806,0.584070
72.530479,45.378773,65.110657,86.513062,10.541296,20.756840
15.601807,9.933663,5.193192,13.646931,1.610412,1.941419
8.157141,6.000302,2.833195,3.384344,0.346392,2.043342
4.316909,3.158729,1.997790,1.333895,0.208164,0.782421
18.514137,13.185828,4.350094,8.418401,0.843191,1.976971
4.546683,3.419216,2.267627,3.660479,0.292086,0.483212
13.177208,6.308003,4.852790,5.278744,1.057929,1.104877
15.363437,10.705896,5.699371,5.966948,0.496612,2.088452
12.487162,9.017103,3.485154,6.850451,0.723579,3.967057
9.595613,6.674291,5.034313,5.962678,0.788535,2.892788
8.135487,5.907127,2.755862,2.831269,0.141367,1.082362
5.298072,3.534043,1.888813,0.299737,0.330134,0.597638
5.596955,4.301107,2.369661,2.158912,0.204582,-0.192054
6.729332,4.604925,2.248102,3.744745,0.773508,0.939729
12.289717,8.978195,4.156182,7.107951,0.978743,0.879676
14.890634,10.610917,5.146782,6.758228,1.251457,2.656057
7.277670,5.332420,2.215578,2.647108,1.194249,1.907820
10.623360,7.281157,3.323309,4.003047,0.121963,2.115250
20.070379,14.550743,6.801477,8.982616,1.821689,4.800762
37.405758,18.895163,22.532454,21.809547,2.114688,5.182088
28.014576,14.401536,17.107758,20.757477,2.635207,5.439362
23.793261,16.036634,10.472995,21.950560,1.962583,2.266871
18.206587,13.014892,9.217807,31.658302,10.734697,51.316936
13.352757,9.426613,4.717542,7.080698,1.303264,0.920301
4.589641,3.299774,1.752715,2.140610,0.618616,1.591400
6.422621,4.639235,2.103992,0.776646,0.226544,1.201011
31.026232,20.933184,12.470395,16.253801,2.296973,5.133501
58.615604,32.034904,23.941822,29.051743,5.026452,15.425185
7.680289,5.408661,2.114216,2.585378,0.033628,1.211952
15.642701,11.144244,4.510221,7.065774,1.012973,2.123513
6.659486,4.661279,2.271074,4.346822,0.206900,0.985732
8.334564,5.653355,2.621777,4.150518,1.225955,0.540738
21.087072,15.551324,8.316244,9.813216,1.303472,2.985253
16.858521,11.774401,4.529914,5.659805,1.271811,0.969596
18.100021,12.813830,5.123198,7.759593,0.848649,2.111508
14.397828,10.497128,3.396545,3.054553,0.500805,1.570757
7.503079,5.443799,2.746485,3.591548,0.936568,0.917591
18.259571,12.863912,3.947684,5.104330,0.434677,1.236052
15.811091,11.316434,7.795720,13.203509,1.758567,4.446101
11.733267,8.297307,3.405939,3.672069,1.083466,1.670647
13.202524,9.697471,4.117833,7.222310,0.631371,2.496157
32.294258,20.468832,11.784610,14.936621,2.744315,3.726668
5.043000,3.523010,1.768186,2.028607,0.139983,1.326253
14.626012,9.906094,6.334179,9.091748,0.773414,2.411400
9.511889,6.490260,2.960644,4.531096,0.581233,1.309094
4.939375,3.405485,1.781674,2.977779,0.195087,0.070286
6.176927,4.472091,2.040130,2.604873,0.419093,0.712437
18.193754,13.069113,3.495209,8.496451,1.139084,0.695298
6.936308,4.900095,1.852532,1.943379,1.313654,1.716092
6.808385,4.767539,1.694602,2.744648,0.721778,-0.355930
4.075325,3.092265,2.286062,1.100872,0.431291,1.372456
21.963903,14.709916,10.789209,15.255525,2.587345,1.311720
7.173943,4.917830,5.045956,5.172692,0.923940,0.172569
12.620125,9.037567,3.090656,5.571558,0.710128,0.577854
6.149812,4.406962,2.391213,3.607392,0.015320,3.384363
14.754109,10.436096,5.160252,7.016305,0.946425,1.483736
9.172837,6.861060,2.734733,4.546453,0.644066,1.352499
6.625881,4.864665,2.183721,3.461666,0.433636,1.295141
46.753311,26.582083,58.652622,64.048363,10.007582,19.943602
10.492323,7.863144,4.160255,5.221789,0.951882,1.238390
10.796815,7.716512,2.945065,4.863030,0.672204,0.820800
16.967751,12.060892,5.708086,6.777088,0.730160,1.123773
16.057034,11.141569,6.932633,7.326149,1.137823,3.322547
9.871051,7.192381,3.817925,6.098873,1.126094,9.879904
44.826443,23.787657,25.003124,54.132442,11.613560,47.135658
5.460021,3.807175,2.088771,1.044922,0.230121,1.411136
54.729820,23.919189,25.738405,37.822895,4.520884,8.337798
5.520683,3.853545,2.004009,2.833727,0.362341,0.371674
22.113859,14.064188,10.757307,10.241830,1.585158,5.739771
4.682365,3.154222,1.710716,1.737245,0.395579,0.963441
5.853531,4.059746,2.644921,2.738511,0.234029,-0.158743
14.932874,10.549335,2.710670,7.156179,0.873931,0.852899
15.480590,8.230529,4.721690,6.303882,0.777659,1.319865
20.169167,13.897788,6.590396,7.767868,1.460736,3.399388
6.315897,4.467442,2.392924,1.988622,0.421371,0.819385
25.610510,17.176327,11.850643,11.882676,2.508036,12.670330
27.906548,19.658506,7.094393,12.743818,2.326387,5.733228
6.733170,4.762231,2.131201,1.897150,0.435816,0.143435
35.928703,23.653212,27.597498,33.756023,5.272927,34.303902
18.982098,13.409575,5.869457,4.724493,0.602420,2.831606
33.429874,22.447626,8.349657,15.577448,1.957965,3.130168
5.226386,3.649349,2.173566,1.727991,0.534530,-0.046930
9.331657,6.714221,3.608979,6.647062,0.451959,1.798218
9.375484,6.961445,2.722841,2.269493,0.383016,0.379088
10.154679,7.742192,4.204788,6.038320,0.717883,2.838929
6.295112,4.707803,2.305077,3.196069,0.260433,1.857753
3.969652,3.024368,1.600551,4.110705,0.323369,1.342691
7.972790,5.754183,2.810204,2.501851,0.527839,0.308805
17.754526,12.501425,3.559538,3.488879,0.775229,0.915518
16.001202,11.206435,5.497119,11.437312,2.102561,2.655568
17.137177,11.829759,5.984197,6.776964,0.922909,-0.381822
10.820467,7.782787,6.494497,9.708530,1.083002,2.533371
17.858849,12.807844,5.279837,13.546770,4.518740,12.460459
12.249471,8.797152,3.848339,0.913798,0.571008,0.584984
6.148074,4.233055,2.013809,0.370433,0.910527,0.596119
15.568898,11.267432,4.090343,4.753256,0.641951,0.487691
24.550415,17.725122,6.375782,9.720843,1.061181,0.682221
12.623094,9.146553,3.868956,9.580291,1.348435,0.385095
10.270508,6.878869,5.698387,8.093362,1.330131,3.203762
39.448544,26.902176,14.523508,16.536655,2.880323,1.632465
27.287281,19.984869,7.443332,11.192154,1.403227,1.533300
30.657370,19.969948,8.357348,11.852186,1.417838,1.195821
9.710575,6.961946,3.354499,4.600402,0.294729,3.457669
28.667086,18.841646,12.334736,10.601153,2.224072,2.079201
7.485355,5.360632,1.800114,1.670561,0.386660,0.343892
7.351922,5.436016,5.177670,7.106853,1.287014,1.162023
67.796440,37.254631,102.647705,133.519043,17.793362,23.962713
5.695053,4.078036,2.002886,1.391298,0.108707,2.030458
30.607445,20.767069,8.927977,13.864873,1.917779,2.819558
18.855471,13.407219,5.623922,8.971685,1.239556,3.305763
22.824696,16.554628,11.660076,10.788004,2.605746,7.826180
8.749445,6.473902,2.481947,2.224966,0.634473,0.486144
18.428164,13.245008,5.325605,6.619659,1.529459,1.553599
8.641911,6.477762,2.877038,5.340076,0.570256,0.323386
6.672823,5.239463,2.003177,3.523165,0.985457,2.316178
18.232969,12.830502,5.344817,7.353112,1.057728,1.267333
7.307111,5.698143,2.611157,2.178459,0.018618,0.868339
9.532330,6.693085,5.195498,7.101517,0.714573,0.902272
5.963116,4.108109,2.471599,3.680513,0.360184,-0.307199
8.691297,5.989213,2.316501,1.587556,0.306727,1.226857
27.063799,18.439423,14.270103,23.444836,2.948303,11.650344
20.522425,14.825562,6.429887,4.683121,0.785518,2.509313
48.790901,30.849558,25.097128,22.854954,4.185110,13.012166
7.723739,5.310916,2.365878,2.034767,0.313003,1.580931
31.119287,21.598766,11.923388,18.078644,2.297238,1.823427
10.624144,7.509747,6.694636,12.334184,1.983818,4.203087
7.114030,5.073612,3.821119,5.172688,0.938787,0.486877
17.616152,12.604669,4.581710,6.975939,1.444638,1.931515
15.610120,11.472284,3.998722,7.156206,0.221510,1.839826
6.800007,4.956452,2.200145,4.898718,0.196591,0.798534
6.245053,4.486494,1.819663,2.963990,0.074098,0.058971
19.657131,13.143258,25.887394,31.735216,4.916440,13.134762
5.292206,3.768749,2.023881,4.451888,0.308499,0.346539
4.438887,3.521977,1.956186,1.794427,-0.397617,0.791652
10.128773,4.635349,3.747553,3.962063,0.083740,2.163260
9.950937,4.562567,3.681992,4.079299,0.214600,1.519134
7.714606,5.353722,4.220980,3.727869,0.081377,2.058922
6.443075,4.622739,2.556566,2.283319,0.693854,0.692213
12.214891,8.349576,3.742570,4.725598,0.664018,0.639139
13.992919,9.864419,3.327954,4.784580,0.383678,2.211452
21.845907,8.312630,7.323701,7.031779,1.562996,1.245303
20.965855,8.261913,7.067474,8.497782,1.244771,1.394067
7.055863,5.041468,3.048290,3.461449,0.702859,1.588059
6.204974,4.893432,2.591308,2.548498,1.235478,5.418729
4.052508,3.330555,2.217764,2.013304,0.507511,0.220720
12.051023,8.759971,3.569613,0.909963,0.596860,-0.543206
9.487995,6.987297,3.692334,5.489408,0.524271,1.451018
19.526424,13.631378,6.361210,9.098235,1.007158,1.416108
7.973064,5.761569,3.537292,3.703024,1.033248,1.425010
8.742263,6.497476,2.489079,5.071888,0.551154,2.204721
25.766666,17.679226,16.225100,16.979420,4.716443,39.230427
6.460032,4.947418,2.519627,4.922926,0.403631,2.751833
8.988862,6.336316,3.235892,4.961738,0.673790,1.768636
12.507265,9.061388,3.825563,3.416300,0.397190,0.341044
8.565844,6.270465,2.936448,1.528093,0.265624,-0.165785
10.687652,7.541361,3.322265,3.178728,1.008850,1.141009
7.797167,5.864509,2.229873,4.151825,0.727002,0.994849
11.876462,8.602802,3.699867,1.697525,0.388486,0.383301
13.309707,9.823314,4.912158,5.002229,0.487784,0.724593
11.078497,8.131949,3.461147,4.387839,1.062598,1.856277
5.605798,4.209403,2.298779,1.681548,0.273770,0.610157
4.971883,3.975093,1.838134,0.399744,0.310517,1.553688
9.365816,4.332278,3.021759,3.762321,0.222190,1.120931
45.702869,24.705950,23.538176,40.654415,5.774407,6.797264
14.396303,10.054343,4.622410,5.867373,1.001110,2.119381
16.461018,11.446728,4.839361,7.431072,0.395217,1.242649
4.409106,3.279045,1.772708,0.438010,0.498011,0.381920
5.083987,3.718773,1.427582,0.848305,0.152502,1.410492
15.246524,11.336058,5.085676,4.713665,0.615191,1.490639
53.170631,32.604313,43.416615,50.323032,6.871024,20.040552
4.779313,3.589345,2.128604,0.544473,0.095361,0.196480
19.480755,14.099270,14.248525,18.031984,2.382867,2.442577
5.839821,4.218306,2.184849,2.754381,0.306060,-0.164818
7.836613,5.712640,2.821798,6.287546,0.339891,1.584743
18.671122,13.098969,5.144928,7.408726,1.217231,2.953910
32.526543,22.296061,9.580303,11.984315,2.076671,4.888188
12.987147,9.159012,10.043452,9.915584,1.470639,3.947508
7.876117,5.999105,2.572004,1.206693,0.261194,0.353075
5.331436,3.757384,2.011289,1.866947,-0.036955,-0.002379
6.664223,4.733318,2.243451,1.903053,0.289065,2.007360
36.269524,17.659409,9.274127,15.625336,1.916723,2.586538
11.746660,8.445140,3.936332,4.478342,1.367650,2.850284
10.410484,7.036185,3.184243,3.211078,1.432483,0.822234
17.274101,12.290140,5.313782,8.001984,0.583886,2.008403
7.909179,5.732852,3.191181,5.784924,2.061571,6.110459
8.972985,6.535579,3.291775,4.700218,0.558866,0.700551
5.031993,3.636606,3.455582,7.345991,0.623876,4.803450
22.342468,15.020950,16.445869,20.602386,2.581617,4.447669
4.316463,3.202992,1.780342,2.493396,0.606734,0.385672
18.215910,13.092794,6.410388,9.566052,1.543665,1.593168
19.764629,14.441570,5.598172,6.332027,0.860667,0.087717
6.203799,4.337132,2.139186,2.256365,0.486663,0.148741
8.208864,5.948519,2.549556,5.537201,0.762115,1.228637
45.354809,26.111298,26.966127,34.682415,3.906434,4.601718
4.426663,3.377542,1.817090,-1.251045,0.143455,-0.612592
4.694711,3.447056,1.948951,1.474367,0.988734,0.181261
8.592961,6.306121,2.779472,2.385818,0.229792,1.763967
4.774768,3.277699,1.715487,3.714139,0.503658,1.474231
7.184618,5.486022,2.280898,3.702616,0.111673,0.940215
6.618004,4.554327,2.137668,3.013047,0.291523,0.859956
9.770668,7.165593,3.028190,2.624530,0.288853,0.191012
19.794588,13.354759,9.573000,11.147477,2.392128,9.262139
7.719354,5.880864,2.981412,5.376530,0.700040,1.100031
10.019696,7.295607,3.436080,6.150001,0.799244,1.248167
6.841136,5.055065,2.156348,2.974706,0.576779,0.981280
6.261487,4.330381,1.721406,1.733525,0.849401,0.762298
5.964464,4.234977,1.844533,3.664885,0.091805,0.134294
12.888982,9.032038,6.667709,7.496902,1.231989,1.931892
11.630383,8.307771,2.974523,5.727582,0.594561,3.252396
16.695887,12.061417,4.197797,7.886540,1.026781,0.942820
13.704681,9.604688,3.307166,5.574219,0.741345,2.672526
26.761175,18.131596,7.792499,11.791743,1.401130,1.855249
5.364841,3.978527,1.682628,2.620440,0.327329,0.211141
8.755814,6.358921,2.642622,2.610878,0.359671,0.108802
12.054566,8.978982,3.921306,5.481325,1.046673,1.332330
24.332573,17.046970,6.842463,9.803071,0.891521,4.529603
7.560211,5.735078,2.277467,7.865345,0.578282,-0.093909
41.513596,25.727278,12.719873,16.952549,2.715183,12.619865
19.195724,13.525756,4.906104,6.845774,1.533381,1.476305
10.047286,7.011141,3.394937,4.809216,0.476967,1.674590
10.105376,7.380623,5.676525,4.926609,1.244678,4.481771
14.362388,10.110864,4.062317,4.281219,1.238396,2.585134
6.429859,5.126937,4.903605,5.803052,0.429180,1.589869
53.294182,21.368511,35.579853,47.114082,5.782524,11.927372
6.551988,5.059480,2.744011,3.136868,0.573494,1.178256
14.604041,10.459054,7.246862,8.627365,1.185236,1.573106
14.188211,10.097515,3.244092,8.840697,1.027365,-0.646772
10.906922,7.716175,3.927571,6.019181,0.419717,1.863825
4.698781,3.487705,1.437436,4.300162,0.294593,0.045631
8.576246,5.772238,2.915703,3.242580,0.347416,0.540611
6.553600,4.707388,2.453227,1.824616,-0.340976,0.346466
12.100755,8.826463,3.646105,5.037977,0.608191,1.361594
6.984342,5.117066,2.428931,1.147362,0.809993,0.624619
4.067463,3.127279,1.610952,3.433702,0.278320,-0.765221
22.541374,16.365993,5.659596,10.266129,1.019226,1.058807
11.068241,8.150804,9.484038,14.593412,2.014182,1.263057
20.209455,14.073998,9.665704,11.446136,2.567044,12.209203
5.137014,3.534534,2.358687,2.706855,0.477713,-0.318481
4.211467,3.194844,1.458964,1.958223,0.073084,0.606413
39.630386,24.283363,18.315521,21.825382,3.216912,7.465330
61.726757,24.280170,27.539221,37.403168,4.951018,9.734632
14.074716,10.206349,4.078785,4.593709,-0.147490,1.146030
11.801092,8.372766,3.378997,4.485975,0.569957,0.096175
6.360602,4.782922,1.693582,1.066338,0.217648,1.503295
9.646189,7.103655,4.122710,4.533859,0.912725,2.159201
14.075294,9.822695,3.230318,5.040796,1.174728,0.989513
8.693720,6.073076,2.396700,0.402309,0.721275,0.958922
5.006965,3.465814,1.755629,3.644315,0.927983,-0.124621
18.989862,13.800129,10.660465,11.663687,1.318215,6.737833
17.109711,12.015552,3.363762,2.972178,0.957481,0.344476
15.075118,10.924116,4.717944,4.893453,0.855859,2.477407
6.449099,4.447887,2.113759,2.327199,0.226143,0.520673
16.068045,11.476487,4.145607,3.149867,0.625376,1.188810
27.773434,19.489431,7.097883,9.409994,1.803486,3.301724
6.864950,5.300501,2.420038,2.624793,0.199878,-0.310565
10.681649,7.955097,2.848544,4.728520,0.341768,3.627286
10.766943,7.823736,3.449283,5.931350,0.793064,3.471494
26.881750,18.794735,14.572661,20.864071,3.503793,6.885432
15.152329,10.578098,3.681736,5.323264,0.529653,0.876713
27.100754,19.472898,8.036966,9.915816,1.390750,3.327055
55.667549,21.492805,21.623756,29.492327,4.124206,8.714099
68.916893,21.592638,26.435177,39.908234,4.425680,9.291507
16.424086,11.552681,9.063935,10.219271,1.548865,1.914153
4.526176,3.395051,1.530879,1.284406,0.472137,1.393626
8.484145,6.023366,5.934036,8.705125,1.734676,0.509147
30.385290,21.264965,28.432528,34.607944,5.567084,10.179416
14.454673,10.324103,4.865621,5.395799,0.117672,0.784950
16.087982,11.698533,4.081411,5.699534,1.049838,1.889139
12.459662,9.230886,4.051575,6.246513,0.582559,-0.050925
6.789954,4.972782,2.851007,2.983879,0.029252,1.423050
8.635343,6.100235,2.837496,3.177883,0.010064,1.351001
11.406323,8.019216,3.878736,5.325548,0.930308,0.141636
6.526325,4.754121,1.942116,2.786217,0.723091,0.534785
8.535270,5.763696,2.909848,2.559840,0.879885,0.435015
28.286003,17.881357,11.867692,20.221525,2.220534,2.174351
6.085215,4.427237,2.352505,2.241504,0.815801,1.283920
4.619018,3.200929,1.839808,1.708496,0.867874,0.864559
48.028301,26.584888,60.582108,69.980690,7.890227,14.120479
7.013698,5.219343,2.035255,3.781298,-0.048894,0.760083
10.715800,7.942632,2.801121,5.780205,0.773876,2.458843
12.578405,9.016175,4.013085,4.340312,0.306246,2.501471
5.110491,3.584506,1.958486,0.798425,0.333458,-0.177079
11.822424,8.683661,3.690604,5.159882,0.649507,0.063539
4.744049,3.192310,1.648178,2.985235,-0.019213,0.787292
23.918024,16.785160,6.737360,9.642179,1.335488,2.121822
11.499103,8.204846,3.230119,2.691850,0.316011,-0.296017
19.771536,13.913488,5.937688,4.457990,0.800953,2.843459
33.872917,22.724827,8.407096,12.296293,1.451725,5.796165
7.193463,4.836775,2.303209,1.930089,0.573881,0.436306
78.296448,36.962315,56.920937,71.617088,9.505377,21.231981
5.741178,4.292864,2.459705,2.992833,0.085238,1.344980
12.442725,8.896651,3.365243,4.138042,0.487323,1.729598
9.242330,6.369080,4.697723,6.729017,1.114710,5.329996
25.073400,12.962068,6.639175,7.004462,0.780064,6.040476
39.105503,13.663326,10.822117,14.093964,1.815040,9.091550
46.154182,20.099800,15.267292,19.249538,2.129947,9.156771
84.356415,32.236603,59.799809,71.149506,11.766848,43.475533
85.010910,33.896889,64.826080,85.471237,12.924864,39.750668
29.708208,13.448129,14.758188,29.806189,3.369744,5.169186
13.187652,9.465713,15.121926,20.402153,2.840080,6.797755
54.893715,34.927402,52.865417,70.262650,9.561662,26.625412
14.626753,10.070089,4.536212,5.478357,0.512277,0.008158
22.105143,10.091158,6.598878,10.969226,0.764448,3.510143
9.014588,6.354389,2.807662,1.372984,0.804206,0.616289
4.698287,3.300234,2.050170,3.138074,0.099143,1.115012
16.682352,12.080241,3.971878,6.868682,1.420861,2.016101
7.318089,5.370256,2.213250,1.346305,0.402609,0.445093
12.465401,8.968754,6.584621,9.371120,0.945172,1.745115
10.553886,7.594738,2.338910,4.778282,0.031945,0.834025
14.263680,10.085493,4.821723,4.435943,0.922105,7.002103
12.949750,9.037086,7.577371,5.867206,1.123484,1.813251
7.162400,5.395075,2.086546,3.257554,0.611905,0.237564
4.272626,3.212529,1.478150,1.809675,0.456286,0.625931
4.341949,3.347976,1.602300,1.523633,-0.042802,-0.138786
17.147301,12.353343,5.538035,7.870232,1.023673,1.905387
17.150743,12.483539,8.896452,12.251998,2.480189,4.583294
19.254318,7.523686,5.941550,6.116709,0.815928,1.116532
18.170624,7.608087,5.868126,7.480534,1.029042,1.046874
7.868556,5.552943,2.295069,3.087128,0.484118,4.246265
45.302876,17.563700,26.295977,35.128864,5.450080,9.961307
44.384022,17.571953,31.055019,50.080349,6.615407,11.530203
53.666397,25.868933,50.331142,68.250107,9.797099,38.028038
65.410912,27.516649,51.902485,75.983528,10.546733,42.626003
26.569979,18.662582,7.932533,12.563523,1.171984,4.939843
4.673491,3.420888,2.466268,-0.337247,0.165247,1.203692
16.539787,11.750379,5.770198,10.135630,0.857956,2.405842
5.466708,3.612576,1.949134,2.401569,0.559537,0.215307
5.552391,4.074819,1.923564,3.318388,0.574768,1.184842
4.243080,2.956848,1.656759,3.844089,-0.072216,-0.345827
14.025495,8.107580,6.561722,10.186316,1.616719,1.921641
7.885081,5.830184,2.662186,1.550549,0.267566,2.751149
6.481597,4.969362,2.173130,3.109190,0.727064,0.170371
18.172962,13.147110,5.916943,9.331896,1.030900,4.051696
23.290367,16.623941,7.337814,9.549391,1.953776,3.203424
42.521763,23.732506,28.766050,41.497433,5.036277,12.981314
67.062469,39.206676,69.456924,84.013672,11.269987,11.305268
58.782871,28.518679,55.894485,76.960823,11.833499,19.393105
30.088409,21.106915,8.033879,6.850417,1.319178,1.361427
36.044613,18.053518,12.431720,12.050750,2.949219,33.085239
36.159931,20.220274,46.857025,56.485516,8.596383,28.281502
12.860847,9.374236,4.686870,9.550969,0.860143,1.256709
9.228707,6.478823,2.930384,3.173793,0.234202,0.093450
8.919798,6.739651,3.597473,5.193877,1.427050,1.255724
12.117552,8.439764,4.133848,3.102630,1.185559,0.760193
20.400518,15.027914,5.315898,8.268166,0.497787,1.007096
8.633001,6.384998,2.902455,3.325669,0.771470,2.039730
4.857788,3.891335,1.626631,0.864687,0.487693,0.385170
15.009313,7.257337,7.981446,4.933897,1.401268,2.702190
11.450063,6.407152,9.347987,11.060863,1.679283,2.954052
10.681689,7.489814,3.110931,8.692761,1.132462,1.673460
57.244095,27.121550,37.973240,70.442451,9.007655,12.429706
54.235592,22.614849,41.345955,70.452240,7.295043,18.196964
184.940765,42.839462,462.691467,588.452271,86.027420,310.209839
128.908905,35.707928,291.445404,384.473846,51.427517,120.529816
84.005325,23.000547,170.219772,235.578751,34.793804,99.405174
100.917114,28.947515,116.447624,180.172989,28.243408,93.465813
129.084488,34.217690,97.127876,158.932465,20.671307,42.933929
106.972855,34.260605,77.693535,123.440620,16.955091,42.508266
89.570282,25.199543,71.092369,133.559967,24.506224,66.452232
70.371277,23.845085,62.697655,118.328300,21.994854,51.130596
21.431480,14.651416,10.589641,19.845352,3.672580,5.932642
26.270647,15.734585,9.976808,19.428944,3.577634,3.824829
37.155636,23.435438,11.195839,18.156361,2.788042,4.950083
37.789261,23.064304,34.210190,50.261841,6.913859,15.579407
12.975818,6.884331,32.180534,54.217705,6.419222,13.517351
75.887833,41.544327,110.351601,157.126526,19.969391,37.451836
79.819229,32.450779,144.639297,171.538940,27.258442,71.119156
71.650101,30.673576,150.229645,187.942413,28.181908,69.985420
100.262848,31.892178,176.145752,240.319580,33.273880,58.646244
4.007311,3.147438,1.678320,8.563719,1.080655,1.197510
34.669689,20.306633,54.088306,65.713562,9.876330,21.851103
3.863562,3.193264,1.482717,3.762986,0.252785,0.437348
23.026340,16.552574,8.241097,11.084168,1.232721,3.410022
22.989061,16.630600,8.042125,12.191554,2.132584,2.295388
7.088990,5.259182,2.261975,1.540317,0.084774,-0.446799
28.536644,19.865870,11.245959,12.206270,2.148170,4.075550
45.810925,31.696905,20.716373,17.235796,3.221783,4.876246
12.660904,9.085344,3.179190,6.961679,0.602884,0.786579
78.871437,48.342316,21.902624,25.830513,37.690361,2863.957031
4.339342,3.317623,1.553654,3.889445,0.079852,0.625985
17.609089,13.235865,7.135779,9.957903,2.018863,4.000320
31.546471,22.494841,14.434868,13.725937,2.747526,6.224780
19.850780,14.459924,8.416925,12.038528,1.291582,2.045539
4.118845,3.069391,1.555733,-0.456511,0.224974,0.844244
13.658174,9.697958,3.796516,6.203414,0.132087,0.523578
14.520199,7.600789,7.115885,11.907352,1.122643,1.064909
12.360925,9.214796,5.727587,3.521952,0.721212,1.592429
10.331412,7.336266,11.149247,17.338072,2.321776,3.074118
8.815401,6.625009,2.677282,3.460418,0.148539,1.503792
15.195935,10.817241,4.920198,6.373140,0.757828,0.755347
6.242092,4.137478,2.399739,3.735747,0.505531,1.644912
5.585908,4.126657,2.163485,2.306110,0.328958,1.438083
12.152113,8.618211,3.869745,3.344068,0.225943,0.823813
7.195148,5.084589,2.386227,3.630092,0.789539,1.686491
15.847816,11.606683,4.431249,8.223665,0.805743,0.561182
9.548606,6.794755,3.554811,3.520930,1.046257,2.046560
7.907891,5.423015,2.336978,1.071734,0.707979,0.163135
7.772236,5.407297,2.562509,2.537885,-0.201117,0.625421
3.958767,3.210052,1.564801,4.338025,-0.237429,0.195357
22.540337,15.740227,11.396510,12.782681,1.797899,2.885918
5.033949,3.628610,1.827037,3.582339,0.224451,1.781971
8.547963,5.883000,2.958350,4.289659,0.694704,1.932722
11.542148,8.372058,3.269044,2.806359,0.508285,1.435631
13.028166,9.632689,3.111596,2.122485,0.665457,0.408559
8.500975,6.340379,3.078048,4.170666,0.557482,1.395495
11.373458,8.035704,3.530145,2.673758,0.341493,1.752802
21.777281,14.723603,22.159645,24.785242,48.376793,2985.321777
38.977959,22.436207,10.866076,15.505691,1.761387,2.640920
8.542109,6.212385,2.673886,4.384344,0.283105,0.702489
11.061841,7.893425,4.230289,3.132916,0.463381,2.792600
6.146308,4.646561,2.401197,4.046875,0.407196,0.327122
82.039497,36.711636,33.114326,44.147079,7.777156,21.681335
16.294197,11.665970,4.384231,4.601961,0.451759,1.227605
10.878136,7.967233,5.429814,5.257123,0.130468,0.422515
34.578716,19.507494,11.729300,17.475321,1.921401,4.747305
50.452457,19.606604,16.543941,25.940989,2.756251,5.978381
36.771675,17.983252,11.693451,20.012053,2.795735,4.096723
8.155382,5.709539,2.866728,4.198532,0.825049,6.643728
9.169232,6.723913,3.554087,4.250060,0.722994,-0.259309
12.254454,8.920568,9.762671,11.984867,0.872105,8.602816
11.275045,8.134025,4.007013,4.441919,0.283566,0.082739
13.908673,9.845559,3.911448,6.333231,0.373281,0.412510
6.113524,4.709063,2.387447,3.437005,-0.204390,0.911740
28.932905,15.666084,17.563757,23.082737,3.295921,9.934366
6.591048,5.016788,4.290469,5.865467,0.719094,1.530766
42.365570,27.472588,14.372338,24.210810,3.041943,2.743737
37.827694,23.369398,37.006416,44.563770,7.197233,31.400677
17.211176,12.306817,7.144254,5.799983,0.681393,1.666081
5.545700,4.114465,1.664432,2.846547,0.234058,1.026186
26.609428,18.652939,8.362302,9.660182,0.912576,3.962981
12.484065,9.163991,3.540941,6.175571,0.774449,-0.693235
4.838293,3.306990,1.957693,0.845085,0.206805,-0.627001
12.652046,9.230218,3.811307,4.469608,0.748094,1.156967
6.148151,4.253646,2.164572,0.177627,0.393955,3.832827
15.956935,11.570358,4.508938,5.253619,0.785963,1.711940
7.450099,5.297392,2.077558,3.997736,0.203418,0.803009
8.129191,5.679859,2.883196,3.382180,-0.119479,-0.104498
10.237962,7.122660,3.129469,3.768362,0.352164,1.287700
9.985137,7.208828,2.919431,3.074340,0.527939,10.161184
65.892654,25.436037,31.577141,39.832561,7.490472,12.436160
69.579521,29.857576,43.964600,70.723038,10.317231,15.476892
21.582111,15.819471,7.757773,7.719790,1.392703,0.974539
35.984093,13.925336,14.616534,19.315720,2.591516,8.892015
34.185635,13.899911,14.612633,22.559399,3.024394,8.705816
37.065140,22.302019,20.243326,31.818136,4.198899,22.401714
6.825158,5.048738,2.699838,3.211658,0.207575,0.799857
12.748866,9.185202,4.776160,8.659979,1.176071,3.550803
5.966414,4.512161,2.151964,3.193135,0.077648,0.351065
21.091185,11.306046,8.027337,9.628832,1.085788,0.838305
39.143749,25.630367,13.859926,19.919231,1.935268,3.485405
4.599770,3.746002,2.162462,-1.109185,0.514624,0.641979
45.901073,22.367355,14.085694,18.818657,1.669201,5.833162
4.729421,3.520397,1.744986,1.433516,0.115020,0.392855
44.609509,21.587618,38.674091,41.932590,6.205857,16.771673
61.525688,33.901600,102.042358,111.299210,12.924284,47.413044
15.381181,11.202677,7.570736,3.988456,1.651840,3.005539
6.815759,5.152287,2.307425,3.184287,0.179195,-0.371441
65.170464,37.168354,50.520283,63.535290,7.643683,17.603003
17.707388,12.498606,5.714724,3.860225,0.807341,1.191576
31.562954,21.391441,15.928929,15.293533,1.921409,4.522481
13.054372,9.309705,4.198835,1.766117,-0.006711,0.820390
15.423102,10.787567,6.681710,9.529349,0.562117,1.887913
4.000119,2.984787,1.571876,3.381932,-0.256456,1.395752
22.966255,16.404030,6.841715,9.628886,1.050629,1.462187
6.568175,4.420628,2.560676,1.417105,0.801918,0.158879
38.431427,25.132830,14.511929,22.758738,4.133763,2.824150
10.328178,7.399722,3.002554,3.613248,0.266024,2.159960
9.305881,6.422060,3.035780,3.420983,0.968269,0.656452
13.587572,9.842435,3.712001,3.140777,0.465120,1.117645
5.853269,4.183602,1.913943,2.707639,0.089373,0.196300
12.171538,8.663944,5.822376,8.078353,0.799980,1.765125
9.492770,7.093288,5.074741,5.942600,0.114115,2.595769
12.619890,8.921090,4.345710,2.411372,0.589268,0.245466
13.605605,9.540293,3.384401,4.043979,1.002984,0.449639
15.480519,10.978120,4.761734,7.665494,0.697587,0.863200
13.783023,10.179952,4.468025,1.231081,0.060382,0.896217
12.498003,8.987514,4.426343,3.309646,0.266507,2.687361
13.288026,9.273698,3.415689,5.339647,0.029982,-0.412724
10.052421,6.905413,3.748203,6.647170,0.212709,3.231102
9.761786,7.063341,1.391613,3.417386,0.765186,1.183341
34.376572,14.655871,26.551218,32.679783,4.768034,8.024814
11.000153,7.808084,3.074387,3.885005,0.100981,0.417919
10.957421,8.191178,5.912781,5.545892,1.414776,2.743744
12.201127,8.446148,3.651519,6.287446,0.663026,1.837310
34.836899,19.142563,9.238796,11.988489,1.311714,1.992692
21.383875,14.648764,7.830745,9.938592,1.194238,2.445239
39.922974,25.811668,26.421764,27.685953,4.725677,6.340108
41.593788,27.003492,21.102480,30.691822,3.533520,6.142439
22.099154,15.385358,6.400080,8.303402,0.920342,0.653312
34.666447,23.760767,22.268333,39.364658,4.862347,6.118699
9.938620,7.270792,3.196923,1.848840,0.081051,1.077772
6.213437,4.447913,2.302096,2.669742,0.087011,0.394016
40.768700,25.370363,10.123458,18.765158,2.423938,2.226629
16.235901,11.658937,5.158512,9.320094,2.112935,7.518764
7.708692,5.477627,2.806499,3.533557,0.277081,0.728927
11.812097,8.512620,5.066357,2.681620,-0.571762,-0.179429
14.171968,10.034739,5.218792,7.898797,0.555965,0.415813
8.693134,6.172314,2.991596,2.485523,0.366094,1.699497
8.967127,6.479754,3.134650,0.779828,0.780394,1.632467
5.618403,4.013750,2.010619,2.341991,0.308090,-0.023998
4.709341,3.186821,1.802605,3.492655,0.166791,0.647064
7.588068,5.634154,2.456564,3.707061,0.199702,0.704334
8.409522,6.110802,3.123442,5.159171,0.847718,-0.021993
14.253042,10.313857,4.358164,6.632422,0.194605,0.486912
31.043421,21.063902,27.594049,42.622337,6.346241,17.491777
4.798621,3.087962,1.772277,3.154639,0.607880,1.545280
25.674982,17.642153,17.634584,16.358757,2.957741,26.807121
22.286381,11.950762,6.941666,11.121111,1.501735,1.631300
43.621086,15.694358,12.256803,20.396660,2.527724,2.259624
38.730759,18.036167,10.878860,19.438637,3.191131,2.146574
17.353100,12.239400,6.651502,4.847052,0.821310,1.096656
15.261365,11.355128,4.386793,6.754518,1.651009,0.877415
5.931663,4.338552,2.036977,0.002969,0.769343,1.604488
61.145256,25.118095,51.992794,85.908493,12.031149,14.590040
52.998772,21.155041,50.769657,103.358948,12.805987,13.750925
53.936520,30.392864,53.688820,59.480595,10.892534,18.278448
71.795792,37.532768,113.916847,125.826927,17.145231,29.693327
75.254913,39.392384,62.719891,92.548531,12.852365,21.360798
137.681473,51.551182,158.281662,188.336411,26.902237,62.891750
179.702866,53.260620,214.397903,276.230499,37.204323,82.522812
154.442169,43.418415,156.475830,239.886734,39.425034,101.707436
108.031799,41.814331,146.211853,226.800858,31.534374,86.982254
78.299149,33.041485,91.503937,132.987167,21.373972,71.813858
32.263138,13.943047,14.085965,30.900330,5.407263,5.233394
26.961000,11.907069,11.706779,29.846018,4.497145,5.909298
171.856476,59.475819,297.470245,351.072327,49.494984,184.961929
46.090656,18.895739,29.357662,55.364250,7.359917,9.365743
78.652168,28.037582,37.228642,55.248135,9.369777,15.393500
87.786942,27.995958,41.871563,61.029976,8.940968,16.785637
99.809639,34.688728,66.624886,95.259041,13.124244,27.669338
112.088539,34.713249,87.413841,112.511322,16.926497,40.044796
121.761559,39.276344,97.694778,148.780045,22.714437,85.285316
132.631775,39.103470,125.012833,169.528000,26.292734,96.883156
107.266846,26.883333,114.271301,161.304367,22.815422,54.503429
84.753899,36.621243,61.261414,101.137428,13.103471,22.277182
69.315544,24.765728,50.247444,69.909019,11.020743,15.341614
75.851379,21.244017,67.827042,89.549431,13.356894,23.997154
117.829247,38.672039,109.853172,152.727188,21.000767,48.493198
95.479454,31.482584,104.157188,126.424553,18.250198,42.253437
39.258495,16.628080,51.208618,61.973373,9.211396,14.318401
66.004761,32.113811,45.696404,68.053215,10.910959,36.841133
22.796167,14.927268,22.954109,34.258175,5.338922,37.169178
33.774166,18.666801,26.895092,37.824543,8.463705,52.669514
53.081181,19.296734,73.447105,94.577240,15.431412,87.841339
48.075230,25.469685,22.864878,37.084755,7.195185,23.950914
35.517960,19.701399,33.934250,57.854515,7.202591,10.701717
79.374947,29.104895,131.997421,175.284363,24.651968,30.823843
123.150070,31.529985,172.305511,229.921249,31.178282,53.359226
110.186226,32.980293,119.700531,182.899109,23.768423,43.338100
48.291519,19.634415,15.255602,24.946896,3.852378,8.868907
71.644241,22.202898,31.268702,46.687943,7.849028,16.571833
59.700397,17.551184,39.714493,64.473083,9.751367,20.774239
130.044403,33.824127,119.903603,158.959793,21.338478,39.036633
19.163397,13.636358,11.446599,22.397879,3.918381,4.631129
26.928831,17.569345,9.434806,10.174333,2.532145,4.457092
65.208298,27.306051,18.535044,30.040941,4.051271,8.466431
67.634750,25.684101,20.296368,36.031185,5.474851,23.686026
25.919130,11.059039,15.025260,19.533640,3.446477,8.199236
22.499662,9.682027,17.146482,22.364655,3.393789,7.764913
13.698864,9.678821,3.869592,4.212512,0.440610,2.414324
8.896070,6.435277,3.342679,3.328163,0.568102,1.199625
7.693452,5.604122,2.964749,3.286873,0.598227,-0.024682
5.099575,3.635825,1.907592,4.752070,0.892048,1.026692
4.402951,3.445391,1.813226,0.160044,0.213008,0.772955
9.760443,6.947342,3.950253,5.158438,0.721948,2.703820
12.396150,8.950831,3.815805,3.532230,1.096564,2.068346
4.156526,3.056022,1.375085,2.610787,0.049094,0.548029
5.630959,4.026136,2.251193,2.718371,-0.076489,-0.152713
6.570486,3.553050,2.606889,4.874782,1.047122,0.533183
5.721389,4.433355,2.062673,1.178252,0.842317,2.964248
7.331620,5.321476,2.733208,2.227613,-0.079175,0.270907
21.542940,15.087221,5.658023,9.767745,1.166160,1.663603
10.783583,7.937587,7.751286,13.801528,2.049342,4.249515
18.141550,13.432892,4.560435,5.203091,0.594099,1.673206
10.021928,7.512042,4.633970,4.114198,0.521495,3.971574
6.711723,4.910913,2.237792,1.800104,-0.027756,-0.378407
11.179073,8.197030,7.180856,13.860879,1.744434,2.940067
23.781340,16.341942,19.244661,24.486288,3.224270,13.955670
25.668404,15.206064,10.153661,18.901779,3.046430,3.664743
19.081146,11.255353,4.682035,6.463387,0.915317,2.158048
6.806587,4.700881,2.317261,0.069550,-0.020069,1.217465
17.410061,12.426353,5.220304,7.097935,1.191757,1.993804
15.848897,10.994311,6.136113,8.028262,1.194553,1.464983
35.282055,16.648148,11.500942,20.132383,2.935272,6.142971
13.196137,9.815469,4.557013,2.670520,0.848526,0.776230
7.183643,4.860135,1.814870,3.468744,0.085755,0.783183
31.271238,20.009113,25.096100,36.159225,5.760712,31.890436
23.579821,16.325260,12.881227,14.932982,2.450768,3.363870
16.049730,11.327516,4.090820,9.772632,0.764242,1.575050
48.961746,23.703455,27.814690,34.989307,4.899266,10.965932
73.065643,25.025450,46.918247,63.440041,9.348429,15.925106
46.402660,20.447510,36.147511,61.973297,7.676700,11.293025
13.005305,9.180685,3.728002,4.966278,0.669360,0.039291
11.053275,7.559225,3.532544,3.813094,0.317374,0.497731
14.178761,10.074044,4.309105,5.107281,0.865595,1.454281
35.728958,23.591782,16.572590,25.667786,3.793554,6.281813
8.388730,6.245880,2.874071,4.127132,0.625107,1.074112
4.661977,3.710122,1.301468,-0.288195,0.145606,0.176752
10.656849,7.863789,3.073568,6.326090,1.004644,0.933313
16.085224,11.743895,5.683421,5.710946,0.667888,1.101582
6.836188,4.983003,7.772577,11.454659,1.825437,3.106553
11.124746,7.653859,4.554906,6.322262,0.724747,2.790871
6.105629,4.723395,2.082374,0.835877,0.557118,1.271087
24.260204,17.510941,7.171751,9.333090,0.789840,3.415286
4.137712,2.926739,2.104256,0.715020,-0.180334,1.107043
8.469260,5.806859,2.958344,3.661844,0.521432,-0.395396
4.582310,3.506814,1.578363,1.468463,0.593361,1.839735
9.606667,6.831319,2.317331,4.494480,0.825582,-0.305747
4.206461,3.280355,1.823811,2.395340,0.058676,-0.117602
9.304320,6.749341,3.879531,5.197411,0.510641,0.795317
4.534115,3.391170,1.826639,0.903401,0.270766,-0.007224
4.197412,3.142385,1.723240,2.089279,0.402992,0.095370
5.044232,3.658242,1.673244,3.045246,0.451381,0.111459
7.779589,5.246415,3.916614,5.517307,0.510787,-0.005903
14.246070,6.219864,4.346100,5.336639,1.067926,0.894369
14.292510,7.814147,4.615149,9.030829,1.029016,0.920615
39.497089,17.291927,17.937254,20.811701,2.580156,5.103873
34.108482,15.312089,17.530001,23.535843,2.912953,3.060155
45.323715,29.430792,33.606117,51.778851,6.872746,17.263060
7.452773,5.630958,12.913088,17.524523,3.230017,13.836296
10.148628,7.004369,3.014612,5.075665,1.227653,13.162645
71.591652,27.835457,28.141535,35.639324,4.569719,7.187048
63.572407,29.356920,24.771397,34.540123,4.363998,6.645211
56.085758,25.467398,22.923840,28.446848,5.205269,20.129705
61.551620,30.899723,32.761391,50.918663,7.247652,28.502342
5.555097,4.280347,2.081396,1.249821,0.236045,-0.445443
5.019541,3.773968,2.036624,1.788271,0.357399,0.331902
22.700512,11.960612,8.074045,14.211827,1.611446,2.413370
11.678658,8.651331,4.253249,6.731515,1.007903,1.107688
6.780495,4.907494,2.963217,3.652635,0.991968,2.101312
14.666994,10.600729,4.377516,5.396528,0.807881,0.826200
9.581220,5.213979,4.291955,3.907352,0.956871,0.853793
9.006394,6.170344,2.772677,4.437772,0.690188,0.779480
24.049095,12.307016,15.141650,18.451262,2.839005,9.542032
26.761786,8.843517,22.265797,25.479244,4.340652,10.975358
41.946037,24.003958,47.521904,54.130211,7.966136,10.715754
22.734991,10.256131,19.813940,27.328909,3.446293,2.820072
13.742994,9.844710,4.335884,4.527854,0.805311,2.296768
5.725901,4.380798,1.958961,2.014513,-0.318645,0.417859
43.128704,19.888805,12.857828,15.362708,1.975152,6.628907
45.169323,24.452230,17.771873,24.701180,2.981474,8.337379
11.968733,8.349215,3.601892,2.667687,0.033036,0.538837
10.914862,7.970121,3.225037,4.130575,0.092695,0.625587
3.623785,2.997519,1.785492,0.900322,0.041516,0.000874
13.450288,9.543880,5.391176,5.536139,0.451257,0.907252
20.153114,14.647639,8.227998,11.740137,2.059420,5.438732
34.120136,23.207550,9.989223,11.735999,1.815547,5.479498
47.150318,23.380367,15.385113,22.225906,3.609241,7.190023
6.384459,4.561430,2.481597,-0.141603,0.494158,-0.222199
11.090544,4.207162,2.647588,4.269319,0.928552,2.132669
48.867645,22.513208,30.422756,46.817959,7.721140,18.034315
9.422670,6.770322,3.004765,4.965946,1.375334,0.612286
8.971671,6.459926,2.458369,3.091234,0.316853,0.354511
23.826002,14.429955,7.322082,10.690570,1.350461,2.544388
5.147376,4.103616,2.282515,3.903944,0.507388,-0.214146
16.896235,12.590750,5.063623,2.716956,0.935825,1.743699
7.391552,5.280998,3.190280,3.054856,0.462418,1.699882
12.755843,9.219674,4.125659,7.155991,0.811497,0.395869
7.775843,5.514811,2.683291,3.624372,0.704662,3.560835
18.911036,12.506457,5.726321,9.836811,1.685832,2.368792
32.397873,17.505161,10.844924,19.089792,1.846141,3.979987
20.557930,14.549224,5.825706,6.969150,0.586456,4.468683
14.662937,10.277906,4.546927,6.893464,1.142883,0.568009
7.432512,5.418561,2.612315,4.668776,0.441512,0.957429
7.277958,5.229648,2.242625,2.776007,-0.025507,1.107304
21.098038,15.386276,11.483921,18.496088,2.225117,16.337282
5.643767,3.923951,2.066810,4.586728,0.937488,1.308187
15.114556,10.656914,7.607387,14.098412,2.669055,3.329553
4.675214,3.390397,1.797979,4.037348,1.128298,1.742734
9.734479,4.003281,3.989686,5.974172,0.962299,5.023744
52.060738,22.104277,38.376450,55.363274,7.409133,10.956405
59.502541,22.150278,41.509136,65.418846,8.522474,11.369073
48.156605,27.147360,50.789494,79.517563,11.575811,24.203169
42.419163,20.031837,41.802719,68.164818,9.100911,18.350092
42.168102,19.234476,27.591593,42.437626,5.346869,12.070839
34.855450,14.058147,20.318069,39.523304,3.985542,7.819093
36.847187,22.379723,40.168713,56.188122,8.842687,26.570297
8.337478,6.047554,3.124167,4.494576,0.899722,0.632728
49.159203,17.025173,35.653835,47.334854,7.680704,17.751177
124.079056,48.604870,126.173782,170.422623,23.314985,45.340378
197.168976,62.696232,231.463730,340.185913,48.036167,148.309921
48.866425,18.823057,73.070717,82.477188,13.964970,41.399094
20.654455,11.782717,22.952503,43.913467,8.210808,12.913358
224.408279,67.525154,377.563812,495.421783,71.259476,172.155685
42.964500,19.856958,14.814030,42.388630,5.423768,6.772211
82.541779,28.190170,99.692322,134.282990,19.303555,25.831350
61.270092,24.827496,56.219482,94.582207,13.013251,24.220171
72.056480,37.341076,94.560829,118.986237,17.833422,42.235199
55.325478,23.277618,41.169708,61.129578,8.683406,13.453649
76.651627,23.893612,73.769844,105.294991,15.212703,23.408854
92.709991,31.175632,107.568611,160.912018,20.001633,31.209469
89.941170,27.316931,90.854446,133.086395,17.860781,42.134701
80.457413,27.377470,86.010452,128.158340,17.199404,39.939678
18.149036,12.848102,5.700297,12.560003,1.522543,2.614410
49.068481,26.777727,81.907112,104.748146,13.854525,39.254509
22.778635,15.951367,7.346352,15.407239,2.333543,5.071968
35.280243,15.156651,14.539108,21.517471,3.969206,8.035905
50.399506,15.256107,20.215380,29.461346,5.361235,9.048343
46.503185,12.452971,17.785322,29.170837,5.018266,6.584954
32.234291,12.314760,9.570642,19.288422,3.763758,5.385460
52.850204,25.352335,55.974434,77.073776,10.727983,21.347946
30.969435,14.378029,21.842537,42.085079,5.358748,10.177673
106.083778,34.729366,178.333099,225.387787,29.734329,57.556915
142.928604,43.069485,375.814117,516.806885,67.415466,132.495575
177.841278,54.281250,224.351822,313.101349,46.329578,142.158051
108.186264,35.104637,101.015488,150.826416,22.506725,78.862061
55.921448,23.646175,78.882195,134.106750,18.847618,26.691891
8.874324,6.732737,6.305633,19.809225,1.927472,2.120969
77.853455,34.522884,56.301483,71.290123,10.342601,15.078135
69.611252,28.919350,28.256495,45.991329,5.963219,9.046018
28.428274,15.621753,14.520329,26.720276,3.213104,7.105932
17.152281,11.739380,5.105231,11.884221,1.767393,2.023288
29.197279,20.584856,9.009905,14.065065,2.133914,2.771708
4.658942,3.473993,1.421001,2.149723,0.042774,1.202511
9.629949,7.528211,3.163363,4.657303,0.162841,0.604674
13.041953,9.023448,8.901057,10.953153,1.845991,12.718105
16.101742,11.369176,4.708961,8.210964,0.547523,0.252569
13.221622,9.718269,3.700295,3.299369,1.248211,1.826970
8.247437,5.993112,2.598248,1.105215,0.972758,4.439025
6.706845,5.164262,5.752803,9.253034,1.864506,7.188144
25.801268,17.296322,23.978863,19.662516,2.757691,3.920275
5.813847,3.669316,2.420678,2.119822,0.219757,2.020777
5.212648,3.302117,2.364918,2.248088,0.093557,0.624414
5.445997,3.856018,2.347234,0.272045,0.170709,0.435536
12.572398,8.021097,3.811125,4.375779,0.790905,6.399530
12.125223,8.421496,3.304815,3.411347,0.339959,0.616673
19.080404,13.403744,5.152544,10.105061,1.222135,0.302683
19.096874,8.201021,6.491743,7.774536,0.980542,3.773753
23.148705,13.043890,10.038741,13.024710,1.841267,3.531914
5.029684,3.607060,2.057561,2.552428,-0.003970,0.713178
5.636070,3.780767,2.545575,1.640319,0.151667,0.291057
10.080060,6.761953,3.481294,5.180585,0.336281,0.031202
5.485329,3.130171,2.086690,2.560620,0.215220,0.669059
8.942947,6.564807,2.839723,3.169502,0.441632,0.093831
20.562597,11.780378,10.407053,15.547472,1.773544,2.639140
6.270438,4.322717,2.281219,3.368272,0.186609,0.438615
5.431966,3.932172,2.232576,4.147810,0.132534,0.846553
4.725483,3.425848,1.872759,2.239012,-0.215773,0.854998
7.447326,5.283556,1.985067,4.250834,0.550816,0.116329
43.070675,17.043310,22.677053,28.983662,4.602545,38.104736
12.182895,8.746583,3.586045,5.496719,1.186338,5.053862
19.845955,14.777386,5.403821,7.024212,1.222226,0.819899
16.664351,12.029177,5.505221,9.068686,1.639560,15.939159
80.520546,30.251909,19.720966,32.690285,5.886333,10.193497
84.431007,30.277554,21.709785,34.390484,5.833220,8.864944
11.657762,5.162158,3.704441,3.216862,0.989415,1.050187
18.609627,13.752978,5.070099,6.229444,0.961873,14.924711
19.719210,13.536254,20.429092,22.923515,2.506302,3.247400
10.097363,6.190052,3.996707,3.400622,0.736608,1.413910
8.258451,5.673208,6.785092,9.916572,1.461911,1.415098
11.539462,8.121328,3.617599,1.467995,1.228615,1.423825
5.032092,3.808254,2.008337,1.697629,0.389764,1.068650
18.788561,13.548830,9.985180,11.122197,2.670540,19.597872
7.622113,5.605753,2.274455,4.478625,0.151756,2.040980
4.439949,2.960736,1.854946,2.615214,0.193620,0.686375
12.354154,8.908878,3.010728,5.443668,0.463394,0.060421
23.748440,17.294952,19.567581,21.455889,2.881580,3.457494
8.245504,3.175357,2.201104,2.213738,0.404991,0.751398
24.292677,16.576576,6.225728,9.767243,2.004494,3.749231
14.255222,9.895679,4.193917,8.229335,1.496042,1.550865
21.725681,15.650537,6.522548,7.320008,0.656639,1.467022
10.285542,7.417737,3.462525,4.885782,0.252518,1.787469
8.033580,5.483632,2.853266,2.003007,-0.078507,1.607674
10.818635,7.933510,3.742681,4.941381,0.183377,1.042089
9.155650,6.444646,2.835256,2.542265,0.620564,2.442981
21.655447,11.681223,7.325775,12.965613,1.560902,1.675315
10.103659,7.092398,3.642773,6.242099,0.418864,0.720710
6.763773,4.724435,2.158305,2.434156,0.469104,0.617744
8.029771,6.143453,3.129618,4.081172,0.503058,0.548048
7.158349,5.030504,2.650693,3.189704,0.379218,0.330842
8.936106,6.298892,2.849168,4.718373,0.572304,1.990064
8.969230,6.474787,3.487029,3.359921,0.834183,2.319562
6.958972,5.154841,2.284900,2.476732,0.508540,0.409022
22.600327,14.850437,12.529446,17.326454,2.573723,3.591479
15.346688,10.773977,5.048554,4.312388,0.494197,3.122461
12.965340,9.232027,4.155754,6.846207,1.196357,2.532776
8.085986,5.497237,3.376674,6.756297,0.834774,1.636918
5.236552,4.081637,2.014329,2.747802,-0.248738,0.731141
4.034580,3.013241,1.569773,2.919870,0.258518,1.025183
18.252563,12.998561,9.130179,20.014345,2.806240,3.019396
6.566938,4.510854,3.400191,6.846684,0.979591,0.266775
39.091267,15.121380,13.564601,21.951569,3.284024,4.109869
72.609871,34.357471,55.237427,96.553986,13.036769,20.836849
80.965797,25.010538,85.770676,127.715721,19.557087,45.171440
101.513916,34.622562,114.711884,146.440445,22.579065,82.659813
135.884735,42.180733,225.215622,324.022278,43.295853,75.165352
145.858795,41.743542,314.490814,381.269135,61.613747,165.459778
140.894257,56.490402,223.234741,311.146240,42.126213,116.787613
106.891411,53.450230,78.316017,122.679764,13.756242,28.917484
73.842514,28.048233,91.142830,117.165215,17.460428,36.906445
62.131962,20.131681,55.934612,94.151772,12.341881,26.101921
91.234909,25.591501,133.784729,172.461456,23.213482,56.418770
135.800735,37.522388,79.666451,105.347351,17.312468,132.196426
130.050095,35.346996,135.742447,194.154190,25.135155,47.393097
10.976557,8.173987,3.283832,5.275949,0.802834,1.165604
13.088205,9.128870,3.732867,3.786659,0.958190,-0.417600
9.279708,6.725050,2.930136,4.594264,1.082323,1.484382
7.397274,5.371379,2.238029,7.602911,0.152380,1.839110
6.981100,5.275142,2.790361,4.287762,-0.259062,0.538325
5.636299,4.078041,2.411168,2.067134,0.533393,2.905521
12.744017,9.386925,4.005815,7.047462,1.076403,1.563896
6.426529,4.669099,2.125846,2.109032,0.252668,0.389157
19.045155,13.563169,6.969181,7.322334,1.327527,4.971965
13.223799,9.289426,6.315452,8.457396,1.145015,0.828660
11.901749,8.675538,6.246793,10.337130,1.185049,4.546556
4.250272,3.093172,1.644776,1.760356,0.621724,3.495355
25.181664,17.704863,19.998207,26.883591,3.654820,11.354089
10.227180,7.563992,2.273272,4.666046,0.898414,0.499015
8.690932,6.526967,3.714722,6.652913,0.387096,0.969612
13.547525,9.706025,4.736335,5.003482,0.689002,1.409698
10.341694,7.610868,3.033136,2.985294,0.169296,2.216899
7.520350,5.504648,2.522823,1.759521,1.116066,0.748383
9.303555,6.900264,3.799072,6.218257,0.933768,2.119876
15.046359,8.680492,3.935366,4.125942,0.117498,1.752521
15.620243,10.409121,7.314295,12.275960,1.159921,13.676054
18.167328,13.090424,5.072408,8.195052,0.761507,2.067662
16.278072,12.120858,5.426229,6.322052,0.672382,2.015278
17.765886,13.185316,6.325616,8.018468,1.773584,30.074152
15.519105,10.737779,5.778975,8.159779,1.251750,1.563357
5.002713,3.762428,1.860533,2.447871,0.202005,1.535017
4.140308,3.133994,2.054660,3.053941,-0.078510,0.032500
13.781077,10.277554,9.174563,11.802485,1.811710,2.483877
14.575811,10.622953,4.697677,6.123285,0.477271,2.042977
27.301146,19.503126,12.539461,19.107269,2.429453,12.831575
4.819573,3.365974,1.827834,2.123814,0.375714,0.246893
6.644812,4.552667,2.789219,2.706920,0.405696,1.696813
10.206529,7.251840,3.198032,3.892513,0.730170,1.253283
14.963722,11.007318,6.894698,8.798200,1.837116,1.444394
4.777668,3.702117,1.853460,0.014617,0.945394,0.611263
6.674251,4.998822,2.454924,2.473628,0.453700,0.053534
35.286739,22.711966,12.487314,18.288473,2.032198,2.953455
7.237222,5.253631,3.640984,4.452000,0.643827,2.144030
10.335485,7.227656,3.322160,2.517292,0.199689,1.503711
11.663934,8.575767,3.671672,4.405854,0.692881,0.569142
12.058858,8.547768,3.587696,3.182750,0.952766,-0.154426
17.663723,12.657317,6.989069,8.097020,1.341101,3.870216
5.764947,4.150922,2.191860,2.000179,0.058601,0.477244
7.875810,5.277831,3.819227,4.722345,0.370629,0.728119
4.238380,3.160832,1.951702,3.335547,0.120124,0.921371
17.779211,12.322268,5.109105,5.566341,0.697638,1.062052
9.256188,6.624042,2.837726,4.019741,0.098625,1.329091
11.435501,8.219038,13.774218,19.688053,2.030617,7.407617
4.418283,3.413899,1.700570,2.332312,0.505569,0.260004
17.341858,12.790176,4.188620,6.402951,0.317762,1.757781
13.759192,9.585571,3.730743,6.858278,0.481697,0.818970
31.626432,11.846907,28.043261,48.051201,5.546379,8.757245
30.470228,11.867809,28.172188,50.853333,5.924659,8.702025
5.361214,3.676674,1.983496,2.564935,0.417052,0.729358
10.804665,7.657285,3.932329,5.643897,0.084267,1.214454
11.329966,8.660934,4.180871,5.890735,1.045801,1.151738
4.808403,3.660899,2.225752,1.662822,0.356518,-0.234359
8.310304,6.291322,2.491096,2.860241,0.812162,0.332909
21.508142,15.533556,6.180510,6.085461,0.499753,0.857713
13.862933,10.078097,3.893337,7.096142,0.588535,3.316286
5.446613,4.021968,2.031064,2.938756,0.608392,2.191055
10.928242,7.825395,3.223444,6.502131,0.609746,2.644240
7.351490,5.380480,2.745550,2.156165,0.452745,1.326341
15.782172,11.188100,3.682089,8.746359,0.214595,1.881256
10.472125,7.422061,3.384491,6.585611,0.904988,-0.424104
20.087723,14.376117,5.892558,9.450189,0.588666,2.777562
29.734341,14.169941,8.440177,9.994672,1.687170,3.550247
28.817110,14.190686,8.765097,9.696641,1.711092,2.998878
14.105298,10.510812,3.829799,6.475016,0.608393,1.386402
8.534863,5.688854,3.286780,4.596519,-0.039051,0.801932
20.533371,14.322207,10.748518,18.018225,2.399806,3.061536
13.668081,9.785016,3.816473,3.705442,0.165788,1.893311
5.778360,4.421911,2.110476,4.145205,0.086151,0.599486
10.489895,7.400509,3.282878,3.794026,0.532826,2.083155
9.118783,6.735430,2.562569,3.476019,0.452706,0.276158
11.760284,8.139691,3.882726,3.023034,0.834316,0.330398
21.117811,15.573406,9.043547,13.264499,2.199925,11.976744
12.230247,8.858430,7.754918,8.395273,0.698533,2.718840
14.049272,10.250028,3.758389,4.680605,1.444173,0.042232
20.391491,14.086559,20.746555,14.642635,2.469868,5.026639
5.585893,4.082700,1.922515,4.964955,0.416406,2.743148
16.844955,12.414667,5.013946,8.233773,0.831428,1.753785
38.191780,25.297316,25.884989,35.920246,3.305231,4.059901
6.490986,4.457522,4.538136,5.984089,0.459639,0.795260
4.960141,3.999604,1.970637,1.604622,0.158498,0.832411
8.590678,6.261232,2.693796,3.385097,-0.112092,1.233586
10.021869,7.314342,3.274277,3.931384,0.748804,0.132534
12.568691,8.763649,3.892708,3.036221,0.678512,2.063353
9.683850,6.658004,2.730467,4.161169,0.411305,3.108252
31.272373,15.927358,14.746216,20.645905,2.726131,7.896781
4.804381,3.844965,2.402311,0.975020,0.650852,-0.159132
14.724644,10.412849,3.674305,6.707829,1.130697,1.846119
7.093807,5.518229,2.481379,0.630314,0.213514,0.667757
14.383701,10.066150,3.469970,3.503506,0.437834,1.924308
16.079887,11.886327,4.254156,5.783939,0.577227,0.427400
12.234243,9.190112,3.000108,6.875644,1.083752,1.994906
6.534753,4.847549,2.262121,3.686000,0.241751,1.642809
8.131948,5.743154,2.708835,2.209817,0.664985,1.014455
31.064890,22.050117,9.368097,8.922676,1.159461,5.543332
10.465188,7.413266,3.428473,6.663389,0.478630,1.765082
46.878170,29.945309,11.183613,25.455460,3.099899,4.124538
53.725849,27.689369,47.726746,68.152672,9.388204,14.646474
64.785187,25.420862,83.490875,99.721954,16.955698,40.324432
134.967484,41.201393,155.031906,195.371017,29.359583,64.630592
99.953552,41.019615,128.982910,184.678787,23.978687,48.923538
45.679947,19.801620,22.026091,29.976099,5.047862,8.498230
13.703664,9.741391,3.679019,11.340665,1.648290,0.964635
69.584068,30.569231,85.973801,125.092865,15.163354,18.789444
35.891636,10.686207,23.264271,52.855255,5.728322,4.807780
22.040283,9.301488,6.691318,19.759113,2.241182,3.145473
18.405689,12.771465,4.608783,8.814505,1.685412,1.312061
6.518540,4.656219,2.627766,2.716882,0.702466,0.637933
6.094057,4.399280,2.537995,1.205803,0.546675,0.851079
5.434064,4.064320,2.467232,3.562485,0.983121,0.947947
21.583216,15.448104,7.430556,8.450908,1.839698,2.617314
26.694736,10.629612,20.467669,23.264683,3.107787,8.334532
10.794358,7.663850,3.228511,6.769104,0.031431,8.331238
37.907032,25.276640,33.055676,50.734257,6.954039,15.583842
6.708547,4.715643,4.908891,6.679033,0.787313,2.656885
10.240479,6.914401,2.496876,3.548655,0.902923,0.366862
7.958495,5.449297,3.616735,4.457232,0.153709,0.215609
10.437685,7.328140,3.651504,2.440458,0.247412,3.071813
7.983430,5.833252,2.254836,2.178254,0.401379,1.186128
17.938601,12.343701,4.855267,6.081187,0.501013,4.192293
9.545661,6.690876,3.263108,3.032362,1.093088,1.488792
19.609125,14.344337,5.147908,6.305996,0.714788,1.364019
10.000358,7.154571,2.251794,5.416231,0.255531,0.362993
9.438411,7.046290,2.685206,3.034245,0.824899,1.370660
5.441215,3.783929,1.664617,1.693506,0.180546,-0.547325
15.915929,11.317180,3.962040,6.107090,0.931851,0.176739
9.940539,7.533673,3.166533,5.182521,0.542784,0.871518
8.779964,6.118439,2.428355,3.431513,0.678010,1.175351
5.513455,4.039751,1.888802,3.039129,0.551562,0.274416
7.818753,5.643533,1.861744,1.601675,0.018538,1.436542
33.133305,22.803244,18.149195,22.313322,2.390566,8.112175
8.275964,5.699122,2.417830,2.374874,0.134944,1.353941
9.817073,7.107288,2.850712,5.553531,0.371402,0.781287
12.851342,8.920012,3.958722,4.396130,0.818074,2.206033
4.825616,3.572188,1.541873,3.492376,1.270211,0.425119
31.936556,20.565557,30.008886,41.578732,5.057928,12.552666
9.304720,7.090911,2.790383,4.340429,0.630811,1.490394
39.329060,24.725849,37.117290,67.101074,13.890401,30.673624
14.987530,10.424882,8.384132,14.298343,2.080612,1.568796
13.195831,9.405781,4.278093,9.089098,1.188694,1.941655
16.386993,11.405801,7.641806,9.382471,1.844840,2.125701
14.826483,10.677672,5.372796,8.629981,0.635516,5.069836
22.668457,15.867489,13.183138,13.116481,1.987123,5.474210
22.426140,15.643822,7.064117,12.209466,0.977225,6.384551
6.361922,4.751027,7.244103,33.261398,15.013302,87.540855
7.758939,5.565717,1.570973,4.584444,1.220826,1.169659
29.274029,19.912668,16.923872,23.367559,2.868958,4.716297
25.881357,17.633722,8.564919,13.589763,2.720798,17.020784
44.746956,21.626259,25.796827,29.998642,3.433635,10.603018
45.456829,23.289064,29.583328,38.607658,3.815220,9.461656
5.829673,3.963708,2.112772,3.019397,-0.006560,0.632614
6.038621,4.210585,1.930790,2.346227,0.163651,0.500521
10.541633,7.249930,3.681490,6.518039,0.818169,1.623435
7.622007,5.256857,2.830624,4.382801,0.181345,-0.035218
17.015926,12.485625,8.947389,11.144751,1.075627,1.909672
14.923378,10.144532,5.031938,2.544673,0.669290,1.389699
5.655894,4.356381,1.671087,3.755415,0.124122,0.124136
9.693903,6.746694,3.875829,2.704911,0.028843,1.044656
11.710275,8.645006,2.924251,3.518781,0.557546,1.709321
33.835468,22.972816,9.856676,14.729362,1.543106,3.173207
19.596132,13.588181,9.238852,11.727031,1.030455,2.122949
6.551807,4.710841,2.438617,2.653959,0.207422,0.579804
10.398646,7.480420,2.949420,4.395081,0.343854,1.804125
8.746323,5.840649,2.473847,2.439012,0.387064,0.882329
13.392701,9.620173,4.835587,7.839179,1.279091,1.978716
6.535450,4.683327,1.803607,5.255949,0.952419,0.908233
6.581563,5.067473,2.182903,1.743823,-0.175222,-0.242845
24.314125,16.619520,5.629092,7.359817,1.608862,0.954089
5.323767,3.802123,2.006847,0.730644,0.578668,0.478698
11.424085,8.033082,3.365978,0.031064,0.710854,1.482213
14.526282,6.682604,6.896682,13.664095,1.243380,2.550715
35.171146,22.050076,15.149762,17.751114,2.657410,26.403778
5.575223,3.962701,2.398745,1.257377,0.118328,0.959914
5.499517,3.962347,2.148569,1.378113,0.448862,0.588174
12.509092,8.780522,3.523688,6.302643,0.639287,1.243792
21.467737,15.659891,7.725693,9.960260,1.440794,2.273996
4.652053,3.460502,1.828814,1.724695,0.105580,0.578962
5.457492,3.863117,2.358626,2.044518,0.381885,-0.103217
17.146791,12.016416,4.444416,4.422973,1.509044,5.222535
10.195370,6.823527,2.852646,5.574337,0.588853,9.012484
27.941919,19.042519,9.044769,8.080215,1.595549,2.212936
12.129547,8.713295,3.635015,4.144260,0.449106,0.246514
10.074679,7.111495,8.261218,15.450301,1.461713,2.497305
13.754908,9.792069,5.852532,4.770117,1.356719,7.412103
5.483855,3.807482,2.675200,2.357958,-0.101061,1.128412
3.986881,3.189224,1.486919,4.741416,0.574828,0.058885
6.735828,5.221658,2.421095,3.142168,0.345603,-0.937172
13.743182,9.440233,6.717075,10.151682,1.298896,2.905047
8.060329,5.953915,2.808581,1.285454,0.069247,0.999017
6.426948,4.438899,2.665855,4.450233,0.942751,2.530300
4.434758,2.922765,1.764535,4.179223,0.458122,0.638708
12.673099,9.151013,4.577229,4.707576,1.040254,0.422024
10.345439,7.426360,4.688279,8.370481,1.077421,1.291232
15.100874,10.265322,6.732465,6.472958,1.053355,1.034201
14.310559,10.196078,3.860259,7.252069,1.027826,1.072938
7.762960,5.446960,2.420889,3.149168,0.601717,0.659463
4.531002,3.423350,1.620198,2.886788,-0.106519,1.168607
7.006481,5.239988,3.714308,3.494652,1.290692,1.891277
9.691214,7.069823,2.755889,4.283001,0.852619,1.314662
13.703183,9.735064,3.970228,4.997875,0.366498,2.930225
8.175463,5.974661,3.071182,6.262112,1.039110,1.267766
10.394979,7.140408,3.656708,4.813339,1.115663,1.046526
32.342918,21.132536,17.629768,23.698357,3.327360,16.900431
7.442206,5.468937,2.243910,3.443536,0.342651,0.910365
70.766212,35.239651,89.094490,122.477295,16.724369,24.360392
49.642288,31.545975,52.947945,88.577095,10.849207,13.059594
6.624387,4.876766,2.318089,4.006808,0.954850,1.554835
48.716438,28.644737,83.089111,117.287651,13.962180,26.162624
8.116661,4.874761,3.415255,3.573091,1.318201,1.528325
20.249407,14.296184,5.608634,4.440463,0.934055,1.990917
5.368652,4.135397,2.203332,2.812716,-0.269947,0.126864
8.969944,6.630812,3.079304,2.853557,0.243482,0.310460
10.643424,7.585147,3.713833,3.543989,1.187000,1.715351
6.278779,4.452444,2.034556,1.894262,0.406972,-0.373376
20.186466,14.315969,6.830157,5.506834,0.986476,0.471781
10.466965,7.448116,2.851003,7.166367,0.742167,0.875067
8.076206,5.823597,4.372205,6.001067,1.195732,0.836674
20.942312,13.933432,6.136690,10.731547,0.981840,1.808236
14.087478,10.131658,4.121388,5.784140,0.759774,0.999685
6.917019,4.875027,2.834531,0.341846,-0.157668,4.146769
18.855904,13.431939,9.300419,12.771914,1.383235,2.364482
7.022583,5.161283,2.550835,1.619618,-0.030630,0.204830
4.949264,3.698369,2.038703,4.014662,0.139775,0.569057
16.493534,11.563734,4.044164,7.026984,1.304263,1.027222
12.689650,9.180077,3.354550,5.512116,0.531578,0.936002
19.645918,13.950099,5.756950,5.048430,1.354352,1.144023
16.412664,12.187724,6.423358,9.659472,1.683075,2.623106
8.207273,5.848257,2.730165,5.751920,0.347706,1.037655
6.835789,4.805259,2.226505,2.850677,0.483119,0.078962
16.219641,11.565084,7.146418,8.511634,1.192111,6.547862
30.265978,19.170860,35.865204,55.640640,7.718356,7.040567
15.135880,10.900599,4.436651,6.203443,1.575346,1.322959
5.935056,4.203727,3.295884,3.163136,0.464918,2.993123
60.708843,36.983879,35.783131,41.908989,7.010116,20.086811
14.129891,10.230326,4.533576,4.605525,0.776887,-0.215684
15.551418,11.020169,4.780294,7.883219,0.769893,2.399271
4.953543,3.605561,2.304317,3.844734,-0.075705,0.723533
33.576748,16.819838,14.844640,16.202728,3.319066,8.754734
34.680149,16.871536,19.395432,25.310297,3.598697,11.567399
54.403900,23.929138,17.255138,20.606686,2.966781,3.463798
15.554802,8.610579,10.031129,13.068171,1.750820,8.011881
21.368259,12.935670,15.633043,21.146400,2.428144,11.999784
8.782934,5.949015,2.632735,6.598121,0.695278,0.499121
42.467289,27.239227,13.767640,21.622189,2.290048,4.510362
30.453819,19.486830,12.567316,20.011292,3.143850,2.648733
52.763733,16.278675,23.401403,30.593521,4.251879,7.617278
39.263603,16.291317,18.437410,27.652534,3.708962,9.848755
6.000171,4.584620,2.326418,2.672293,0.554270,0.849749
8.545113,6.510356,2.906262,4.587159,0.596005,0.817684
5.737946,4.356969,1.883321,3.469823,0.310852,0.871025
4.613495,3.458247,1.749713,4.118073,0.284812,0.924651
8.155242,5.719223,2.829969,0.849734,0.392629,1.108590
13.118134,9.294416,4.951077,4.921673,0.607592,3.196551
31.214863,12.834662,11.269007,21.629572,2.322993,3.897673
50.957443,29.629597,37.392742,56.927891,8.489826,21.943518
32.157898,21.388380,12.934681,14.836994,1.603866,5.210648
4.735012,3.192459,1.660243,-0.520363,0.168725,-0.264113
8.529773,5.888903,2.622265,2.830686,0.289101,3.866692
13.371378,9.937774,3.339258,3.770588,0.264205,1.777015
28.896893,19.711231,14.489776,17.612942,2.196294,6.910006
5.387889,3.693018,1.871921,2.702274,-0.010201,1.973311
18.693611,13.095353,4.458571,5.747017,0.499878,2.298655
31.685411,20.102812,14.757359,16.872787,2.586075,6.403845
31.319946,16.360477,42.282341,50.214310,7.638542,16.094276
21.576628,8.690781,17.844282,27.809036,3.583650,3.748513
10.259940,7.496039,3.365466,2.818341,0.733553,0.849770
20.807278,15.023863,7.951930,9.274275,1.090474,3.260926
15.624146,11.144473,4.223245,8.571256,0.741089,2.424429
15.836377,11.105594,6.366870,10.137332,0.959103,2.219768
23.823170,16.633472,9.702845,12.536349,2.079508,2.498210
19.528797,13.958084,5.692619,7.657757,0.887370,2.380735
19.772202,14.200016,5.997780,6.706093,1.204645,1.855820
11.555161,8.544979,3.544406,1.171435,0.411513,0.717916
5.717308,4.248805,1.607147,1.564564,0.511189,1.518388
19.747278,9.220592,7.130564,12.267922,1.503332,2.617992
12.480563,9.052052,3.719329,3.960931,1.001344,0.832422
12.427295,8.937382,3.906685,3.147350,0.741123,2.298675
11.580953,8.033474,4.134929,6.897882,0.812458,0.472708
20.380524,14.763327,7.453273,18.587297,2.331307,0.961719
9.117933,6.826805,4.910177,6.199707,0.628204,1.501340
8.628565,6.035000,2.500004,3.664436,0.609711,3.587782
6.809961,4.863765,2.031830,4.789392,0.045475,1.016043
5.649611,4.273205,2.067234,2.237238,-0.296895,1.294714
12.502732,8.658257,8.107431,12.993846,1.231136,2.286399
13.459913,9.533975,3.619610,3.359658,0.145052,0.872813
14.070795,10.227077,4.499870,7.132173,0.857567,0.816326
20.178583,14.717637,7.666829,7.485995,0.580062,2.761508
11.498567,8.391238,3.599941,6.642334,0.933413,1.285455
11.763165,8.569824,2.847259,5.521568,0.239524,0.943765
5.999671,4.186650,2.082018,4.333469,0.625240,0.960631
45.730934,17.172564,17.711632,24.434128,4.057224,7.022964
44.798740,17.170607,17.709810,26.825136,3.927292,7.135914
37.604469,15.726621,17.165773,29.142841,3.870898,21.378294
33.486584,14.325577,16.897112,31.414219,3.756992,21.025978
10.576867,7.326887,2.845958,3.145779,0.717899,3.388153
58.086159,26.981775,17.103638,19.455351,2.625983,8.233785
10.801219,7.803812,9.372271,9.730636,1.911042,4.871968
18.575693,12.931969,4.688128,11.158388,0.939267,1.537696
12.316259,9.108189,3.918417,4.407630,0.409277,9.187440
25.503595,14.913473,21.587934,22.676975,4.658207,27.714268
34.655602,22.715689,15.510721,22.298296,3.271364,4.290891
10.230630,7.085829,3.867998,2.355824,0.269118,3.864812
21.174601,15.104108,10.544334,10.276619,2.795660,3.798832
4.455848,3.459851,1.618153,1.288365,0.210048,0.504736
11.247706,8.177176,2.797498,6.550898,0.457560,2.105040
6.099713,4.283275,1.972739,1.593362,-0.276042,-0.301501
17.830328,12.293722,4.790184,8.603824,1.445367,1.922109
32.407009,21.750969,14.686790,17.100319,2.806732,14.001275
6.155480,4.455371,1.796918,2.067657,0.472665,0.383685
8.556860,6.092863,3.214351,2.700410,0.486950,0.319759
10.353217,7.576439,4.535060,6.449959,0.871575,0.657164
16.601814,12.002113,3.842583,4.017559,1.254345,0.859490
4.463753,3.459210,1.542137,2.210665,0.818731,-0.620731
9.726145,7.410958,2.908716,4.759712,0.205375,1.000578
6.989930,5.032443,2.342925,1.809229,0.324969,0.554510
4.567782,3.261099,1.707386,0.995346,-0.068139,0.124388
27.500519,15.834826,26.146687,36.339642,5.135263,9.560206
5.467877,3.988480,1.675897,0.552928,0.150499,1.258042
5.282784,3.749249,2.038302,-0.446043,0.187464,0.430835
16.482754,9.516883,8.374192,10.667057,1.561046,1.678898
13.446933,9.775703,6.241926,12.841269,2.529525,8.513731
20.598989,14.433107,5.867444,7.403289,0.651038,1.352417
9.807741,7.238793,2.642831,4.372746,1.182864,1.221583
8.009790,5.963538,2.063719,5.349823,0.515256,1.208832
20.252232,13.686413,21.017056,27.528477,4.503485,5.055696
5.100181,3.512800,1.718583,4.577154,0.483435,0.373639
11.808587,8.333379,3.767234,8.491400,1.950511,0.696000
8.631248,6.399949,2.581524,5.818944,0.731365,1.450246
48.230667,24.705887,29.533278,39.365799,5.844694,6.202626
15.286820,10.310246,6.270696,12.956737,1.842961,3.623882
43.537918,26.177439,63.022255,69.899025,8.478770,10.398574
33.264164,18.202717,11.025063,24.903103,2.696828,5.898656
66.667946,26.239067,72.416145,80.855354,13.408671,25.522648
66.116508,32.109364,57.153610,78.662926,11.610796,18.992937
56.117542,28.401455,45.719772,62.152660,9.463333,45.439220
37.890766,26.063272,14.569013,27.653124,4.067808,4.751410
58.274185,32.242039,59.628410,86.700768,11.339826,18.021658
153.887207,52.763935,182.449036,248.054123,32.782513,51.765522
147.905685,52.747940,182.007111,259.081055,33.546329,47.746460
9.718223,6.898215,3.554881,12.692703,1.504079,1.149079
59.608719,18.999630,30.852322,48.795143,6.920340,10.134008
50.285191,18.398996,29.999519,54.336845,6.679064,8.216084
16.619045,11.535697,7.312001,21.159170,2.492167,2.997520
114.195412,43.115505,130.609985,153.530884,21.358824,50.650070
16.565067,8.979586,44.216339,74.256699,10.088568,13.660023
65.222542,32.717934,69.259109,89.641144,10.751970,22.581205
97.897041,37.222099,60.865570,97.464355,14.005743,26.204330
88.347214,25.020670,73.768295,118.921516,22.753716,57.086693
62.285534,25.228870,62.926731,95.021072,13.692879,42.256413
25.166857,15.688732,17.417471,41.120117,6.020593,7.150373
53.566566,30.692556,45.076347,76.242561,10.419505,11.519185
42.261501,15.288453,26.579006,49.051109,6.877009,15.506618
111.689423,43.131371,138.077377,188.271378,27.291845,46.294540
86.293625,32.505360,97.052094,161.495987,20.804419,32.521515
152.133896,47.364346,239.679779,306.552948,46.965660,129.617767
125.459496,43.254185,111.785362,177.223938,25.932058,76.487923
21.622555,15.307548,7.371961,13.616265,2.382397,1.166558
6.921339,4.966533,2.244689,7.981431,1.051902,1.679548
33.343754,18.297125,17.920143,28.380003,4.469955,10.300366
52.664452,21.271404,90.358131,116.872169,17.078588,30.928381
29.785152,11.251574,12.787830,34.781799,4.584012,9.033783
163.942398,45.734882,170.879974,258.414429,35.661118,51.564003
92.576881,32.397839,109.988274,178.693176,22.810404,36.651577
34.167156,22.386333,19.184084,35.533371,5.593489,7.333660
49.517052,31.921738,34.151379,51.441208,7.104477,15.203158
43.452164,29.852282,13.846949,26.391695,4.098029,7.191428
13.759833,9.728240,9.520689,14.357655,1.631594,1.938599
13.633384,9.551435,4.515048,5.706303,0.943359,21.614857
18.553665,12.725735,4.863067,6.418163,0.663203,0.154332
11.435973,8.141241,4.229682,7.178587,0.651707,1.133129
5.657228,4.091048,2.010160,1.790807,-0.365695,-0.051482
14.763053,10.705913,4.539594,5.610383,1.070032,1.523946
14.005721,9.885610,4.311054,4.763936,1.091371,5.298807
14.043050,10.257284,4.528632,2.523084,0.906567,1.236641
4.241605,2.905910,1.396721,0.699918,0.277255,0.875432
4.273752,3.353959,1.406092,0.912240,0.307412,1.211359
7.960719,5.399715,3.218569,3.113873,0.706543,5.211163
34.638783,23.797358,15.944448,32.411900,10.186342,25.801401
9.969161,6.828134,2.896341,3.893381,0.646912,1.443835
7.139792,5.575474,2.839650,3.106464,0.402431,0.994717
7.238613,5.339983,2.411072,2.500181,0.569404,0.852999
14.532697,10.436193,3.279174,5.847528,0.684149,1.178279
22.014860,15.775895,7.190986,7.069819,0.916278,3.726985
14.584742,10.564048,4.486856,3.820833,0.492777,3.181950
24.530392,16.964939,8.133529,11.601227,1.863493,1.837835
7.501979,5.625638,2.382746,3.286197,0.763626,-0.393396
19.643106,13.945573,11.397889,16.376766,1.949488,1.682261
29.885460,20.304127,20.969000,25.133093,3.545656,2.670784
14.020423,5.365765,5.525273,9.975273,0.586617,0.838655
11.039961,5.367087,4.041041,6.576865,0.660265,0.314463
7.507275,5.512634,2.707939,3.343141,0.838404,0.222013
5.682521,4.299776,2.080627,2.930814,0.254487,1.218797
8.135038,5.854051,2.464062,3.221317,0.058784,0.264743
14.043414,10.369877,4.924129,9.056334,1.587934,1.290960
29.046896,20.555256,11.075611,14.958179,1.723212,3.745160
5.952286,4.381278,1.996155,1.516135,0.663925,0.473678
20.928190,14.840313,5.255946,4.868697,1.533489,1.811100
11.453165,7.959876,2.550013,3.967916,1.170534,1.751406
45.612759,30.986286,12.167459,15.597739,3.318761,24.147165
7.425255,5.296772,2.658666,2.580720,0.808072,1.515616
29.153255,20.045717,20.295874,24.512756,3.584657,3.135256
34.294590,20.761883,10.435567,13.374730,2.544787,6.700332
25.845604,13.729214,23.403801,35.223320,5.644980,5.940288
10.601277,7.642298,3.544924,5.783154,0.899393,0.765638
14.220140,10.172654,4.087664,7.152857,0.004061,1.816571
13.879211,9.665673,5.401445,6.715513,1.692602,3.506721
7.973260,5.820744,2.801954,4.667523,-0.002850,0.479245
68.817513,31.458385,98.819527,108.251305,15.413127,34.152538
11.354850,8.331386,3.798318,2.457727,0.379921,0.785671
7.944976,5.811216,3.380819,2.339477,0.573100,2.185790
28.508980,12.487823,7.576903,10.568985,0.712562,3.272461
5.759710,3.838167,1.654401,4.252207,0.598139,0.537664
15.514219,11.047389,4.439584,8.931775,2.253511,1.389317
6.843012,3.482769,2.983620,1.950838,0.850206,0.918287
13.729571,9.933295,4.900156,3.409441,1.179917,2.167995
16.566271,9.573168,7.068651,8.165444,1.263292,2.549652
3.973488,2.998124,1.531246,3.054669,0.923841,0.250155
7.834643,6.055121,1.370001,2.000347,0.212694,1.333366
13.891969,10.119742,3.821286,5.031035,1.313292,1.539458
5.049979,3.965188,1.872418,0.282886,0.349008,2.280788
14.135702,9.847527,3.632363,3.076192,0.922832,0.946759
5.947885,4.509157,2.126199,3.042039,0.062283,2.958145
83.737740,31.301126,122.480431,160.572800,21.433638,44.777550
52.284927,32.739925,20.017242,28.599710,4.459944,5.504307
91.483734,31.687349,138.371704,197.094040,32.661827,204.227188
88.647774,31.151682,82.569313,115.388596,16.873831,31.905003
132.148163,44.579655,94.906410,127.908188,18.021074,32.582554
126.588821,46.521694,89.260994,133.565643,17.434927,27.997326
53.208469,25.487679,31.074137,37.907150,5.652245,8.102022
42.806091,19.046263,33.361916,46.213860,5.547347,7.193769
191.490906,62.545074,272.450104,298.741455,45.549862,104.150497
221.384399,67.296585,362.558716,448.571014,62.271832,176.957474
21.730061,14.462767,6.217597,11.025640,1.810318,2.145651
43.796921,30.009748,15.153376,24.923937,3.836946,19.000254
38.397778,24.294043,31.004965,37.135490,5.200842,5.985778
21.170332,11.009252,14.283377,22.015303,3.590980,7.009857
59.035908,28.476910,108.651016,165.285370,20.703663,35.332817
32.617783,22.036383,10.810877,16.421896,2.132714,3.058214
10.728806,7.737281,4.245749,6.250735,0.644004,0.317382
29.304285,16.147640,11.728387,17.102749,2.792643,2.102757
7.154874,5.252325,2.338431,2.898642,0.142378,2.103507
15.157463,10.744011,3.642347,8.045876,1.565130,1.786764
18.994743,13.940392,4.856503,8.272271,0.778867,1.229342
29.050280,19.851070,9.120462,16.723574,2.327478,2.970298
5.721835,3.956874,3.165107,7.889306,0.897179,2.532680
10.650041,7.765797,3.107810,2.822330,1.066338,4.800444
11.370080,8.106678,3.505202,5.115442,0.301654,1.893506
48.660862,30.662151,40.269211,50.462692,7.500051,39.942688
16.838177,11.791569,4.168407,7.555447,0.652524,3.336922
22.997543,16.209036,6.515403,5.577808,1.185061,4.335061
9.428138,6.481779,3.154839,3.489235,0.253891,0.486484
7.219710,5.077312,2.354186,3.747674,0.613010,1.074883
14.143803,9.577315,4.516053,6.501161,0.961506,5.736565
15.371893,9.618424,4.912066,7.566884,0.947443,7.323812
18.209440,13.097311,8.890453,15.565378,1.863048,0.662407
13.468545,9.864651,6.126278,11.382401,0.974180,2.013045
14.846827,10.809834,3.562115,2.368819,0.966226,1.781595
27.398228,18.963522,10.638755,11.486473,1.018192,4.396667
5.878664,4.565701,2.424066,3.452794,-0.045210,2.911666
16.767492,11.886004,4.791356,5.082458,1.554636,1.328027
36.793087,13.619344,14.423132,18.330456,3.057032,6.950828
43.848988,16.457209,21.059853,34.756752,4.511177,7.848779
29.046638,16.984303,12.423278,22.085415,3.234067,3.313853
13.907606,9.736127,4.096956,5.986048,0.538720,0.506164
10.648880,7.599332,3.355723,3.248489,0.546680,-0.116697
15.335701,10.657645,4.190173,6.037232,1.934964,3.738451
15.031065,10.833873,4.108960,7.312930,0.862678,1.782952
24.436310,16.946508,13.699536,23.109196,2.723425,3.284834
11.246961,8.122687,3.216454,4.465636,0.370055,1.362559
8.342591,6.169641,2.519190,3.420244,0.380682,0.956855
6.136348,4.712573,2.129365,0.846187,0.062632,0.499081
18.394279,13.019874,7.261788,5.686452,1.175183,2.253598
9.884141,7.150469,2.801763,7.472335,0.825863,0.845894
6.512075,5.051206,2.648805,3.185370,0.206868,0.889799
12.072017,8.476854,3.816856,5.458538,1.006117,1.404436
14.377671,10.388785,4.059999,3.430743,1.165786,1.225048
13.690885,9.747202,3.800695,4.611568,0.711918,1.344692
7.710962,5.330490,4.269371,3.103971,0.246934,2.391247
13.169265,9.251142,9.480335,15.285796,1.951562,4.862180
8.874748,6.223309,2.717971,2.204093,0.563950,1.429148
8.197635,6.482729,2.466938,3.709117,0.185353,0.316136
46.505363,21.638142,13.782720,23.607647,2.720435,3.665558
24.544283,16.373959,14.901829,17.401548,2.953406,7.780868
31.969145,20.635672,56.740532,77.784355,10.778421,12.658537
6.424402,4.824534,2.207026,3.389475,0.384353,1.072026
4.617199,3.214921,1.555597,3.054671,0.461640,0.265782
9.281630,6.776396,3.093001,1.143819,-0.037560,0.826617
22.896856,15.228757,9.776195,12.414195,1.655246,3.714893
10.017197,6.803269,3.228762,3.597533,1.083665,0.378891
15.213326,7.069031,5.284087,6.123804,0.829305,3.505373
13.776592,7.081102,5.198894,6.789104,0.628972,2.533343
8.845268,6.592337,3.189109,3.486666,1.192343,1.834309
11.457053,7.995656,5.512410,5.581924,1.655971,3.048134
17.457294,11.940342,5.644031,5.752210,0.606438,1.162686
26.309492,14.548159,11.522860,17.791658,3.883718,19.492304
13.961454,10.174154,3.597820,7.635569,1.428246,1.406420
8.493830,6.088761,1.916435,2.418918,1.025600,0.426949
7.963176,5.732394,2.902763,4.818282,0.004444,1.161572
11.266363,8.342065,3.444085,4.241731,0.388757,1.430212
4.946706,3.337394,1.910988,2.202912,1.677866,2.632830
5.354078,3.809845,2.141684,1.666839,0.845611,0.482103
4.756649,3.318315,1.835048,2.983419,0.320625,0.791201
7.315350,5.171050,2.741796,3.621966,0.438417,0.921679
26.890825,11.933340,16.263872,34.954678,10.325376,67.933128
25.533758,11.926839,16.250114,36.601498,9.646663,62.579544
9.400434,6.396395,4.331997,5.638437,1.201408,1.346008
40.809982,19.741623,29.969982,33.807602,5.711712,12.734982
59.235630,21.285513,47.265755,63.351765,9.163509,21.046543
71.094971,28.554979,62.944420,91.762268,12.370055,29.056667
38.227943,20.980148,73.482071,97.010292,12.666807,27.209738
66.093956,38.076542,30.120686,43.220299,5.185775,6.970719
24.631636,11.505307,6.778683,11.605435,1.540600,3.572358
29.189230,9.432257,10.147345,16.629118,2.078238,4.534881
34.802399,14.285678,22.010862,29.267117,4.122583,8.218778
37.207611,12.382395,25.791101,34.067558,4.790806,9.663045
53.902172,29.303669,51.782681,67.648529,8.879950,14.600250
14.970087,10.966492,4.400642,5.908954,0.542512,1.800455
14.370846,9.900419,4.025188,6.848456,1.056673,1.930771
5.253999,4.137289,2.096729,4.018256,0.533344,1.161020
15.814521,11.366089,4.823451,6.612598,0.889160,0.104131
21.761127,14.658067,14.903168,16.890902,2.193504,9.811885
17.284256,12.155405,14.433516,13.596794,2.386468,4.476423
7.895037,5.931905,2.362228,3.261329,0.609303,1.268575
7.201624,5.424179,3.144452,3.157653,0.749295,1.647941
22.650991,15.593493,7.225243,11.160776,1.555345,2.649405
12.977390,9.287471,3.857623,4.930223,0.989300,1.143572
21.532322,12.053672,6.875382,6.995090,1.149744,1.515360
24.571917,10.731284,8.382786,11.463945,1.471048,2.349182
14.190831,7.849853,4.816149,7.265248,1.114750,1.412885
22.885847,16.579069,9.741702,13.976611,2.153102,16.946751
27.776693,19.682673,7.424383,8.911304,1.763731,24.183922
10.286677,7.392798,3.516472,6.976279,1.235775,2.575312
10.267002,7.029335,3.845899,5.604011,1.722125,1.138416
18.511803,13.493130,5.294864,8.067024,1.615050,0.330277
7.697334,5.093089,2.974199,3.249859,0.674463,0.780823
44.868538,17.400862,54.345600,61.304981,8.305466,8.357595
43.146282,17.424042,54.889523,68.883446,8.469076,8.410213
14.465801,9.945366,4.601702,6.927092,1.271203,8.727412
10.798154,7.569832,3.270928,5.547402,0.173469,0.779695
27.711418,18.771692,14.031766,26.489521,3.468942,6.534511
38.343826,21.919180,53.924248,70.406990,10.413630,14.057941
6.588057,4.394191,2.266547,3.519974,0.344459,1.180219
8.353317,6.149878,3.366982,7.083882,1.029367,0.188936
7.651688,5.700591,5.125184,14.134307,2.337361,1.565232
37.444717,22.482590,27.878933,39.993484,4.936513,4.703898
36.171165,20.634045,22.719509,36.985016,4.160681,6.378342
57.648319,23.795860,60.620762,74.514793,11.878407,25.346979
5.830937,4.133451,2.406227,2.121175,1.066587,0.972471
10.780064,7.499465,3.606714,2.351729,0.414300,0.996610
8.566057,5.826941,2.334145,6.161540,1.287910,1.771673
4.375250,3.086730,1.566577,1.772047,0.101455,0.214351
12.610096,6.525727,4.165381,5.416281,0.757377,0.694458
20.506239,14.623583,6.010825,5.875735,1.104353,3.270000
9.665362,6.589741,3.495601,3.396285,1.407249,1.562352
20.635069,14.410184,5.318692,9.383221,0.840635,0.323556
7.552906,5.126601,2.032115,3.237366,0.501359,0.332627
9.741728,6.917499,3.060835,5.677866,0.591279,-0.113621
18.765759,13.160959,6.332337,7.118337,0.883352,1.415256
10.370920,7.443385,3.137071,3.379453,0.610828,0.345391
16.789400,11.816564,4.524186,6.243521,0.570849,0.151194
11.393172,8.267728,3.356978,5.213536,0.610110,1.247067
10.808750,7.702391,5.683599,5.880479,0.655845,1.185433
9.055172,6.259160,4.077294,4.860656,0.414384,2.388854
14.860757,10.815109,4.233870,4.912385,1.456371,-0.167226
8.896486,6.307014,3.158591,3.755026,0.469748,1.606803
5.897854,4.535090,1.876282,5.827216,-0.260108,-0.168783
8.929875,6.340582,3.821530,3.876791,0.786115,5.409008
5.668578,4.295033,2.385440,1.806817,1.128309,0.148037
5.721445,4.086101,1.991700,4.847590,0.341953,0.299781
5.754265,4.179385,2.873200,2.935418,1.367944,1.022385
8.722342,6.265146,2.811324,3.290780,0.270631,0.857838
8.602699,5.942582,2.959984,5.420864,0.342375,0.455869
11.968574,8.419227,4.783317,4.547653,0.682727,0.825892
13.829724,8.460757,4.882294,3.722404,0.356490,1.176882
17.331734,12.522774,4.156568,5.616048,1.029107,0.693121
34.668571,23.645147,34.023533,42.544773,6.347250,12.138711
11.111722,8.005281,2.753125,4.714703,0.721757,0.716201
23.276114,15.637916,11.961699,17.474073,2.823215,4.940422
5.350919,4.012565,1.719499,2.570831,0.203315,0.990403
9.898944,7.020663,9.504622,13.899564,1.775084,3.414633
4.298914,2.957559,2.509446,-1.036478,0.083407,0.762841
4.797834,3.331151,1.511914,1.976577,-0.046077,-0.150674
26.859987,11.136511,25.126259,28.741571,5.042969,8.796309
24.745518,11.755790,23.936363,32.646564,4.993440,7.239140
10.604272,7.690698,3.347327,4.314389,0.818180,1.809602
11.385963,8.269627,2.678323,6.733412,0.755244,-0.084093
6.365961,4.585042,2.423528,1.127671,1.023967,-0.374769
21.872179,15.572133,17.755119,29.376566,3.818265,7.351746
64.662910,26.749701,26.347933,39.001602,4.748004,7.479717
63.732452,28.561071,39.245522,68.869698,7.325903,12.064812
10.435884,7.240229,3.471527,5.209827,0.525756,1.186475
18.364178,13.031398,7.399956,6.237571,1.136501,-0.313013
5.254546,3.600262,2.106398,2.238315,-0.113986,0.471576
7.818952,5.846695,2.601203,2.635332,0.107794,0.883797
18.523149,12.973863,6.479386,9.231138,0.445150,1.756706
9.927130,7.012338,3.002263,4.726339,0.917048,2.871670
49.302620,31.492510,13.399284,16.058722,2.121998,3.295703
38.688267,25.343119,24.293407,28.104824,3.288588,10.505280
4.477775,3.156686,1.784777,3.776126,0.381856,1.318819
10.259036,7.436914,3.279093,4.580445,0.575486,0.590600
18.178949,12.711681,5.156224,7.143276,0.095096,1.518234
11.172367,8.203253,3.213029,3.329838,0.825988,0.371785
10.433886,7.737592,3.386105,4.508693,0.619081,0.976003
22.643698,15.868736,5.656196,7.416644,0.868865,2.546648
78.168365,35.122265,86.502930,115.253181,18.358997,33.703274
6.148843,4.742533,2.108076,5.175424,0.610472,1.495731
5.212218,3.573348,1.648663,3.193448,-0.115156,0.859354
13.447120,9.575412,3.756203,4.290547,1.065234,2.908077
15.347233,11.179696,5.924385,7.117715,0.364276,1.689923
7.427347,5.109640,2.457319,2.807850,0.192543,1.038707
51.775753,32.160164,26.196552,34.941113,3.733785,6.539065
10.309570,7.708424,3.029945,5.450629,0.380553,-0.296461
51.289162,32.302231,27.832785,32.322792,4.704583,11.493357
7.752788,5.469972,2.231692,1.316504,0.438125,1.261480
7.744986,6.009948,5.824494,7.770158,1.563638,0.965787
8.748167,6.261568,10.288343,10.978903,1.010620,2.240527
7.597594,5.307456,2.669176,0.325417,0.811014,0.802908
9.903254,7.398743,3.029599,5.929636,0.562056,0.788327
9.672903,7.033689,2.774631,5.680787,0.709766,1.552597
11.799894,8.122331,3.891007,6.291896,0.195095,1.077157
4.617591,3.081683,2.731562,3.131838,0.318112,0.741566
9.076594,6.296085,2.992930,4.330980,0.274814,0.982243
19.956347,13.709415,13.823662,19.400476,2.068453,5.987837
35.739006,20.030762,20.317747,27.220585,3.974062,13.484448
44.514748,25.143047,28.950987,41.299046,4.638036,10.929563
18.979937,13.838681,5.566416,9.340605,0.706382,3.020004
5.765898,4.178156,1.847689,4.192615,0.153420,-0.769822
5.869945,4.099848,1.905832,3.573842,0.368911,0.864823
8.392965,5.880056,2.379400,3.762517,0.011232,0.794920
35.653809,15.083467,12.239050,17.615900,2.540041,3.306422
17.399317,11.792757,12.312223,16.935629,2.539140,5.491472
12.648288,8.171334,3.743367,3.377635,0.863344,1.879583
12.869269,9.418097,3.694376,6.031140,1.718173,-0.050303
7.262162,5.383802,2.697169,3.906439,0.855808,2.640727
52.348000,25.635771,21.699099,20.938053,4.015647,5.757839
58.208141,28.218801,25.797165,33.801052,5.450011,5.863248
15.817912,11.585299,6.802647,6.594911,1.525418,10.728262
5.264809,3.853843,1.991841,1.487321,0.155151,0.299891
7.155816,5.368143,3.428728,4.303739,0.812116,1.281130
30.939329,15.476004,15.324471,21.268259,3.121378,3.248921
5.760379,4.382153,2.346436,2.755503,-0.182027,0.424966
8.402556,6.290356,2.699108,2.071226,0.488071,0.424319
7.436855,4.978163,2.060834,3.818400,0.373350,1.258667
12.594186,9.060582,3.849030,5.277385,0.731647,0.901948
5.750015,3.957108,2.022789,2.702119,0.081348,2.638967
19.688337,14.108127,6.093659,6.948134,1.609268,0.717378
8.439758,6.107216,2.910819,5.593414,0.451923,1.266383
14.010895,8.612758,4.755524,8.721333,1.049087,1.894969
12.650400,9.062237,3.844794,6.238612,0.327825,2.220997
27.280626,19.333099,13.047494,16.432270,2.610492,2.337032
4.284832,3.303944,1.799623,1.661256,-0.147419,0.965499
10.854890,7.845542,2.844727,5.178095,0.270220,1.482617
18.367233,11.574444,5.039433,7.773772,0.374231,0.006327
31.616327,21.865101,9.373286,14.734121,2.243712,2.072352
11.981627,8.902421,3.081578,4.503624,1.344154,1.067611
14.073432,9.814827,4.500075,6.258611,1.608686,2.818075
11.699860,8.555454,4.108536,3.935793,0.743581,0.554394
14.586425,10.579434,4.403899,6.202921,0.882218,1.790776
18.226784,12.936792,8.549391,15.328803,1.643678,4.216180
9.433568,6.534303,2.813359,6.331539,1.178181,8.338249
12.215466,8.379733,4.971452,4.177066,0.668199,1.369388
14.501241,10.629633,3.921365,6.764817,0.698860,1.001984
13.745846,10.177354,3.985872,6.394196,0.518618,0.580279
8.100249,5.765159,2.415506,3.212298,0.317869,0.968679
19.614187,14.114131,5.219023,5.847696,0.432971,2.204351
16.743855,12.547836,10.616365,19.370209,2.626446,2.373775
27.652039,19.864281,8.230316,11.885730,1.828172,0.617362
18.281210,12.597005,7.351173,5.209467,0.950728,5.241395
4.748576,3.785251,1.488446,1.151025,-0.114952,0.212828
9.688399,6.940394,2.789571,4.306239,0.486321,0.872261
7.788410,5.939460,2.031222,5.982491,0.113178,0.031251
15.585244,11.068826,4.133936,6.210520,0.466429,3.497314
10.891503,8.285490,3.303210,2.501561,0.453950,0.580517
18.243526,12.905648,9.982476,12.975340,2.092866,5.852317
6.641148,4.917447,2.364657,1.631048,0.499016,0.117701
29.070864,20.115618,10.342089,11.604569,2.310347,6.394177
29.377344,20.649387,10.215284,11.504426,1.156334,4.339560
13.887483,9.910029,4.013922,5.356319,0.784268,2.588948
4.678632,3.340911,1.556466,1.702224,0.425027,0.854916
12.991718,9.356885,3.847778,5.806980,0.460458,0.729909
20.962240,14.987779,11.114046,19.108452,2.983310,4.531222
56.954281,33.220356,64.941299,88.748436,18.519638,73.439209
8.364568,5.829220,2.381246,4.310676,0.126832,0.842529
4.096028,3.109192,1.702884,2.741360,-0.107709,1.504827
9.451866,6.998171,3.518892,4.008301,0.445084,0.669995
8.099087,6.105101,3.082583,5.058126,0.321610,1.873820
9.091690,6.658150,3.020297,3.226233,0.117583,0.524389
10.562513,7.893952,3.386280,4.126313,1.156052,1.286264
45.703880,23.410395,15.248219,16.246359,1.216799,3.705410
13.039958,8.871546,12.200696,13.858800,1.663327,7.811376
8.609307,6.562277,2.428694,5.358199,0.943512,-0.624088
8.283806,5.921647,2.592478,4.136988,1.357026,3.287675
17.491047,11.822138,4.945048,4.515112,1.680838,1.334786
4.563470,3.517907,1.634506,1.813052,0.578661,1.193228
29.054739,18.794754,13.098513,13.172745,2.333192,4.657250
4.482849,3.120055,1.934336,1.749805,0.594746,0.235899
5.880455,4.058338,2.254009,4.840514,0.191402,-1.240651
14.296260,10.359799,3.998245,3.581166,0.669178,0.733113
5.140285,3.579686,2.175953,1.587615,0.167159,2.055263
5.410133,4.094104,2.230443,3.787318,0.094184,1.744273
7.293470,5.227471,2.304263,2.368243,0.304420,0.465941
8.694331,6.327509,2.715912,4.901713,0.322400,0.429371
16.979546,12.362829,4.166017,4.895759,0.236287,1.548225
7.630342,5.281988,3.220033,3.315114,0.429247,0.545916
8.099341,5.737964,2.883349,3.112252,0.473005,0.457656
11.928659,7.289100,4.723433,4.937119,0.809566,1.663940
15.743670,11.209173,4.055967,5.383239,0.346757,1.408540
15.847255,11.213166,4.291042,5.610723,0.291467,2.389867
4.718552,3.475367,1.811637,3.091241,0.284242,0.234988
7.175648,5.294409,3.677548,3.682735,0.401194,1.083325
10.523767,7.473680,3.064839,6.625571,0.154280,1.452667
9.741059,6.923101,3.293192,2.137531,0.425885,1.807936
22.572056,14.405213,8.216685,7.756537,1.869495,9.479280
13.339200,9.479590,5.588776,6.910411,1.417793,3.315720
9.722224,6.942376,2.936234,5.014247,0.542718,2.017844
18.320124,12.752916,4.939861,7.168095,0.667452,2.451914
29.031460,19.012638,11.355877,11.979074,1.160491,1.786819
7.544327,5.724951,2.756865,1.776962,1.119775,0.068881
17.919996,8.937498,10.621845,9.785177,1.616710,2.004603
10.282195,7.587560,5.237655,13.620749,1.102158,10.930651
12.552107,8.544661,11.294389,14.728685,1.722633,7.614452
13.247657,9.705899,5.181606,6.346117,0.232822,0.729630
7.421609,5.583994,2.190029,2.050985,-0.194389,1.330980
20.959181,14.554805,13.743705,21.209906,2.418930,4.496188
8.582526,6.247754,2.348226,4.791363,0.612813,0.934023
5.671206,4.187154,1.951398,3.110094,-0.065541,1.827028
11.516079,8.859125,5.871465,10.885180,0.824673,2.546086
6.609674,3.251310,2.782755,2.129214,0.381960,2.361400
14.825935,10.353958,4.297632,7.471846,0.742357,1.188546
16.228245,11.636760,4.223978,6.518559,0.762071,0.605470
13.441130,5.827376,5.952400,3.732007,0.681736,2.043956
15.235658,10.686454,4.306213,5.630429,0.495536,0.235309
6.507848,4.717317,3.280838,7.296063,0.704618,0.937498
20.032736,14.440159,5.111410,3.601879,0.492016,1.471506
8.026828,5.584350,2.827485,3.103873,0.593676,2.011076
5.564223,4.146980,2.970157,4.394948,0.412667,1.163821
12.624529,8.894202,3.441231,5.384943,0.325882,3.878971
5.822220,4.094423,1.528773,1.477995,0.045468,-0.232571
11.138701,7.764754,4.583048,3.912039,0.741044,1.757022
8.384767,5.769256,2.608897,3.218407,0.421432,-0.233501
4.611696,3.267813,1.799020,3.488917,0.026744,0.313925
4.406170,3.319181,1.869254,4.141478,-0.426628,0.751843
5.375960,3.847261,1.935465,2.818957,-0.144618,1.783901
8.598259,6.162968,2.836174,5.773574,0.732965,-0.043352
12.470044,8.639419,3.834177,8.006003,0.438874,0.958031
18.304298,12.825378,5.711939,5.669947,1.014771,2.488955
14.541362,10.097413,8.040855,11.368549,1.564975,2.479590
13.068084,9.570386,5.227671,5.733397,0.944942,15.081382
6.040880,4.348474,2.416018,4.800187,0.616535,1.434553
11.494244,8.105907,3.168494,6.508165,1.264218,-0.004444
19.185844,13.876900,4.352506,6.684328,0.460335,0.643556
6.492877,4.834314,2.652337,2.977667,-0.063862,-0.003151
6.222270,4.331304,2.584946,1.797593,-0.284528,-0.215244
5.843735,4.107926,3.251931,4.278059,-0.021569,1.030127
8.046330,5.632785,3.042500,3.090185,0.212790,2.001348
8.967141,6.428552,2.978072,4.096157,0.411146,1.216137
4.100680,3.393134,1.700028,2.452920,0.440975,1.255721
12.773080,9.028461,15.358356,19.436357,2.813996,5.762291
8.615905,5.945152,3.093629,4.400652,1.219154,0.776640
10.568510,7.375455,3.128135,4.908427,0.106246,1.467852
14.816954,10.674855,5.821058,7.012750,0.435111,0.001652
7.422248,5.212267,2.446346,3.202888,0.348481,1.143627
16.171972,12.122310,14.186326,22.482363,3.417526,7.665351
16.220827,11.542993,4.104656,3.842956,1.124302,1.724437
15.493157,11.393090,5.414131,3.900592,0.766506,0.880837
6.611244,4.537796,2.558510,3.511833,0.714091,3.111417
5.324539,3.824164,2.439873,2.603665,0.372186,-0.139049
7.341917,5.496756,2.423301,6.783144,0.218671,1.101444
6.372522,4.643331,3.870566,3.340585,0.676984,1.987010
20.280748,14.498569,16.004150,19.882103,1.349339,4.836411
44.583282,27.226570,19.002588,20.451496,1.847183,7.050886
6.966489,4.821243,3.090559,5.944171,-0.097843,1.248306
4.817158,3.741748,2.027065,2.145064,0.043595,0.543439
6.119003,4.301091,1.561499,13.650159,3.387267,13.049243
4.919383,3.774941,2.176193,2.964163,-0.228374,0.977902
5.366476,3.955249,1.856140,3.606241,-0.197975,-0.789827
9.058509,6.736271,3.637875,3.690699,0.671957,1.441985
13.039385,9.328889,8.556164,11.861012,1.296100,2.726523
10.559906,7.524204,3.143603,4.967829,0.796091,0.759794
11.359832,8.640823,3.807046,4.036379,1.312822,0.694002
64.619843,26.391668,29.014133,48.788811,8.667994,41.310135
25.866022,18.041391,15.142049,24.819254,4.086346,5.199040
76.244278,36.617233,76.166138,97.605278,12.033393,13.564047
5.148654,3.765716,1.946784,10.620502,1.210738,2.354686
52.142643,26.300665,29.825182,62.690525,11.084457,33.281948
46.526333,26.218094,30.585169,70.990997,12.086188,33.798946
54.458076,23.659086,67.635735,71.598869,14.019549,75.658325
60.742805,23.657949,100.420830,124.685898,20.254583,108.116684
31.891632,10.345222,17.602360,45.711967,5.089691,14.473631
53.698299,19.644531,24.008760,28.723522,4.852900,14.558690
52.561649,26.401745,35.166145,45.591541,6.155240,22.224771
39.436733,16.885122,27.729233,37.845924,6.593502,10.718566
106.418564,49.164574,66.888916,94.421478,13.089668,32.652985
14.470683,6.139949,6.761484,17.711201,2.729577,6.399554
60.539944,30.763302,65.407440,113.481377,14.360057,21.115965
83.658463,34.910763,70.633003,118.916435,14.193435,27.254400
90.784325,38.492210,190.823273,262.611969,32.580868,48.943707
58.704536,28.324301,61.207977,90.118950,11.469884,16.763885
36.582417,20.710905,24.695587,68.196884,12.763119,29.856512
66.528122,20.232441,75.444176,102.217865,13.373534,21.289062
84.728943,39.748764,87.272629,152.335480,18.686703,27.232721
42.272217,20.964609,23.741798,48.640942,6.869082,6.037151
57.741886,21.120747,29.091009,53.510372,8.137526,7.863690
96.324432,38.888565,56.456520,97.489647,12.298822,14.037515
27.622841,13.279406,18.995266,39.271011,5.883067,7.810725
44.133816,15.525997,42.590225,62.067680,8.553849,14.654378
87.546471,33.159042,122.668053,169.447479,19.652708,27.717325
104.212868,39.031212,104.508858,158.521973,20.254660,36.512814
69.298332,28.628990,101.601318,154.229401,26.332666,134.163757
45.371090,22.916830,44.922703,87.857307,12.265437,34.754616
9.136289,6.164102,3.005430,8.661630,1.451673,2.655649
7.389970,5.207978,2.741543,3.393265,0.779332,0.054105
10.687235,7.734720,3.840663,6.411413,0.738975,0.609548
13.442788,9.539294,4.340392,4.937052,1.231399,3.447371
4.166938,3.327935,1.498331,0.463641,0.493055,0.397645
19.750092,13.990923,6.328343,9.684275,0.548756,1.167079
4.889547,3.748155,1.685286,2.625660,-0.118044,0.938614
13.296281,9.270475,3.769190,6.685271,0.645058,1.581280
19.577082,10.714652,11.044090,11.736624,1.888311,2.897379
13.628928,7.233681,7.156770,10.876981,1.145191,0.522986
4.353475,3.334623,1.478929,2.979307,0.248893,0.787540
4.974688,3.670608,1.983791,2.637318,-0.162089,2.347117
5.271055,3.702940,1.920136,2.964858,0.414521,0.648998
7.665323,5.568108,3.268709,0.333096,-0.001992,0.721297
13.116342,9.404307,3.878301,5.867320,1.029209,2.340037
4.703576,3.492406,1.553226,0.806805,0.161850,0.930113
18.484528,13.261218,5.961036,5.229817,1.079446,-0.055729
4.513161,2.966459,1.944854,2.415053,0.270408,0.472463
5.787240,4.537752,1.895430,2.060792,0.429961,0.464220
4.750456,3.249508,1.954129,2.677346,-0.364974,1.353355
7.670219,5.526144,2.535093,4.896969,1.155299,0.273274
10.805600,7.498145,3.470510,5.083383,1.000358,2.080798
21.777670,14.831267,5.630664,10.590954,1.200068,1.555345
8.896969,6.595789,3.475978,4.185988,0.046895,-0.132035
44.304802,16.290474,47.460838,64.925934,10.442927,41.733330
60.566593,20.627668,60.987953,97.917511,12.145850,31.621504
32.503761,18.316580,27.941370,34.422577,5.462059,15.685985
12.272462,8.314953,3.691767,7.452088,0.955989,1.716393
4.523894,3.536326,2.045799,3.359197,0.505880,1.817779
12.078704,8.278767,3.434144,6.811880,0.231308,3.597477
62.118664,31.710089,30.668743,39.146549,4.273596,8.461540
10.294038,7.433074,3.022843,4.191533,0.607183,7.049988
4.645301,3.314977,2.046587,2.930814,0.516130,-0.548416
20.049698,14.082190,8.429980,10.891878,1.237888,2.312173
12.604543,9.017830,6.997213,8.230580,1.063656,2.137274
22.508368,13.178702,12.431347,18.357790,1.808244,4.392819
12.105445,8.593666,3.441695,4.278620,0.967932,2.631187
10.735086,7.684597,4.918607,6.915034,1.388392,1.934049
14.938334,10.489164,8.326562,11.100261,1.984770,4.115386
12.878616,8.820053,3.462811,5.298502,0.671688,2.159672
14.858185,10.888161,4.489975,8.237314,0.673383,0.496261
5.480582,3.739313,2.111406,5.717431,0.430309,0.007135
14.486621,10.588359,11.471254,14.009263,2.379805,2.068625
13.737020,9.819538,4.332586,4.422282,0.354844,0.165611
10.222216,7.084750,3.538434,4.523187,1.236070,1.455583
12.059076,8.826592,3.894604,4.457012,0.814234,1.192240
11.791568,8.391102,2.502248,6.105543,0.919239,0.852858
5.079170,3.582660,2.197902,1.810161,0.640173,0.743280
7.641583,5.336191,2.308616,2.682626,-0.008488,0.277821
5.709780,4.187246,1.953712,3.024439,0.296530,5.087682
4.965063,3.578761,1.956561,3.524513,0.353706,-0.729989
17.040115,11.474340,12.569879,17.044107,2.469772,4.858377
4.724155,3.656201,2.014645,1.963009,0.413043,1.690970
39.986031,22.980461,12.686888,12.508517,1.618127,7.822176
33.271660,22.017277,17.551132,31.012838,2.850707,3.618368
45.959930,22.342743,95.193573,124.331818,15.109882,27.298330
26.235085,17.252827,19.824444,34.339039,4.909982,6.872205
56.194191,28.343931,78.268547,117.600143,15.997516,20.248280
44.568615,30.386538,16.881987,22.357544,4.147065,5.824705
10.324119,7.424345,2.904073,3.179039,0.726216,2.731417
10.046819,7.362337,2.802177,2.656216,0.216210,1.637826
7.269284,5.145472,6.059896,7.367416,0.916258,2.251659
12.422138,9.062639,4.108856,6.074362,0.319590,1.874146
18.440033,12.780218,9.277277,13.601685,1.481815,3.823913
20.382658,14.173400,6.581625,8.778787,1.396927,3.612734
42.952751,18.797482,27.416994,37.517784,5.486009,6.491343
33.950817,13.758245,23.484203,38.142761,5.352213,3.983163
6.655136,4.504206,2.159524,2.414051,0.822221,0.434689
12.228333,8.697666,3.765213,5.125692,0.386641,0.541021
11.001683,7.972106,5.088260,4.263746,0.201604,0.348248
3.966641,3.078956,1.421789,1.667206,0.555404,1.076781
26.289537,13.523841,8.175978,12.296131,1.674174,3.358022
9.381592,6.340307,2.769926,3.754756,0.583620,1.892103
5.492498,4.101140,2.036933,1.786803,0.324519,1.001379
16.545757,9.451648,5.137561,7.887241,1.216095,2.116143
13.894259,8.854703,4.780436,10.372785,0.915084,2.268349
9.577950,6.810237,2.948001,5.544715,0.985227,0.315473
4.573037,3.449226,1.504346,0.612451,0.271505,0.169097
13.362741,9.651949,3.316763,4.354712,0.712328,3.325242
25.266628,18.143652,8.033653,11.240584,1.260164,0.950492
17.004137,12.126763,5.135961,4.112100,0.802785,2.703652
7.618206,5.468865,2.877573,3.867913,0.194042,0.919039
15.012530,10.461247,4.230455,9.882275,0.928247,-0.139289
33.005653,15.148578,13.221730,20.670414,3.921933,4.194542
13.614279,6.233266,7.834351,15.129539,2.318162,3.371593
95.102005,46.807835,93.202759,125.904884,17.446341,27.485760
32.484840,16.942259,54.526733,64.959679,11.693255,24.094650
68.730209,33.921722,50.684734,71.082825,10.985586,18.933296
6.086765,4.305151,1.833671,2.732856,-0.040323,0.760670
19.797081,11.351911,6.329525,8.440632,0.475748,1.345284
10.043827,7.349163,3.183851,2.906129,0.757157,1.513123
44.745228,26.603659,12.092001,16.519506,2.027174,3.229112
7.817238,5.897108,6.428209,4.615960,1.197919,9.358711
16.389986,12.014174,5.043606,5.775640,0.653077,2.870128
10.241512,7.197172,4.042602,4.624153,0.991550,1.029967
23.965090,16.988390,10.146749,7.667768,1.303586,3.281305
7.063653,5.275908,2.944690,2.693976,0.300648,0.884611
15.024126,6.921626,5.022695,5.532096,0.836928,-0.226333
14.528447,6.865395,4.974134,6.336034,1.410682,0.306439
4.506735,3.219702,1.557328,2.601484,-0.268726,-0.956768
36.893208,14.162250,18.034246,17.750738,3.020792,6.594780
54.301769,27.827730,31.088888,33.260536,4.559329,8.702719
8.057875,5.605143,3.267386,4.995760,0.994618,1.162166
13.200250,9.072294,3.765790,4.369062,0.671023,1.135319
6.757391,4.624032,1.891693,1.101037,0.764360,2.617788
12.392722,8.778197,3.211271,4.007527,1.052352,14.254153
9.936983,7.172199,4.093052,4.719809,1.272254,4.077768
6.432509,4.952263,2.300587,3.547654,0.733664,0.757923
20.419081,14.789583,7.397840,9.808354,1.894828,16.733297
13.415714,6.544542,4.367591,5.533259,1.108202,1.713753
9.390916,6.947234,2.624754,5.851867,0.615509,0.283111
46.018574,30.192799,22.309526,25.333675,3.015535,5.687850
67.299255,39.563332,25.440245,37.197193,6.268875,24.671926
11.021929,8.154443,3.737063,9.425741,1.029601,0.458509
25.784563,9.500005,8.776422,10.577763,4.660874,26.881655
40.792786,26.988771,21.770727,41.409630,8.303941,51.739578
46.088703,28.689354,48.406734,76.007118,12.093120,50.626598
20.107489,12.528079,8.175404,18.053835,3.836713,37.248787
82.503357,33.043812,58.653664,75.096664,13.940496,59.291176
82.105858,32.214020,63.502857,83.209534,13.826159,56.851131
43.667191,25.137260,23.759943,39.471478,6.286782,10.255511
42.876495,19.067822,15.628070,23.116562,4.093037,11.020270
77.941521,25.908461,83.027512,107.562607,17.600451,38.067459
95.433472,29.870352,136.120407,196.628769,27.910814,47.064911
116.207191,42.299812,178.465973,242.800629,31.260260,52.370430
168.888596,47.871323,201.468964,278.246185,35.986965,65.320061
73.454315,27.512066,88.217110,139.973114,18.782393,18.330181
22.770142,13.126627,11.414140,20.690434,2.935757,8.204265
98.270821,45.281021,162.234436,226.828140,31.682163,55.545670
79.793777,41.527828,98.252205,168.060333,18.263483,26.513401
6.918924,5.016527,2.067708,7.615535,0.429696,1.523514
19.195395,13.650101,4.476825,8.247159,0.777303,1.280997
11.508474,8.356453,3.657719,5.465549,1.132258,5.572793
10.508627,7.624238,2.856369,3.737931,0.297008,1.896999
5.497325,3.980916,1.640738,2.303215,0.925980,1.333827
9.410518,6.570310,3.193444,4.444423,0.809345,1.755601
24.023335,16.724888,8.126211,10.900307,1.866130,3.249332
31.734030,19.415367,33.808922,45.774731,6.887871,11.348534
6.394055,4.450710,2.006085,3.882278,0.599610,1.714049
7.288733,5.122874,2.322130,2.681843,0.393458,1.837793
21.143730,14.740525,5.118088,7.338377,0.658983,0.649879
6.162695,4.501260,2.028102,2.865356,0.226110,1.703052
16.474800,12.059187,5.637967,10.530726,0.913948,0.843594
15.834011,10.829798,4.206383,5.629917,1.057794,1.330353
13.229359,9.485036,3.986568,4.664491,1.117178,0.991807
13.637098,9.878195,4.036893,4.312804,0.779021,0.659130
14.456895,10.530503,13.908792,13.745943,2.768918,3.469732
12.211080,8.853647,3.907616,6.994441,1.358017,5.821148
4.874323,3.648349,2.097710,0.860833,0.419972,-0.062595
19.867592,14.280368,20.895651,35.672535,3.797240,6.614769
19.013826,13.645987,6.309381,5.893805,0.906064,2.343660
7.366240,5.181467,2.477253,2.642840,0.776508,5.115462
11.604721,8.008521,4.106983,5.452246,0.582080,0.955508
3.995220,3.068598,1.152700,0.707816,0.249659,0.637460
4.863620,4.039227,3.190136,2.884904,1.077212,0.400647
6.176863,4.625750,2.429290,5.061207,0.383897,0.961176
8.797915,6.527222,2.610745,2.408763,0.172373,1.028313
17.728109,12.622677,4.286964,6.837098,1.194793,0.853036
5.321273,4.119274,3.086920,3.301267,0.333455,1.139678
16.382570,12.061038,4.651245,6.786468,0.743419,4.637407
22.480858,16.083620,7.575810,10.044775,1.625492,4.461035
37.170254,18.350321,9.435305,17.398821,2.242462,3.752013
36.310066,24.841965,10.326585,10.298528,2.148309,9.798626
41.714767,18.358276,37.132694,49.924007,7.338336,27.751665
10.967883,7.935509,3.187876,3.893136,0.714505,3.574139
6.610207,4.688373,2.193521,2.117146,0.336867,-0.458714
5.394001,4.177624,1.774321,3.444008,0.312526,-0.679981
8.812053,6.495519,3.081854,4.858390,0.451431,5.527991
40.562298,23.104006,21.293755,29.334843,3.750144,4.265767
9.831784,6.804422,2.409125,4.282387,1.049916,1.879356
5.709949,3.780533,2.215161,2.730515,0.049549,0.902340
10.506602,7.443595,3.614995,5.882707,0.558355,5.204370
5.833839,4.207983,2.109540,2.797485,0.308928,2.291644
12.700368,8.976772,5.015582,5.492327,0.972844,1.856511
29.753176,14.847139,17.387459,21.097151,2.483939,6.403068
51.273167,27.552479,50.242985,73.335838,9.524970,13.210380
74.643661,43.780663,95.383652,130.358536,17.805004,32.601768
95.652512,40.450638,206.641907,264.888000,35.192177,62.354519
75.627182,31.095024,104.169426,166.101990,18.597057,33.427147
6.334141,3.696198,2.736357,11.907845,2.105915,2.967917
90.378349,30.547190,154.378601,214.993011,30.911692,87.226814
37.887672,18.546194,23.452818,45.036591,5.287022,12.676784
36.766289,18.217592,11.106014,25.051720,3.949331,8.305864
96.832275,36.591946,110.676605,169.870743,23.379879,36.050728
142.019043,51.829109,190.923050,247.405533,32.567005,47.382118
83.129692,33.503925,108.506599,160.576004,18.828661,22.818247
20.506180,7.915868,6.976694,22.529844,2.384181,2.066979
7.090375,4.909220,2.732885,8.746811,0.744761,1.671747
77.956436,35.504406,110.513046,166.394089,20.625885,38.956348
44.230080,26.348648,56.585934,72.951859,10.323104,13.535288
86.015381,46.625114,108.900749,135.782135,19.675974,38.211933
71.355988,29.828695,80.511292,112.830856,14.073870,27.792475
70.539932,24.889975,79.547798,102.753891,16.380476,31.364210
79.475861,27.975698,182.538452,263.861023,37.099785,64.571663
40.219124,24.693419,38.751358,71.860863,8.634175,10.100075
36.411217,23.605812,29.398401,51.401711,11.806700,30.496225
15.796881,11.183945,3.612489,7.466345,0.925478,0.175049
14.757416,11.145122,5.326196,6.811699,1.006138,0.680300
17.546968,12.528022,5.990187,5.160077,1.286614,5.277540
40.025330,16.684925,23.134689,28.439039,4.104850,7.886028
39.871159,16.712761,24.079144,34.765240,3.989913,8.327425
6.817617,4.805601,2.684628,3.455586,0.331614,-0.352107
40.533928,23.406866,62.018204,77.004456,15.542503,56.087719
24.944138,17.082403,8.438996,8.397456,1.327006,1.906153
9.412475,6.851170,3.016014,2.162590,0.802893,1.516379
7.171266,5.123782,1.852889,4.258345,0.855276,0.113942
7.663262,5.688738,3.577761,4.480810,0.069051,0.692846
43.935932,30.951954,29.995338,32.668819,4.173743,10.512774
56.184090,32.335205,38.758087,49.862423,5.903835,12.296560
90.267159,32.071613,101.048103,135.793640,21.011766,57.256145
9.505221,5.776480,3.526666,3.936132,0.742697,0.370308
14.573901,10.751166,4.155558,3.850168,0.506919,0.519406
11.315118,8.254668,3.321748,11.994934,1.370352,0.752993
10.312553,7.292444,2.996818,2.938716,0.910992,0.310742
9.500454,6.960983,3.963129,6.700700,-0.021276,3.025962
12.376772,8.670341,3.555760,6.361473,1.045334,7.139431
33.910049,21.999416,13.537772,17.449301,3.135397,8.239987
4.268342,2.995386,1.493961,2.127504,-0.620937,0.026831
4.898839,3.376536,1.595565,-0.844367,0.335888,1.378857
14.002279,10.277807,3.829162,5.546278,0.823496,0.784387
25.103521,17.877617,10.035753,15.566851,1.397948,1.623522
10.800283,7.637739,3.439331,3.517960,0.529102,1.540524
4.818162,3.682681,1.589951,3.732116,0.258708,0.565124
5.352906,3.931288,1.378620,0.425728,0.234093,1.304443
4.536455,3.282773,2.081970,4.937555,0.501275,0.286736
28.738476,19.771608,9.386978,10.218505,1.303190,5.177130
7.806131,5.360817,2.189671,1.752997,0.551920,1.329693
6.121490,4.473249,1.996701,0.642754,0.633470,-0.118556
7.524981,5.880149,3.159138,5.479077,0.949277,3.025919
8.766076,6.317667,2.975174,2.522871,0.625971,3.946641
5.825312,4.387302,2.847901,1.987264,0.883442,0.383820
5.839319,4.134161,2.126486,1.115833,0.111658,-0.034097
18.655912,8.905354,4.805939,5.671134,1.453251,0.818506
14.904194,9.134168,4.197144,8.310583,1.551054,0.058697
12.196487,8.923716,3.878535,6.693606,0.895364,6.443291
5.066628,3.797651,1.903604,3.070048,0.283411,0.782496
12.199391,8.567117,4.240305,1.696071,0.345544,1.431546
9.239216,6.585848,2.726621,4.267723,0.538982,0.799895
4.774288,3.612830,1.884971,1.524290,0.588750,-0.552631
26.420828,18.634888,8.975031,11.395083,0.734793,2.708456
21.835442,12.053124,8.470517,10.905185,1.254414,2.186259
8.112589,6.075572,2.561723,3.796498,0.486095,2.234445
7.415555,5.438356,2.131104,3.296489,0.118639,0.200132
5.639625,4.056838,4.210355,4.460572,0.522519,0.499983
12.843921,9.092079,4.711578,8.472267,1.138356,1.328682
4.538935,3.068239,1.799004,1.820628,0.340342,0.528962
5.664321,4.031733,1.961478,0.792212,0.472353,-0.190870
11.660738,8.419192,3.918652,3.999063,0.318250,0.363153
11.619198,8.592694,3.401670,4.304925,0.805005,3.514075
5.185379,3.866380,1.780865,2.945076,0.743059,-0.195531
13.733344,10.316460,3.748496,4.603367,0.469647,2.031166
14.459482,10.683928,8.116731,12.462318,2.512089,7.620359
8.009323,5.806190,1.492237,1.845770,0.511530,-0.091180
6.841596,4.740597,2.855534,5.855357,0.299287,0.060483
5.421420,4.117782,2.441712,1.919428,0.559223,0.442354
7.528620,5.091142,2.533282,2.608377,-0.082498,4.164454
9.240344,6.771840,2.528629,3.753280,0.506762,4.480920
15.146464,10.837008,4.678221,2.833520,0.892313,2.834243
6.764311,4.879834,2.364715,2.264853,0.052405,2.104536
19.009541,13.801803,11.644458,14.282670,2.832486,6.150362
13.265186,9.468167,4.668534,9.035657,1.020339,0.633928
52.247173,25.626770,23.044971,29.990713,3.291121,13.273025
53.772625,25.682659,24.481415,33.501110,3.502547,13.645898
6.167617,4.281794,2.282421,1.850832,0.413420,0.147644
4.887844,3.536845,1.749426,4.492891,0.845170,0.952569
4.196537,3.381475,1.829126,2.988437,0.076558,1.686597
27.970333,18.874424,31.726192,40.425362,3.696008,12.500523
6.743266,5.174060,2.193090,2.349473,0.602221,-0.526612
11.283258,8.185488,3.401196,1.034907,0.121654,0.493690
9.489112,6.815382,3.735048,6.152371,0.969069,4.496261
5.363850,4.109327,2.075521,2.495772,-0.243393,1.180317
17.523407,12.331345,7.990163,11.324587,1.265420,5.003129
25.559948,17.570269,6.540308,10.347734,1.504300,2.267057
10.928972,7.985538,3.753980,4.179615,0.623435,0.291185
19.923605,12.726759,7.539152,11.718203,0.776119,1.169093
6.216289,4.160919,1.875706,3.033902,0.546505,1.534842
19.597759,13.875940,14.198161,18.723629,1.975879,4.411496
22.054943,15.597887,6.438959,9.630789,1.925151,11.221321
4.826728,3.383859,1.732061,2.842940,0.344354,2.378011
12.695659,9.423868,3.660209,4.823137,0.622462,1.354084
6.585970,5.037059,1.881984,-0.245266,0.064743,0.585838
11.708211,8.611516,3.526768,4.628521,0.563081,0.046302
6.345412,4.547154,1.787821,3.781303,1.126660,0.789293
5.517709,3.913273,2.055302,2.013160,0.729975,1.777646
21.332729,8.435332,6.372262,9.186453,0.594097,4.520901
20.418852,8.353765,6.347367,8.876287,0.408018,3.565811
32.112934,19.195400,38.685421,63.144661,6.660752,8.918308
44.421089,26.293604,64.706703,77.223030,10.088538,15.686641
11.968990,8.696171,3.854307,4.879522,0.572542,7.059249
15.154152,10.780082,3.797733,7.353769,1.032734,0.519905
5.088745,3.620192,1.962279,4.572951,0.263316,-0.115203
22.377312,15.040348,10.971575,19.726284,2.230850,5.306985
8.643806,6.155138,3.416260,3.573559,0.567130,3.024625
16.468157,11.398265,14.529659,18.407207,3.245398,6.658881
14.205388,9.969507,4.586188,5.392164,1.168022,3.155813
10.032017,7.346910,3.052553,3.148208,0.349591,1.024628
7.023860,5.271071,2.191768,1.962054,0.564564,0.473061
13.195294,9.691536,3.994946,6.372424,0.389884,4.031846
29.148315,19.702242,15.201876,16.016756,2.489047,3.561853
10.655354,7.314690,8.493834,12.702075,1.828854,2.611194
4.600512,3.460291,2.030715,2.525190,-0.174355,0.190179
12.184294,8.712259,3.871571,5.959124,0.548750,0.457755
19.936522,13.130326,16.467085,26.663740,3.462694,6.480135
5.057175,3.548813,2.401547,3.745993,0.473248,1.253417
29.208858,18.566650,21.038708,22.773081,2.986578,10.486130
13.419586,9.815118,4.696434,3.616365,0.277990,0.636674
19.976440,13.835320,6.718144,9.225997,1.501123,1.748816
15.416813,10.543105,3.806992,8.046273,0.277887,0.328879
5.065834,3.619260,1.946104,1.506664,0.330238,0.674822
7.707652,5.418310,2.879243,1.087065,0.329820,-0.063713
6.456125,4.821387,2.014194,0.249317,1.069963,4.432972
7.434246,5.257118,2.998436,3.654048,0.618970,1.167659
47.290489,21.466698,12.577570,17.962427,2.081225,3.097330
43.120907,21.550165,12.308732,19.694221,1.872534,3.212923
7.645041,5.727846,3.242898,9.474509,0.681923,1.448995
15.086200,10.366531,10.414777,12.869488,1.378030,3.954622
7.709098,5.396617,2.609245,3.466116,0.753719,1.018249
5.175333,4.094934,2.292251,2.600415,0.160848,1.135923
5.996862,4.037705,1.985426,3.964065,0.361831,1.671774
7.128637,4.760859,2.424837,1.354847,0.439964,0.740157
55.787846,30.952827,31.821463,33.894260,5.645441,8.089981
29.778364,12.540867,10.109681,23.341286,4.401614,12.635168
4.667407,3.456983,1.627899,1.774284,0.559958,1.238117
7.899294,5.609059,2.867771,3.227880,0.610737,0.060488
11.162669,7.941203,3.292157,4.430246,0.321797,0.772092
5.423777,4.045296,1.835712,0.395458,0.947420,2.560216
14.137152,9.992385,7.020617,13.647967,1.834706,1.868146
7.129248,5.018755,2.501014,0.114616,0.604700,0.022639
16.964470,11.083049,3.924461,6.638949,0.675933,1.388902
13.647686,9.044328,3.591157,8.648009,1.221630,1.252499
13.763776,9.832366,3.593867,5.223541,0.585634,-0.127823
34.194042,22.457930,10.998197,14.730828,2.185162,2.831197
38.946980,21.732069,51.618313,72.097733,16.440762,98.566315
5.754643,4.230261,2.069377,1.161555,0.385028,0.945262
22.116802,15.354755,6.890948,10.736800,1.734331,4.419425
9.215467,6.403738,2.554471,4.518702,0.516666,1.722228
14.853959,11.000996,6.540226,9.564777,1.291463,2.452053
10.096592,7.450650,3.347726,4.720050,0.328378,1.444174
4.622431,3.470188,2.010266,1.363914,0.923680,0.847213
10.818547,7.925292,3.184822,3.758369,1.618757,1.056447
9.055434,6.287552,2.769903,1.500534,0.410013,0.593593
20.825611,15.008561,12.873061,15.490701,1.838649,5.049116
11.037272,8.194205,3.313999,4.776268,0.405649,1.373434
11.555959,8.525292,4.276278,3.738523,0.329321,0.374774
6.172203,4.364193,2.396233,3.020715,0.199640,0.424066
4.492846,3.418604,1.797824,2.486287,-0.028965,2.702665
4.107957,3.247770,1.731095,1.330001,0.202364,-0.339034
12.949419,9.084068,2.666441,6.391703,0.753235,1.023451
15.199010,10.821248,4.375407,7.183942,0.251690,2.674799
5.440310,4.238570,2.058185,2.959996,0.381330,0.919676
8.992359,6.392495,2.317010,5.172309,0.167106,1.307826
8.536900,5.990021,3.527782,3.541747,1.395735,0.753248
5.011547,3.649984,1.848449,2.487776,0.405942,1.150024
7.785958,5.369610,2.762614,2.669409,0.844786,0.507684
10.810299,8.028697,2.955168,6.134696,0.540055,-0.522197
29.410387,19.676212,9.981266,17.780258,1.881623,1.643474
4.333894,3.028116,1.809609,0.466590,0.063809,0.100914
30.143665,20.144217,13.479824,22.857994,3.778170,7.571223
4.568546,3.408620,2.031655,2.682245,0.215917,1.396852
7.027061,4.821367,2.412776,1.597496,0.116852,0.462006
4.985953,3.758739,2.119202,-0.619761,0.417007,1.277287
9.135870,6.825918,2.568158,6.245010,0.429101,0.972087
10.063769,7.044612,5.271390,6.449746,0.356604,2.206017
22.187275,15.988583,5.638923,7.286912,0.863386,2.514671
29.552420,13.924817,18.632208,17.785103,3.593174,8.938394
78.899330,30.275105,53.119911,88.383087,11.032609,18.290964
83.539848,30.417158,57.458103,100.571426,12.019248,19.652790
30.038422,11.946962,19.294373,44.503342,5.140033,7.788943
31.773121,13.759469,28.903315,41.802452,6.946568,34.843361
53.682407,24.971138,64.030876,93.867943,13.552615,26.853436
27.983801,13.470093,16.113907,29.781374,4.412781,9.278086
24.651058,12.818928,15.250083,27.208164,3.944088,8.354419
75.534996,44.755230,63.481251,80.180244,12.054529,22.800930
70.413765,30.188686,103.578453,163.179565,21.362934,60.335999
4.681002,3.469444,1.433949,0.478585,0.077429,3.667219
7.376788,5.070420,2.624997,5.347830,0.337635,2.582444
35.290344,22.509150,9.927854,11.923287,1.948286,2.696381
6.200630,4.873346,3.509396,4.820169,0.479091,2.033510
5.609740,4.215087,1.937215,2.904440,0.091572,0.939252
7.990333,5.884319,2.477128,5.408849,-0.125124,0.497457
21.824965,15.264549,5.532129,6.140481,1.083708,1.889884
22.834476,15.822446,7.114756,8.870528,0.997247,0.997970
9.604751,6.994514,2.620950,2.680998,0.313563,-0.199309
11.965340,8.514626,3.358650,3.292940,1.533003,-0.702703
6.872636,4.515634,2.568335,3.127342,0.467674,1.794676
10.114199,7.114599,3.441393,5.396948,0.936554,1.240752
8.672933,6.328000,2.554305,3.085656,0.345320,1.851939
21.848045,15.287846,14.666629,27.690563,3.476780,3.411006
23.967304,16.998718,6.441995,10.330186,1.620000,12.063662
19.411409,13.271837,5.903630,6.168123,1.412654,3.411169
18.489201,13.062750,5.337311,8.248860,0.846748,1.394419
5.149782,3.735021,2.230826,2.849529,0.084279,0.924813
12.511161,8.789477,11.167595,18.732853,2.555204,3.571668
4.421156,3.307602,1.465646,2.979688,0.187169,0.356662
22.711857,15.423553,8.627151,12.209527,1.569914,1.854885
8.896219,6.612422,2.987946,4.232150,0.848199,0.484697
17.762285,12.811548,15.203180,20.248051,2.773606,5.504282
6.130723,4.551933,2.448140,2.553975,0.905589,4.601457
5.304748,3.908119,1.846992,2.002243,0.481150,3.714378
12.113184,9.032912,5.400943,3.783719,1.856101,3.135667
3.750759,3.009042,1.522493,0.111068,0.878913,0.671140
60.038971,31.981590,44.092957,60.343235,7.389594,14.181858
64.255577,29.794716,40.175922,51.837635,8.780628,24.022102
81.220001,23.805077,67.016640,87.386559,13.028822,31.860794
58.556896,23.948471,54.015511,68.118095,10.321682,27.490723
19.016241,13.173965,6.613657,9.436405,0.750144,-0.136100
9.664112,6.959051,3.064760,2.653492,0.435575,1.320873
10.618108,7.188334,7.552244,8.795917,0.991041,2.880848
12.291550,7.042068,10.069743,13.350289,1.634148,4.373752
7.201018,5.021390,3.213840,2.284355,0.910191,1.223956
5.511485,4.143366,2.177299,4.482356,0.350535,0.555326
22.358385,16.050625,7.430076,8.965688,1.194253,1.855512
9.963664,7.311141,4.098534,1.782436,0.586719,2.868530
21.179266,14.732823,8.386574,9.327013,1.318512,2.536081
13.979431,10.047321,4.003621,5.163005,0.439905,2.721720
4.127522,3.188257,1.773431,0.969436,0.297923,2.499476
8.331771,5.824600,3.247791,3.746600,0.705357,6.900009
13.493215,9.363829,4.107326,7.261583,0.272216,0.616280
14.409779,10.410642,4.401556,7.049311,0.312783,3.615088
13.665865,9.161064,3.962689,6.224097,0.833613,1.376618
5.438614,3.533909,1.959533,0.762222,0.357464,0.565826
9.226794,6.964385,4.172896,3.525908,0.798803,3.959187
17.932245,13.054716,5.137943,7.887397,1.068481,0.701841
5.054573,3.927028,1.540188,0.900204,-0.148545,3.695174
26.376743,18.278536,16.085140,19.307106,3.197173,2.543278
5.802630,4.341028,3.001358,4.994437,0.341030,0.680304
7.146796,4.890750,1.711474,2.406695,0.105810,1.270101
12.413589,8.567923,3.568842,4.064311,0.124640,0.578434
12.012243,8.317569,5.916169,8.393641,1.182439,3.761507
10.254412,7.455740,2.791732,4.267345,0.425073,0.914869
7.992524,6.030161,2.897506,3.103879,0.207129,1.448158
18.329340,12.893722,5.265149,5.708939,1.779773,6.476402
9.841652,7.254029,3.031568,0.639355,0.678753,1.867479
17.116518,12.330426,5.503411,7.053655,1.254701,3.565641
23.787075,14.932442,27.690733,39.041424,4.462227,8.385757
24.883945,16.986864,9.887637,19.578894,2.169119,2.160596
6.096319,4.497382,2.035211,3.286003,0.371970,0.272775
8.648918,6.350684,3.365767,3.090009,0.649128,7.648377
14.988091,10.456515,3.644477,4.735977,0.737425,13.372390
15.816216,10.652600,9.101547,13.227961,1.471679,1.373788
16.910820,12.187370,4.652815,7.376824,0.454213,3.768098
6.647418,4.981183,2.589749,0.881806,0.209899,0.483148
5.868759,4.273183,1.669019,2.132017,0.285549,1.259626
21.618486,15.408618,4.953031,8.909493,0.493568,2.386740
6.640985,4.969007,2.254917,3.422414,0.089805,1.348742
19.599363,14.020325,4.970271,6.018028,0.656963,2.898475
4.520656,3.383224,1.761030,1.084112,-0.080700,1.331737
7.467849,5.577316,2.160019,5.184678,1.089906,1.943521
6.537322,4.697767,2.326181,4.996390,1.050395,1.282505
6.212169,4.681939,2.152503,1.344767,0.029989,0.435123
9.109372,6.597955,3.021572,2.959052,0.561150,2.072162
15.531713,11.021743,4.252641,5.929609,1.025106,1.895217
7.656022,5.034963,3.032240,6.244843,0.640995,1.170592
19.757959,14.287211,6.048248,14.406906,1.383099,1.627411
33.067516,16.798866,12.597491,14.646865,3.212919,3.609655
5.764093,4.067717,1.523868,2.579559,0.548536,0.615305
15.474779,11.084952,6.309116,13.767359,1.299571,1.240241
26.161999,18.102589,8.174893,10.793781,1.804732,3.164623
14.259838,10.619580,4.347942,8.952471,1.261854,2.385918
4.176151,3.324083,1.504009,3.102134,0.215057,1.260490
15.333744,10.855953,4.208500,8.108604,1.277280,0.039848
16.414988,11.540397,5.095315,1.790618,0.554383,2.416807
3.978455,3.197316,1.517971,0.518312,0.124108,0.737294
7.739233,5.673812,2.929200,3.286289,0.166936,0.440605
21.178932,14.351285,8.580546,14.035170,2.084179,2.515855
10.561109,6.711448,3.143976,8.518415,0.683117,0.051708
23.928171,13.999767,14.872252,18.315355,2.779177,8.389278
18.234713,7.664758,9.150293,13.637325,1.825671,3.565541
9.863085,7.001742,2.715357,4.605514,0.718383,2.085469
14.391662,10.272126,4.599768,3.626441,0.720002,2.299319
12.717154,9.107224,3.738652,5.558235,0.944243,1.007618
49.787647,26.334324,17.805117,24.951397,2.812695,7.779060
37.963745,22.585176,15.522372,26.404142,2.655454,6.385707
13.264749,9.600117,4.317133,6.491234,0.479530,1.385055
13.491662,9.530352,3.415576,6.260856,0.925425,12.030614
6.057271,4.519195,1.853162,1.468407,-0.113333,1.057970
11.688293,8.123781,3.056740,3.089445,0.876749,-0.083463
7.671865,5.869547,2.283512,2.302025,0.111728,0.668468
13.165342,9.645443,3.491778,2.562775,0.320675,1.190315
4.864924,3.578518,1.502953,1.763630,-0.202568,0.639115
9.082500,6.441446,3.122924,2.565471,0.216907,0.687061
10.055231,7.318560,2.912778,6.336124,1.142372,5.237570
6.150630,4.098978,2.252690,2.461387,-0.264548,0.311545
6.687602,4.917754,5.219455,8.184302,0.791497,0.747260
31.888287,22.970999,16.989515,19.949234,2.684669,5.095742
13.071362,9.746491,4.940531,4.867169,1.572140,18.360106
4.856469,3.721004,1.600463,0.661847,0.118811,-0.395832
7.058318,5.042847,2.268836,2.843808,0.259746,0.481875
14.172057,10.343165,3.673124,5.000392,0.486407,2.042850
12.934316,9.208730,10.068914,16.373039,1.919868,4.555862
11.271028,8.484860,3.250067,3.895028,0.804842,1.226244
19.685457,13.506583,5.397909,7.713385,1.394284,0.858122
8.097267,4.785490,3.559478,2.184162,0.271601,0.713057
6.920630,5.014207,2.318298,2.793860,0.641381,0.551685
23.916115,16.475311,8.288022,12.931487,2.179287,16.816591
4.239378,3.117248,1.359929,1.868376,-0.283249,0.420625
13.021089,9.114177,2.781694,5.448379,1.004442,3.394571
11.804261,8.932623,3.417834,6.155056,0.993634,2.292110
6.259696,4.204102,1.701656,-0.964103,1.181181,5.063724
10.974539,7.975807,2.751876,4.713448,-0.051953,0.277210
17.287088,12.682271,3.440139,6.056811,0.144546,1.158471
13.582488,9.894138,4.083924,6.359810,0.257188,1.733067
13.672150,7.338004,4.170644,10.917490,1.073975,1.911656
8.267983,6.134790,5.608324,9.051019,1.256704,3.612153
10.714397,7.294697,3.172367,7.049705,0.343685,1.123795
17.275236,12.407082,4.303269,5.831088,0.566406,2.956859
51.132961,20.848368,13.209679,24.086447,3.347030,8.885255
50.702957,20.726351,13.431857,25.285343,3.233802,8.944395
12.589751,8.724013,4.625076,4.903955,0.783584,2.539817
43.824928,21.878283,39.931458,47.109200,7.171198,18.010187
10.890484,7.955754,3.588469,7.280956,1.445772,1.062699
5.446315,4.207108,1.747089,1.399764,0.104166,0.399242
15.056263,10.809312,7.956152,17.172401,1.777661,1.313124
12.120826,8.729629,3.656053,7.537347,0.652933,1.597403
14.963375,11.077740,3.187580,5.649913,1.255921,-0.213607
10.086850,7.025729,3.277187,2.537424,0.066139,0.134618
4.694193,3.424266,1.449693,2.612098,-0.087394,0.766579
9.807257,7.222435,2.976393,5.226002,1.357972,-0.005285
17.989040,12.925552,6.323258,11.687541,1.404637,5.767240
5.551586,4.175361,2.332841,2.885966,-0.333245,0.529354
8.777486,6.206792,2.895884,4.739985,0.192748,1.175645
20.682104,15.145415,6.190921,8.643719,1.758232,1.085812
21.434345,9.406473,11.813707,14.608086,3.449612,14.681412
35.856514,13.354098,19.469320,24.940641,5.703856,18.643816
29.090088,16.187250,16.197554,27.430904,5.092958,11.434746
5.223979,3.942305,1.774042,3.977967,0.218857,-0.098418
5.812162,4.317862,4.106250,7.167928,1.030786,2.922752
11.010972,8.073804,3.093467,5.209898,0.773964,3.050810
27.377874,10.808952,12.911216,19.220205,2.814617,7.238289
28.091642,16.808245,19.469452,32.905075,4.217569,4.048862
28.663111,18.455114,13.211745,19.422777,1.965653,2.525947
8.943504,6.205546,2.701482,3.745507,0.730108,1.117785
11.769149,8.644000,2.914422,6.821668,0.466405,3.724595
9.955718,5.427513,3.793483,5.097932,0.953459,2.962015
9.670218,5.517397,3.875601,4.850256,0.589878,2.730567
16.451172,12.266172,4.970809,7.576293,1.032928,1.932920
7.098834,5.216860,2.536595,3.741423,0.291641,1.553721
12.804712,9.348051,4.975633,8.600415,0.880890,3.642198
8.105426,5.890133,2.741559,3.948924,0.643615,0.240216
6.836994,4.842658,1.610918,4.287790,0.238587,-0.027136
31.728380,15.842579,22.918827,29.582664,3.555155,8.388027
9.168431,6.622923,3.413863,5.596626,0.334283,0.011449
11.066320,7.811414,4.468803,3.598229,1.007023,2.823977
11.163713,6.031982,3.965798,4.587241,0.697223,1.985479
9.130109,4.149544,3.849447,5.058436,0.894109,0.599429
26.419445,12.397930,8.745006,11.982342,2.427438,6.857534
15.058438,6.276583,6.466686,10.189636,2.174299,7.002228
24.987518,17.823729,5.877585,4.479970,0.936097,0.872922
28.089401,20.242916,14.992284,18.012245,3.426436,8.857954
22.892914,9.628374,12.808804,15.127557,1.676843,8.065033
21.082026,9.455577,13.614126,16.137344,1.864253,9.590575
3.847666,3.066811,1.731709,0.556491,0.639522,-0.104061
17.095177,10.899209,8.733469,11.725409,1.959294,2.743068
16.154688,11.571168,8.638094,9.969461,1.429093,5.389924
59.075119,38.021835,50.989742,68.817085,9.644608,14.300590
14.274919,10.462730,5.848449,7.045636,0.887655,2.778958
29.770069,19.730232,36.393555,25.044123,5.811031,22.858030
9.159485,6.634474,3.110063,4.402352,0.176556,0.735313
7.441795,5.346199,2.354042,4.521695,0.695392,4.013407
13.138199,9.920568,3.879485,4.275101,1.370029,1.689475
8.108109,5.795055,2.754736,1.728337,0.378880,1.775421
6.168486,4.565938,3.224575,7.284636,0.845578,1.525192
11.979399,8.212178,3.618232,3.169524,0.949948,2.595575
4.437100,3.207120,1.703885,2.082485,-0.011234,1.229352
14.346678,10.249552,3.898453,7.482281,1.175327,1.059237
5.088528,3.634565,2.100457,1.658462,0.815729,2.127476
12.725216,9.288576,3.535492,3.370322,0.836919,1.020122
13.160091,9.339185,3.798018,3.080851,0.895556,1.166494
5.339324,3.942241,1.697774,2.070616,0.951569,0.095645
11.992367,8.452749,3.558146,4.446122,1.036830,9.855956
18.153387,12.473489,3.914330,5.324720,1.367066,2.292220
11.728985,8.572359,3.344519,5.141393,0.775316,0.755590
5.681296,4.100537,1.861844,1.665874,0.857343,0.292827
23.714424,13.140848,8.379415,11.665744,1.325834,3.138266
9.064422,6.462255,2.704512,3.265736,0.784797,0.840535
7.017918,4.911327,2.497683,3.083802,0.776899,4.946282
8.069898,5.895339,4.472939,7.645693,0.888467,1.229922
17.634382,12.076876,5.393003,6.588048,0.894425,3.309105
8.399824,3.060176,3.225441,4.887167,0.649410,2.454968
7.492546,5.710252,2.368231,5.324582,0.603880,11.364771
16.280819,11.549928,4.569038,10.004277,1.545168,3.932168
4.462944,3.462083,1.714829,1.672971,0.339304,0.304995
12.708036,9.440027,4.567690,3.680673,0.379592,3.797070
15.643593,11.324610,15.115763,12.883945,1.674997,3.583683
9.315997,6.387916,2.931619,2.626079,0.477890,2.303061
6.434400,4.510297,2.063232,1.295242,0.890598,1.163838
11.780612,8.533736,3.556133,4.482231,0.296915,2.163761
13.958442,10.316636,4.261276,9.836791,0.947465,4.338987
4.988098,4.032675,1.696484,-0.048469,0.123740,0.433414
22.592451,16.026548,4.386932,7.984752,1.855097,2.710563
4.704274,3.301152,1.908436,0.830894,0.881754,3.533759
12.821158,8.854997,4.297410,6.576389,1.003395,0.853202
24.392115,17.221066,9.724622,14.967845,2.270030,2.856395
36.357063,24.867247,9.121436,12.206160,1.411544,2.736880
6.225394,4.524596,1.988210,1.573105,1.165574,8.581341
17.933739,12.483349,4.578370,13.376061,2.000751,0.437549
20.315735,13.801541,13.349305,16.583223,2.976786,4.967303
13.515899,9.986642,3.661570,5.696863,0.969914,1.726274
6.348202,4.574098,2.082603,5.066752,0.402391,1.358066
22.477465,16.008377,10.339890,19.708658,3.068674,2.908264
66.308113,38.993481,21.538708,21.093184,4.435147,12.406595
61.135864,30.066891,30.988512,38.055202,3.744628,4.971323
17.298191,12.269024,7.700368,9.503713,1.918611,4.138147
11.154010,8.088442,3.197025,3.366508,0.549635,1.150250
8.220819,5.907703,2.684375,3.437763,0.764313,0.482577
8.965173,6.349248,2.754412,4.647556,1.059343,1.957181
4.079996,2.996367,1.406999,3.682388,0.581117,7.243509
11.518652,8.246693,2.351364,6.452028,0.341780,0.439539
7.754883,5.381714,4.004909,4.501630,0.805979,4.917123
12.644448,9.188605,3.055409,4.637948,0.990637,0.865646
9.042186,6.637592,2.754503,5.795617,0.574044,1.308518
18.523657,12.471191,5.483200,10.091249,1.054618,2.505260
14.152951,9.923981,4.130104,7.047383,0.785618,2.310555
7.607482,5.616719,2.524348,3.573048,0.246798,1.139499
6.454514,4.523810,2.132021,4.604217,1.168681,1.151969
19.128778,13.428354,12.950644,16.933540,1.583745,2.227199
5.735698,4.117622,1.925641,3.686629,1.113619,1.242257
6.496896,4.504898,3.858457,6.090892,0.422770,3.341668
16.927349,12.333057,4.684669,9.021693,1.340039,1.675425
7.989966,5.523338,2.253418,3.620533,0.481736,0.607960
10.723219,6.339715,3.811914,4.384842,0.957231,1.086016
4.900677,3.333697,2.471462,0.023490,0.650767,0.082078
8.061003,5.600810,2.502838,2.211266,0.130572,0.552635
4.498340,3.268304,1.599976,3.397376,0.309948,1.085422
6.775183,4.612276,3.178255,6.722959,0.932980,5.777526
9.168534,6.254932,1.864470,6.252235,1.061599,0.784224
6.972454,5.218284,2.255017,1.414888,0.722648,0.686745
5.819454,4.066579,2.195235,3.820651,0.815641,0.815113
18.461020,13.385037,5.585104,9.215719,2.054275,1.992265
44.381554,26.056795,22.409081,37.199356,4.134471,6.956083
70.922562,24.684113,53.691257,69.498177,10.076233,11.906764
34.571938,14.930587,14.717799,23.578558,3.420475,2.131517
8.878552,6.297590,3.756661,2.350883,0.408377,1.397438
6.104868,4.465626,4.604291,9.259459,0.952891,2.797303
5.959167,4.049515,5.939879,6.768661,1.716149,6.261995
11.441947,8.520149,3.118574,4.418377,1.124443,1.379108
21.705486,14.845246,5.411393,7.530646,0.994047,3.231376
38.820438,24.640240,32.286087,44.492908,6.049561,9.112234
29.440315,19.110163,12.959846,17.892164,2.061445,1.988615
30.013445,20.103998,16.231020,21.591906,3.079234,2.182984
4.423556,3.085045,1.996757,4.785898,0.447338,0.028238
10.848701,8.386830,7.462776,75.030876,29.537672,78.730354
19.429165,13.427945,9.654233,11.759948,2.708619,32.285530
15.359581,11.166500,4.383888,6.369028,1.029128,2.349453
5.090286,3.756419,1.752454,1.654050,0.348743,2.146621
7.335604,5.242957,5.969249,9.313382,1.398829,4.489758
5.288598,4.127689,1.878551,4.448173,0.191950,1.170969
8.862291,6.153732,3.005858,4.330230,1.331326,2.001519
41.785332,27.928480,48.579613,64.675987,8.982541,25.674541
31.714201,15.134910,36.019733,40.058128,8.031419,21.664425
62.188839,32.478233,105.702248,140.248871,19.127569,46.933472
31.184753,11.988073,13.651633,21.683315,3.576411,3.515678
28.227968,12.058690,12.904206,23.774443,3.301432,2.810632
59.671806,28.598169,30.664850,34.719803,5.010211,16.386646
50.263554,24.024443,30.587427,36.671719,5.289527,12.597608
51.508289,23.178232,53.618568,62.639355,9.458026,19.746601
7.193050,5.061076,2.355897,3.269981,0.775174,0.936756
41.980122,25.941425,13.634178,15.914788,2.487919,2.828388
33.832275,18.139893,9.967291,12.124194,1.316504,11.052703
9.674472,6.471604,3.838724,3.944899,1.325588,1.631814
4.630760,3.414278,1.503799,1.896806,0.202778,0.404738
23.371929,16.062984,12.231847,20.173740,2.304977,7.048578
7.941707,5.742429,3.221278,3.498315,1.145475,0.993986
15.763689,11.393473,9.779165,9.839297,1.455313,0.615613
30.014603,19.987995,9.941616,9.220695,1.884040,2.145648
4.862999,3.450140,1.934845,3.361837,0.042120,0.821183
7.667797,5.769137,2.663559,0.897522,0.386513,-0.399735
25.350929,18.073242,6.978189,8.028146,1.924387,5.352173
4.068072,3.318591,1.748745,1.176631,-0.041649,1.191169
4.056941,3.040337,1.486262,2.885985,0.281013,0.865819
14.229254,9.888480,6.785708,7.810636,0.699390,2.164679
20.677946,14.382775,8.118834,9.880687,1.746021,5.994188
17.565323,12.775171,4.430587,4.527218,1.616567,1.464492
21.594410,15.188169,5.771653,5.135676,1.797687,0.814989
5.598975,4.198534,2.117132,2.252660,0.315407,0.773752
7.822881,5.810870,3.076590,5.342846,0.209370,0.701489
6.148666,4.310178,2.407871,1.278513,0.464665,1.497010
22.449604,15.458039,6.064548,10.041892,0.789929,1.465201
4.761485,3.526590,1.663596,2.153394,-0.409479,0.568739
9.101262,6.693513,2.949226,6.568200,0.729887,1.522009
14.412395,10.252743,3.271144,6.314003,0.751778,2.319093
9.322149,6.450124,2.632792,4.224552,-0.155747,-0.729705
6.525494,5.028644,2.241998,1.641861,0.745629,1.662449
39.195343,25.766970,15.627153,20.360243,3.625384,19.005404
41.341408,27.466784,15.571701,19.351295,3.561585,3.057442
9.052441,6.045578,3.573965,4.055546,0.397212,-0.139455
7.876639,5.429226,2.610207,2.985214,0.456518,0.986913
6.044195,4.274339,1.929424,4.925202,0.460969,0.345670
4.536907,3.274407,1.529432,3.406887,0.113186,1.284779
29.785425,21.908951,14.011632,21.124422,3.042919,5.954851
13.080512,9.044256,3.209380,4.922552,1.227176,1.186489
31.364672,20.383776,36.412399,50.341236,7.512308,7.766326
13.045835,9.197576,3.269019,3.750766,0.991136,0.177241
8.023500,5.834564,2.898798,1.839070,0.139072,0.595277
5.900148,4.009595,2.056460,3.817105,0.055837,0.824715
9.210573,6.094449,4.832226,6.390640,0.562651,2.834611
6.706134,4.920002,2.012386,3.392190,0.114389,1.576739
35.072636,24.520420,7.798610,12.008926,0.554994,3.051716
18.428606,13.266107,7.854956,10.880319,1.363226,2.426633
9.167305,6.724353,3.104929,2.869288,0.427371,1.694780
5.860964,4.476307,2.231991,1.312089,0.362074,0.939610
9.232105,6.490571,3.120311,3.474600,0.410109,1.437636
20.721354,14.556009,5.754825,7.156047,1.330269,2.305975
16.376226,11.350529,5.420030,5.359697,1.514720,3.767262
6.138599,4.478106,2.363409,1.983134,0.917670,0.281680
12.726191,9.054090,8.892099,11.603679,1.266536,1.898034
9.816467,7.117284,3.016968,4.881953,0.901083,0.590279
7.941722,5.342629,2.131767,5.020637,-0.161133,0.958156
15.955178,11.280651,4.531950,7.251975,0.668951,1.288422
13.580259,10.137172,3.997231,6.602572,1.011361,2.572299
17.592789,12.364787,4.424815,3.966074,0.587619,2.477608
19.933735,14.088112,3.908487,3.487774,0.474814,1.255075
7.744640,5.502839,2.418907,4.865673,0.055005,0.483390
7.626042,5.582232,2.533331,4.082142,0.408865,2.141333
29.613361,19.993258,12.556611,13.465895,1.956445,6.145399
9.687326,6.605612,2.768626,3.081248,0.308398,1.059600
46.582012,24.921356,17.886333,33.551510,4.918306,8.103622
14.050105,9.526143,8.951363,21.290297,2.688555,1.983146
11.197255,8.060763,3.224273,5.669179,0.806132,1.436750
20.477804,9.056314,6.486054,9.860856,1.040505,1.664294
7.975958,5.804621,2.304825,4.197331,0.529107,0.876987
9.917160,7.407198,3.202024,2.264562,0.931804,-0.070075
8.917370,6.736014,2.917836,3.899672,0.610438,1.637576
16.474075,11.676510,6.186934,8.941987,0.764326,2.727133
21.943216,15.326162,8.605257,13.156298,1.551972,3.251098
11.194209,8.131067,3.011172,5.398381,0.420566,3.092477
5.506634,3.962446,2.311225,2.231183,-0.000690,1.252376
8.887292,6.734382,3.499243,4.032896,0.789679,0.248956
5.735750,3.992548,2.069230,1.997062,0.482340,0.268843
15.354360,11.415943,9.159776,5.797512,1.185653,2.235715
25.205462,17.389635,7.231397,12.454901,1.501403,1.100744
6.034870,4.652522,2.906325,2.228110,-0.279716,0.989143
7.196771,5.347644,2.912932,1.919314,0.353103,3.701485
8.853942,6.539332,4.456087,6.937933,0.876496,1.431587
4.521379,3.424997,2.000003,2.235497,0.220052,0.933129
13.561775,10.063987,6.610071,11.394064,1.475961,3.178455
17.497131,9.839898,4.810100,6.436080,0.694269,0.921937
16.078442,9.910895,4.608459,7.804453,0.834356,0.993893
10.985817,7.769326,4.274478,3.473825,1.107804,2.428355
27.469671,13.767758,11.747360,15.879234,1.929335,2.601700
10.392155,7.639915,3.338646,4.563833,0.685400,3.145027
12.680112,8.833318,3.534447,6.876420,1.191225,0.687375
11.184187,7.678602,3.445162,3.355008,0.628373,1.315042
4.510849,3.135653,1.769297,1.003385,0.529537,1.027751
13.335347,9.350814,3.624035,5.537597,0.325444,6.016724
6.263147,4.710983,2.380608,2.288833,1.085519,0.646764
9.777180,7.224952,2.939459,3.473482,0.394759,0.534190
20.962341,14.731224,5.872546,5.516711,0.655645,1.240868
16.857780,12.211995,4.948408,8.041610,1.291947,2.602102
12.588968,8.946891,3.867593,5.435785,1.589526,0.457667
34.024570,23.137253,18.095356,22.699635,2.754282,4.978299
15.476445,10.907100,4.606997,6.578067,0.776096,1.022773
4.105235,3.012274,1.673835,2.332121,0.156618,2.276564
13.765132,9.714628,3.633260,5.154307,1.101971,0.246251
8.337278,5.972512,2.744776,3.457861,0.480786,1.752128
9.924294,7.390249,2.927447,6.801075,-0.127897,0.558809
11.710884,8.832916,3.786174,2.733880,1.188769,1.391292
15.094829,10.523426,7.909788,10.646962,1.992691,2.540952
5.728687,3.910494,2.272055,2.509228,1.080070,0.848195
4.005813,3.208976,1.825893,3.058193,-0.145798,-0.651559
19.101025,13.398672,4.736778,5.979061,0.924463,-0.152520
14.207596,7.984588,3.937981,6.748994,0.988487,2.245916
17.760900,12.583078,4.494299,5.802364,0.930261,1.356652
17.382780,12.178815,7.434948,6.795187,1.420427,2.964298
10.608149,7.703620,3.552046,1.559255,0.540261,0.850555
16.542425,11.155635,9.750749,14.259363,2.410317,10.372665
16.048437,11.746545,5.060098,7.104650,1.290334,1.370053
6.183589,4.483582,1.739766,5.172817,0.509510,2.079498
6.826652,5.080016,2.484172,3.289968,0.633453,0.777156
8.002868,6.020546,3.078803,4.238002,0.902691,0.459121
23.729647,15.653353,11.826806,14.161638,2.216314,3.288304
4.623019,3.552674,1.831001,0.217434,-0.203867,1.420336
6.881299,4.949022,2.281742,3.599827,0.624575,-0.288932
28.270052,16.593534,8.066913,8.977015,1.298221,3.347866
11.377492,8.164193,3.097827,3.951369,0.875722,2.176503
10.333492,7.235518,4.186925,6.917916,1.085706,5.682193
50.197693,28.790472,15.638208,22.052282,2.779089,3.885188
8.101473,5.761928,3.106069,4.591499,0.609012,0.334811
12.218334,8.435424,3.488961,5.206635,0.268348,0.683168
14.892428,10.632498,3.945409,10.304028,2.355446,11.505786
15.132607,10.759192,4.680944,5.792393,0.641620,1.451200
29.986763,20.830248,8.462820,10.549430,1.490638,4.061001
12.796512,9.309233,3.874790,4.739329,0.465365,1.702923
45.946991,28.466782,38.745502,53.254673,6.274170,12.239330
5.755500,3.973602,1.851694,3.966694,0.659493,1.091601
17.845804,12.943122,4.615426,7.221731,0.965968,1.875345
18.310553,13.006324,5.086085,6.482342,1.224555,1.920616
33.867111,23.393225,9.327346,9.343549,2.068186,3.075084
8.189223,5.781772,2.633334,5.562346,1.288275,1.622665
5.918753,4.609743,1.837520,0.791208,-0.123594,0.712305
9.508155,6.989108,3.287592,6.077554,0.451817,0.967871
4.495303,3.397480,2.136038,7.590999,2.300382,10.885527
5.562197,4.457623,2.191094,0.588097,0.476660,0.969544
11.210317,8.216557,2.955367,3.547445,0.775228,2.148777
5.790948,4.240895,3.068171,4.748620,0.690534,0.221974
35.405777,22.692757,11.081649,16.893656,1.693863,1.842712
11.566306,8.571837,4.046932,5.985480,0.984409,3.327179
41.702888,18.321711,22.626431,34.474670,4.118971,4.144703
34.779896,13.716634,20.801916,39.237366,4.422544,3.682944
35.315712,19.931330,32.234360,41.252804,4.795270,8.042633
6.812512,5.078697,2.461988,3.618698,0.161251,0.895257
12.541348,6.960414,3.714623,7.742320,1.061146,3.722703
13.384575,10.025344,4.302392,3.772742,0.781424,2.219255
26.659145,12.143067,14.311992,21.783361,2.624769,3.684338
6.643453,4.668641,2.637029,1.458210,-0.536974,0.792386
11.028907,8.287407,3.490082,4.548049,0.341199,0.825865
7.544802,5.645980,2.396700,4.118149,0.032309,1.836803
6.666040,5.307874,2.214510,3.574795,0.589337,0.478169
36.278435,20.928949,14.130301,15.666999,2.020502,5.188293
27.711519,17.620670,14.813196,22.000586,2.438588,3.671130
8.552270,5.942977,2.512212,3.606525,0.300836,0.703886
7.023870,4.770488,2.481646,3.902417,0.835122,0.484946
15.638003,11.287549,4.325069,5.759385,0.855982,1.230806
6.758193,4.999744,2.421116,4.450009,0.561983,2.241555
12.781625,9.197626,4.298079,7.515758,1.450546,3.843270
13.495641,9.298691,3.820494,9.534754,1.905650,2.099439
5.439016,4.010739,2.194975,-0.369686,0.475137,0.424987
12.778544,9.267734,3.635884,4.781828,1.772295,1.143659
21.701511,15.606252,11.992484,18.150450,1.918076,3.542970
14.859695,10.838135,7.383107,13.105221,2.066836,3.128015
10.461127,7.482969,3.898441,2.018884,0.678815,2.909959
4.741031,3.716875,1.778241,2.194581,0.067651,1.159354
23.218250,14.866401,6.231428,8.285869,0.740884,3.033276
6.665278,4.993546,2.293611,2.500834,0.403431,1.390820
19.028553,13.416525,4.778587,8.575189,1.264019,6.887527
10.035101,7.294696,2.767685,3.634027,0.215075,1.916897
35.525833,23.451544,23.910574,26.698351,4.085614,9.814248
13.099641,8.880931,2.891342,5.928797,0.815316,1.955433
23.039083,16.572870,7.742034,14.036349,2.094699,9.063661
17.690893,12.320823,4.316472,4.913938,1.143839,2.516399
8.618955,5.906151,2.857887,1.631072,0.610804,0.795516
7.202884,4.866992,3.641326,4.266332,1.098962,1.777075
12.948769,9.587003,5.091985,3.483840,0.587055,3.952262
4.140870,3.209276,1.727714,2.831822,-0.127255,0.004242
5.256961,3.685213,2.082581,-0.085852,0.814784,-0.249651
6.679871,4.874155,2.166152,2.966803,0.564082,0.163670
13.598133,9.432122,3.521250,2.553056,0.267413,2.104395
20.147404,14.342168,6.604536,8.120770,1.608083,3.655339
28.007946,16.314865,28.792831,26.019829,5.144816,11.531215
30.317858,16.501673,37.367859,41.405487,6.337889,13.229610
10.703155,7.941298,3.341164,6.133223,-0.033056,0.161178
5.886333,4.256831,2.168860,3.199912,0.295332,2.596672
5.796393,4.262615,2.289144,1.442322,0.088603,0.438047
15.229842,11.070072,5.329472,9.346330,0.822177,0.788046
61.701900,27.638634,41.199570,60.389366,7.734970,9.841559
9.822862,5.647645,3.843220,8.385739,0.603756,1.642491
11.874643,8.495470,6.416752,6.756592,0.747341,1.331995
6.734439,4.781473,2.676199,4.885046,-0.016704,0.172434
4.142159,3.420138,1.676861,1.892659,0.401702,-0.273707
17.650278,12.591308,3.978885,7.180559,1.077028,0.467696
6.697206,5.010955,2.392746,1.861610,0.230821,0.848744
7.395402,5.499392,1.683093,3.271595,0.030463,1.161260
18.163855,12.871369,5.856931,9.217933,1.547178,25.523811
23.531233,16.036728,26.784145,41.961487,6.472240,35.127724
14.823179,10.754198,4.225977,4.890802,1.258041,2.984329
4.350620,3.227135,1.848923,-1.021649,0.146562,0.626774
47.908180,13.535189,58.489231,72.912918,10.992106,38.254120
41.733860,21.917046,65.346619,93.197647,12.723061,51.078304
11.066556,7.755646,3.300905,3.727213,1.036641,9.729933
13.196476,9.287398,3.994225,4.301065,0.023991,2.249270
24.564137,17.480604,7.134277,9.016376,1.299900,1.057132
4.810067,3.786940,1.583938,2.265494,-0.009105,0.365963
8.802156,6.252703,2.923949,4.614369,0.628524,1.181512
4.986413,3.935484,2.018884,-0.724974,0.028510,0.163205
5.317063,4.289078,3.334738,4.029368,1.216406,2.175415
8.677466,6.220079,2.387240,1.086109,0.430691,1.628720
6.721277,5.001580,1.635670,1.129876,0.630804,3.996015
10.950458,7.873802,4.540172,4.482759,1.152710,1.313614
4.201488,3.209256,1.071964,1.237705,0.072253,1.439040
12.092186,8.883142,3.301256,3.405084,0.187870,-0.020617
38.914902,21.951923,38.580936,56.095161,7.998914,22.047892
18.210669,12.939393,4.562872,5.656691,1.151802,0.442659
3.699771,2.934171,1.783917,0.140756,0.378729,0.314253
12.137143,8.872941,4.414158,3.401325,0.718195,1.331391
9.050153,6.832426,2.585257,3.707045,0.676869,0.077788
8.187446,5.846024,4.277949,2.059188,0.582856,1.757962
9.615303,6.971908,2.589680,3.161952,0.745532,0.994670
14.286891,6.574723,4.482293,3.858220,0.626880,0.083055
5.080850,3.861135,1.719689,0.218249,0.565038,1.426278
8.337198,6.115570,3.142174,2.618056,0.214943,1.640105
6.796306,4.772202,2.214531,4.058741,0.664884,0.613661
6.655559,4.610662,2.396609,3.450190,-0.020153,1.684686
19.729942,13.131436,15.199794,27.564650,3.360549,6.013466
7.178416,5.092437,4.956666,6.190973,0.951598,1.814676
8.378214,6.251407,2.707117,0.548254,0.579790,0.618627
64.021873,40.660160,27.313164,33.583164,3.983865,8.259714
50.037193,19.579189,50.600990,69.925011,9.912726,22.799887
135.250214,48.247623,91.701996,141.545868,15.845267,29.839087
156.452927,48.358017,120.164040,163.180099,18.648691,32.616611
123.580254,48.356030,104.820480,125.839073,14.071147,23.913149
68.166908,21.267424,87.952003,101.950836,11.343806,16.031872
32.625027,18.510456,13.852331,16.796318,2.210116,7.597345
15.220904,10.997203,6.960230,5.343860,1.067473,2.491233
6.741873,4.966988,1.257013,2.223292,0.351856,0.107674
20.153324,9.061298,5.307659,7.017614,1.028320,3.043182
16.265135,7.607511,4.604515,7.354885,1.537772,1.008940
17.552511,6.827743,6.138995,6.596476,0.818605,5.072813
18.733971,6.870489,6.757308,7.916330,1.024642,5.477545
8.941751,4.327925,3.778459,5.993276,0.549773,1.720421
10.507304,7.680302,5.785168,7.108956,0.912500,7.091559
13.598238,9.569064,8.918818,12.431692,2.318301,9.903550
6.845739,5.000833,2.123806,1.181690,-0.021466,0.570568
14.487959,10.213351,5.117785,4.386619,0.922098,2.670327
6.301872,4.553150,4.706789,5.747753,0.025929,1.519599
11.026043,8.088021,3.384641,3.078435,0.324506,1.560489
9.293088,6.532061,2.288505,-0.104828,0.734000,1.867504
50.789055,32.889469,22.357872,31.504992,4.494076,7.155180
3.769875,3.078361,1.485554,-0.377404,-0.024585,-0.124757
14.724313,10.345964,4.440567,2.563820,0.448590,1.379445
29.083147,20.249432,9.828234,18.271065,5.066977,11.569082
7.643489,5.777886,3.104710,0.694225,0.498611,-0.431421
15.455853,11.526209,4.965546,5.167778,0.544707,2.319790
8.161057,6.042368,3.024977,2.642048,0.117182,1.800144
6.697242,4.512012,1.921409,2.150319,0.488543,1.068088
8.502725,5.894960,2.430816,2.994925,0.012260,1.112335
11.457838,8.355836,4.566686,6.822078,0.468541,2.328363
16.598766,11.515469,4.134742,7.251640,1.066034,1.330864
5.299944,3.963197,1.959252,2.303274,-0.240678,-0.227537
36.298512,17.106775,9.789469,11.990076,2.371038,6.979021
20.087536,14.322645,6.787997,10.442009,1.367709,4.305506
8.089790,5.857604,2.764105,2.829357,0.304063,0.581278
13.056645,9.537067,4.458548,4.691574,1.416097,2.162244
13.013426,7.328707,3.766209,4.310353,0.393708,1.890665
14.723797,10.658017,4.358565,3.214348,0.438449,1.323752
9.928689,7.211476,8.044700,10.193655,1.320199,11.055942
13.847913,9.894412,6.961852,5.902380,0.766833,10.996737
16.276287,11.619233,8.417346,10.031457,1.134866,3.948770
8.947570,6.277178,2.851812,2.836141,-0.126954,0.694788
9.968272,6.828799,3.256935,2.755847,0.541288,1.891079
12.415352,8.937255,4.849589,4.728993,1.406137,1.096354
4.017376,3.306301,1.812865,3.020782,0.268295,1.297027
14.124562,10.351924,4.381149,1.955745,0.499065,1.189648
11.719515,8.750265,5.093575,4.057437,0.341831,1.818215
4.573719,3.480829,2.203483,1.269428,0.036506,0.513649
11.942589,8.538221,5.288879,5.229852,0.799816,1.880865
10.461765,7.604318,3.809710,3.849405,0.708544,1.145728
22.354521,15.186911,11.528060,10.330359,1.681661,4.766196
41.227596,24.757460,35.533802,49.979294,6.934428,12.544175
7.664998,5.712506,3.084770,2.436004,0.539386,0.619285
7.965703,5.548305,2.961918,4.558422,0.653139,1.951800
24.884499,17.028948,10.574880,17.805523,1.844458,5.134846
13.929041,10.223625,6.925392,7.047924,1.476378,0.813715
11.846363,8.146243,2.243854,3.767196,5.250558,250.098831
15.836455,11.510282,5.196752,5.695895,1.146799,2.457531
6.441123,4.536234,2.509434,1.214065,0.988381,1.623228
4.559379,3.334228,1.907509,1.636726,0.199955,2.066815
14.852115,10.647899,4.032765,5.715626,0.951631,0.799046
9.155601,6.264245,2.732316,1.497255,0.284201,1.678648
8.340169,5.833920,2.271172,1.995551,0.883347,0.341171
14.938075,10.282733,7.197759,8.971000,1.298184,1.001832
17.449707,12.698250,4.440188,6.979056,1.415087,4.313113
5.289279,3.817410,1.399220,1.298650,-0.028458,1.724967
8.741401,5.921780,2.871268,4.070146,0.592142,4.542279
17.286577,12.099319,7.281009,13.910397,2.127197,4.276937
11.747708,8.783406,2.814415,5.263451,1.062441,1.800986
12.905499,9.238375,4.763229,6.238865,0.051719,0.371723
9.686080,6.788328,3.212011,7.152466,0.959397,1.388416
7.392499,5.487920,2.805880,7.184384,0.649307,3.331932
5.751994,4.508430,2.072402,4.152718,0.945672,1.339618
13.745346,9.844018,3.212524,6.759993,0.758543,0.827640
24.998215,14.277534,7.676596,11.542293,2.264452,1.875896
17.439140,12.274725,7.556282,11.497465,1.926436,4.229576
4.184405,3.007250,1.789558,7.099644,0.979778,1.100170
5.762791,4.371878,2.698209,13.493617,1.268100,0.421252
76.407097,28.733564,67.362282,101.323868,17.955605,55.867054
60.859787,24.746572,52.453331,96.268951,14.615693,29.019615
13.592436,8.358995,4.987156,17.592281,3.511974,2.171370
95.753586,33.071533,210.147903,291.485779,38.033482,87.037643
49.787735,21.293514,108.397476,146.990524,19.623268,68.714523
74.909714,21.382565,107.724709,154.063690,20.557707,52.132454
49.304024,18.467991,39.180141,61.432251,10.448753,15.241059
83.575157,36.163456,65.074684,92.683952,12.687409,22.581259
72.037537,32.952496,58.932987,91.464371,12.510797,24.492882
39.964516,18.190454,120.701431,150.482529,22.873880,50.739658
67.181664,21.460592,167.531006,231.275116,31.234949,63.977608
84.483192,28.732025,151.848892,225.088196,30.170235,56.747162
76.641609,21.823061,108.972733,161.780716,21.841867,36.702625
81.913551,26.323364,62.462139,93.318832,14.140991,28.782063
74.787117,26.412205,44.970722,77.382675,12.047351,30.541630
56.762623,25.412373,35.135933,59.714207,10.000306,31.336229
103.930824,48.860535,138.167297,211.763489,31.901215,102.806282
129.032166,39.380489,174.334686,240.662964,33.320610,82.455399
36.033066,14.471132,21.055994,45.210011,7.968684,11.292443
56.319637,23.146070,50.312168,76.981171,12.728351,21.419605
92.385124,33.576946,164.947433,234.587021,31.425211,53.038956
64.882004,23.781960,123.975227,193.831757,22.512239,38.450405
143.761810,33.652733,211.005402,286.857300,35.602760,50.421520
92.789703,25.472061,93.480827,161.109024,20.158888,30.064085
46.063869,12.818210,21.058376,60.433353,7.294598,8.962132
45.183811,12.164001,21.800430,46.138947,6.514271,14.016324
73.432236,27.197296,54.878311,89.096169,12.486844,24.049438
94.773453,27.161613,69.277550,107.082809,14.726109,41.309822
88.146011,27.174320,63.107208,92.719345,13.854896,43.703953
64.521645,19.545950,50.746010,79.214020,11.909031,24.363527
46.735527,14.036970,56.436863,92.574028,13.177181,20.044161
72.797653,28.140537,89.311890,144.609985,19.609802,26.447781
66.760963,28.078939,79.149979,130.886139,18.360630,22.958410
65.156059,27.125633,27.321850,51.027203,8.078516,16.624290
88.384583,30.008871,74.141777,93.000633,14.881193,43.011372
121.571579,35.822704,241.235672,313.037354,42.954468,131.519699
90.589821,25.854971,120.735672,174.212677,21.608459,57.441334
146.261703,43.587032,358.423492,433.571808,61.771954,147.789230
36.631538,24.095938,46.328548,85.746353,10.000209,13.666177
121.699966,38.770138,137.631546,175.686172,26.863020,95.010315
65.336433,24.024458,57.745079,78.127525,12.323824,67.432465
37.775063,18.306662,34.981026,53.347157,8.726309,17.467806
111.865753,42.298794,253.056168,310.154236,43.217651,95.461395
84.089966,37.993362,138.185654,166.631653,25.708746,36.771126
16.630211,11.354831,5.368455,26.068695,3.794090,2.649554
4.626376,3.502579,1.951045,14.957033,1.776310,3.094089
5.770591,3.756227,1.997881,15.841523,2.335897,2.124016
69.279587,22.660965,60.347229,78.489059,13.796900,36.672913
80.049637,29.471390,99.498383,138.398697,20.855219,40.435040
36.116600,16.723070,14.188781,38.529270,6.777915,18.654303
103.147285,44.425587,88.363091,133.287003,20.869486,77.079384
112.714378,44.610554,98.773628,152.587112,21.235058,68.455765
14.685033,7.033950,6.870985,26.729927,3.110140,2.526378
21.822254,9.250890,5.932237,19.080704,2.733183,3.576152
21.349220,11.389068,6.262648,22.040417,2.686329,3.755503
37.007793,14.086866,14.047724,34.514267,4.289443,9.276698
41.610348,14.002782,16.767315,41.996925,4.864799,10.180513
43.445179,28.130119,15.427425,33.944542,5.172746,6.153441
25.374855,17.373308,7.576192,21.501329,2.273098,2.324471
50.374428,24.689182,60.573479,106.398346,18.208742,30.466652
63.361965,26.388079,37.867134,72.344933,8.938575,13.479528
87.777184,35.687408,156.624069,213.088486,27.188931,47.152973
111.141556,40.712402,166.686813,224.219925,33.160774,67.367165
146.879898,42.487751,184.123581,263.879517,36.687904,59.357433
171.870590,42.476307,181.121948,279.236145,35.626183,56.215843
39.056835,18.452080,31.534695,59.330261,8.810024,8.298528
4.967517,3.106512,2.063534,18.257246,2.561570,4.649377
27.711576,18.102264,7.538101,36.555206,10.021539,25.401913
12.177831,8.277394,3.512186,18.170736,2.977282,3.683831
39.152870,20.867886,29.375563,47.046841,8.000110,29.161428
81.617607,31.518980,82.067749,102.859398,18.886156,62.768562
60.847126,19.796789,96.461143,138.179703,19.726822,63.712723
63.250282,22.814653,63.696167,110.018272,15.348839,17.801659
73.440865,22.922871,72.684700,120.182365,17.470524,20.654079
65.818710,20.669321,63.812435,109.616562,15.307445,16.353949
47.663273,13.656826,52.630604,92.618500,12.472519,15.855115
39.773113,19.756466,61.022820,111.348381,13.817104,12.501704
30.502563,21.123505,8.901377,23.775730,3.354688,7.831714
93.392258,44.361782,79.774818,138.803894,19.438925,33.065712
4.964166,3.844120,1.623047,16.170992,2.881674,3.492858
115.400047,58.492050,111.548492,180.995010,24.022070,33.156639
65.802216,26.701563,41.266296,68.095398,11.416558,29.777582
37.041763,18.690405,47.053986,67.525986,9.783701,10.735062
13.883941,10.084960,4.596613,22.473980,3.379366,2.973374
69.996147,30.559549,61.870285,88.445557,12.458877,29.765005
90.265442,32.132999,94.053482,119.637093,16.732637,45.765507
131.605698,44.472820,129.933075,174.046249,19.813498,46.118240
6.155116,4.514265,2.230973,18.743254,3.893531,1.528637
65.620415,25.241352,75.295456,85.864677,13.969747,32.200077
221.570770,57.985203,219.979858,275.727112,46.927357,150.468918
206.183044,56.930634,186.149338,245.531982,39.130524,124.205475
235.025040,60.900467,505.629608,740.727966,97.362236,246.370987
161.889481,50.371880,185.854279,293.810059,47.310894,126.486626
101.196220,34.089760,154.696609,255.778137,34.668228,45.356617
135.425049,41.201729,363.767639,475.569031,62.981709,129.126556
60.120121,31.352274,96.723297,146.224335,19.839771,35.804443
40.671227,18.887686,36.079884,77.797813,9.851679,11.224770
14.782288,10.493645,10.732972,27.537540,4.282624,6.729101
37.108044,24.323500,16.693663,33.851482,3.690173,11.220452
5.749252,3.562904,2.036664,6.044911,0.572642,0.085835
11.608366,8.424802,3.800563,10.678456,1.233022,-0.152740
8.156301,6.013712,2.471566,9.529905,1.640555,0.740323
25.506769,15.791891,6.502251,13.774070,2.580088,0.687986
32.236012,20.301516,9.618394,16.146933,1.717024,3.578510
16.482094,12.092519,3.967669,5.128461,1.197320,3.865417
5.730515,4.082403,1.489945,2.837590,0.835803,1.333304
8.405075,5.854314,2.204414,3.352925,0.476898,6.615106
12.497801,7.998318,3.030283,6.382621,1.411787,0.840104
16.204506,11.129612,5.024281,9.764807,1.356268,-0.674567
17.637547,12.526328,4.974196,8.843096,0.760923,-0.013669
39.611820,26.532187,16.785250,19.104485,2.350345,6.758635
13.523089,9.895755,4.353925,5.819469,0.560789,-0.584905
4.343028,3.117241,1.588949,5.050103,-0.270992,0.275886
8.030560,6.074654,2.725022,1.381302,0.530238,0.524564
20.835588,14.570937,6.088638,7.632650,1.634519,2.207232
16.086241,11.308123,6.740008,12.737097,2.107744,2.026105
14.139078,10.349937,3.210152,4.894035,0.970116,1.900982
9.771199,7.039155,3.096466,3.118002,0.436396,0.971944
25.476461,16.929152,22.358124,29.444443,3.884269,5.007614
30.206957,20.168484,17.953445,23.872181,5.242884,22.296202
4.647557,3.775966,1.393072,2.641944,0.338267,0.593763
7.533354,5.855836,3.598442,4.332953,0.675947,2.994195
11.287482,8.134347,3.377707,4.557899,0.175482,0.287748
12.797774,9.246587,5.086283,7.947320,0.793905,4.609745
7.221640,5.577052,2.658822,7.239928,0.427305,0.272048
16.791986,11.621675,11.629354,12.474408,1.309509,3.540952
14.834503,10.248915,4.378249,6.928391,0.907985,2.336496
7.423595,5.456587,2.405308,4.492177,0.509331,6.349422
4.911794,3.455380,2.051574,3.494100,-0.070206,1.085951
9.151175,6.834596,2.967749,4.648499,0.081465,2.001881
28.187431,13.898416,9.108397,11.309373,2.390092,3.234075
6.399764,4.525890,2.392998,1.279903,0.186345,0.187951
5.732388,4.444787,2.263103,4.165863,0.810216,0.254519
14.237614,9.741327,12.068017,17.934504,2.368665,4.276961
27.320379,18.505924,18.614096,29.074308,4.623849,21.963009
5.217522,3.844855,1.657860,5.958467,0.596191,-0.183682
4.374547,2.967150,1.881003,3.232706,0.882684,0.934095
12.832788,9.201594,3.433097,3.920053,0.292945,-0.033251
27.983009,19.871716,6.974802,6.493762,1.403391,1.708003
7.160626,5.017452,2.544673,2.934406,0.161879,1.173378
9.196199,6.986080,2.957700,5.198100,0.975929,1.686975
32.981308,21.784657,9.572444,18.348967,2.066574,3.394018
7.897515,5.492468,2.827307,1.281558,0.777138,-0.207039
4.235513,3.230719,1.363872,1.363464,0.391373,-0.232710
19.160198,10.627411,8.230043,12.007710,1.318923,1.248634
16.968483,11.497776,7.732262,11.008402,0.975775,2.530918
10.941645,7.671533,3.085503,8.837078,0.779655,1.425608
14.359451,9.908370,3.996783,6.634670,0.873388,1.520229
18.975666,13.375633,6.783015,10.284940,1.520133,2.697807
9.096302,6.503117,2.986459,5.927319,0.893416,0.268684
7.581655,5.770099,7.440242,11.171083,1.094621,0.606126
19.848913,13.903091,8.300603,9.243254,1.693390,1.833047
6.720438,4.899314,1.972256,3.429270,0.753226,2.118835
12.196779,7.715564,3.650503,5.542904,0.320753,4.268599
33.115421,19.772535,14.230455,21.007704,2.016066,7.373493
6.337540,4.774352,2.344527,2.073257,0.163239,1.348690
4.721915,3.177398,2.067189,0.406149,-0.094635,1.649543
7.620070,5.440972,2.198717,4.657433,0.965402,0.827999
8.107198,6.152417,2.512476,5.134564,0.102492,1.015893
14.136762,10.038062,4.276638,5.765954,0.857112,0.951305
5.366459,4.141178,1.980550,4.906283,0.882207,0.912257
4.976980,3.783859,1.387655,2.516755,0.597106,-0.567349
10.404285,7.410807,3.572892,5.208832,1.043126,0.220631
24.247799,13.192837,8.507897,14.249290,1.749172,6.139610
29.061758,11.905553,10.209500,10.307467,1.935069,9.786879
27.053190,18.110432,33.647022,48.022869,6.471595,5.907101
35.867886,24.890659,12.287819,21.475143,2.568344,6.172511
6.467022,4.503086,2.380958,2.550872,0.547692,0.827135
6.728841,5.108312,2.400655,3.331863,0.589934,1.539462
16.127275,9.671778,20.338495,23.593790,4.059636,8.603295
19.366951,11.221610,10.880519,13.990822,2.124490,3.344162
28.753443,13.139028,6.958412,9.898881,1.184481,5.064401
88.234406,31.827129,79.385147,90.249176,12.930621,33.902210
11.460081,8.002767,3.502648,4.339905,0.378612,1.762477
13.286221,9.374878,4.764084,7.761732,1.051276,1.261160
4.817517,3.579671,1.855497,4.117624,-0.284990,0.158990
12.067767,8.629038,3.800270,4.914310,0.596875,1.338503
33.001034,22.965809,14.362593,19.831232,2.436416,4.612923
9.355376,7.043914,2.598601,4.226597,0.908179,0.165937
7.555364,5.418066,2.329560,3.174583,0.325363,0.842470
48.519974,27.796757,36.735256,44.377728,7.209534,14.080014
18.682259,13.074903,5.344264,8.635478,0.752605,0.855276
4.739564,3.325027,2.132028,4.625600,0.584644,0.578793
4.992255,3.376187,1.716356,3.302136,0.109959,0.519805
20.138428,14.389728,6.497146,6.809928,0.546277,0.893340
9.256130,6.510305,3.003113,4.414188,1.064251,5.736131
13.341148,9.820894,3.507655,7.816299,1.132574,1.706331
4.902353,3.594494,2.025941,4.106059,0.576780,1.160501
7.725330,5.870529,2.639881,5.165477,0.269224,1.898992
16.531488,12.242192,4.624332,7.343591,1.172500,1.670959
23.576830,16.563137,8.702630,10.749413,1.355019,0.029573
4.694603,3.392729,1.530017,1.717548,0.392913,1.243244
9.863464,7.339409,2.349522,5.366970,0.743048,0.162655
14.191552,10.375010,4.066380,9.303483,0.653217,1.148077
12.826207,9.106273,4.027305,7.268402,1.285250,1.497582
8.805015,6.238192,6.824364,7.260187,0.938590,4.237030
5.611885,3.929483,2.313545,4.231485,0.786826,0.424828
4.206279,3.277970,1.854218,4.077798,1.377923,0.859045
14.259922,10.084540,3.188773,6.975564,1.183559,0.301347
52.591618,26.146301,20.625235,28.950731,3.562777,4.417936
14.072689,10.099482,4.204935,5.187603,0.761876,0.875175
16.270718,11.506541,8.919333,10.062733,0.866072,3.970377
6.778111,4.856100,2.084017,0.312450,0.234110,1.052010
55.631447,17.641943,35.299076,46.238171,7.060281,24.733011
64.392044,16.637871,35.357830,50.153744,7.387429,24.871519
39.545162,19.272697,27.589888,42.088577,5.819421,12.391483
19.916113,14.575589,6.625021,8.033463,1.000459,2.505269
10.923170,7.754788,7.232362,7.372001,1.507522,4.508969
5.877207,4.014534,2.080616,2.508844,0.695680,1.651162
19.253765,13.697499,5.436989,5.687148,1.596125,11.910567
11.917955,9.097202,3.995349,6.540793,0.865495,3.773310
7.917175,5.655051,2.552768,3.297442,1.145294,0.887734
3.884413,3.140266,1.545194,3.348557,0.118140,-0.204890
14.294848,9.868277,4.009551,6.576598,0.854157,1.123719
9.620223,7.033864,3.357994,3.678614,0.674249,0.977040
20.798948,14.837093,4.682724,7.334580,1.763422,3.921350
7.925197,5.886071,2.938996,3.489993,1.266668,3.124471
15.248242,11.129706,3.729777,5.356925,0.698525,1.533004
9.404842,7.090916,2.880053,5.121443,1.267015,0.287649
8.360261,6.178174,3.294829,4.480068,0.489608,-0.545958
10.704712,7.813195,3.621660,3.341852,0.758050,9.312761
17.854374,13.286030,12.511917,12.871428,3.512588,20.291170
23.868700,15.653964,19.719791,25.684996,3.606456,5.283601
6.973835,5.042000,1.778672,4.720272,0.511169,0.849868
10.939228,8.251339,14.230299,18.010885,2.692829,3.563161
58.315384,24.064861,50.978733,65.893799,9.987085,13.063146
52.387791,24.110043,56.711651,85.720398,10.799837,13.115601
42.595650,19.567104,57.608479,69.092140,10.053328,17.537567
80.223526,41.406048,87.511635,130.198654,16.519144,27.862000
33.159168,14.670292,17.858667,29.950363,4.556262,7.836324
44.913639,26.812881,68.414764,99.392120,12.513481,15.226407
12.816337,9.048247,3.318522,7.386802,1.219342,0.138429
12.228490,8.968701,5.202070,10.445514,1.543402,1.084576
18.554899,13.712513,5.706789,10.272881,1.224759,1.311664
4.423357,3.109369,2.226673,1.536872,-0.005072,0.038839
13.232585,9.275795,3.944354,4.284666,0.804599,2.030714
6.778574,5.073777,3.532819,7.974671,1.125645,2.267344
4.654769,3.584302,1.899108,0.779340,0.399391,0.970618
5.771999,4.249352,2.415484,1.311234,0.377952,0.797254
7.135285,5.562534,2.331867,2.426646,0.304794,2.623878
13.387361,9.734642,5.073035,10.768833,1.068793,0.846414
13.013377,9.282166,3.518129,3.545975,0.397887,1.448055
5.259057,3.655858,4.389022,5.799625,1.085037,8.189328
7.890052,6.222853,2.729125,3.784700,1.034514,0.737176
22.174911,15.987910,6.019593,5.677145,0.891808,1.235581
15.133188,11.206191,4.779480,8.503424,0.792017,2.285500
8.236512,5.670421,2.785167,1.360492,0.926405,3.903196
10.772737,7.626772,3.478661,5.460462,0.697462,1.068350
16.520668,11.891489,5.081194,8.033183,1.114163,1.372182
34.870544,23.733322,9.847869,12.312646,2.245263,2.719970
34.890163,16.724205,11.023190,20.917526,3.262033,8.563375
30.025949,14.799273,14.957560,34.483055,6.618837,13.280477
92.852730,34.677856,53.405361,70.545052,10.650607,17.531408
91.203865,32.686928,61.474598,90.319580,12.221885,15.501408
45.182674,18.441427,19.082445,31.946764,5.668367,6.986098
19.073404,13.795374,8.797811,15.829870,1.907439,2.066465
56.950253,23.506939,17.211029,22.576672,3.413560,5.837563
4.943850,3.805478,1.978424,2.466774,0.207975,1.055145
16.907448,11.983335,6.276557,7.398467,1.065541,0.174601
13.312773,10.026587,3.730084,6.058998,0.901136,0.973086
21.391542,14.580054,12.243072,19.304024,2.353194,5.836543
20.350460,14.357672,5.218284,8.178161,0.649575,1.943232
12.151790,8.515082,3.917077,4.822590,0.298176,0.978827
12.701636,8.852419,3.919599,4.061058,0.767861,1.614334
35.860142,20.453569,18.984821,24.564039,2.873268,5.866484
13.778149,7.099152,4.140677,5.119180,0.288810,1.490891
12.632708,9.006710,4.795857,6.502910,0.407336,1.555406
10.123517,7.274065,3.104829,4.943916,0.022037,1.070076
8.300832,5.325241,2.760123,2.975380,0.352282,-0.375265
35.993622,17.438786,13.242052,17.171566,3.313436,5.672606
25.317886,13.268060,5.344176,11.496269,0.717046,3.253098
20.973316,9.127501,5.685016,11.476239,0.853860,3.133391
22.534657,14.753293,8.149486,14.226141,2.182203,12.474051
35.343449,13.532708,17.721498,22.660728,2.988053,5.106728
14.518842,10.017878,4.563392,3.896671,1.081052,2.194652
36.987858,24.161470,31.321463,64.761787,12.002748,21.430773
7.944554,5.506207,3.030009,2.650739,0.410461,0.386381
13.711537,9.669252,5.270863,6.887903,0.972645,1.760086
11.870869,8.268887,4.795448,7.728862,0.558424,1.677348
26.494856,12.247145,7.773601,9.992011,1.393653,0.943452
19.799784,8.148052,6.148887,10.946354,0.565479,1.005187
7.483089,5.761993,3.534501,3.623855,0.569554,1.046725
22.169798,15.734661,7.026205,7.112867,1.521410,1.239670
5.115624,3.955166,2.141852,3.309653,0.696227,-0.075192
43.723370,21.194641,14.997099,18.825008,3.061000,3.302001
9.487459,6.708921,3.108596,4.485061,0.500120,3.048694
5.057477,3.636709,1.955375,1.605540,-0.043479,0.373807
7.429193,5.302473,2.445596,3.516649,0.166047,-0.082811
5.596880,4.079383,1.857613,2.791370,0.165756,0.668130
8.057295,5.608788,3.921231,8.530096,0.879657,2.395682
5.664608,4.000582,2.229394,2.404668,0.525374,0.288800
33.283749,22.474110,24.761272,35.605816,7.555481,33.447937
43.301178,25.489464,28.539057,35.884357,5.397549,8.432388
20.263008,8.951407,5.477449,8.922280,1.603893,1.256392
38.706921,25.191029,14.324372,19.521719,2.465025,16.950613
10.629343,7.783666,3.213836,5.447811,0.166979,3.363764
29.680536,21.139214,8.107186,12.917401,2.047515,3.433580
20.404839,14.459496,8.956436,16.953642,1.973803,3.713900
6.075655,4.328453,2.024624,3.478442,0.465607,0.947968
14.369019,10.637719,3.994322,6.120846,0.599758,1.639612
6.361384,4.605542,2.378547,4.334002,0.160601,2.943163
6.307002,4.928933,2.294904,3.170765,0.379054,1.710466
11.707973,8.721475,3.456429,5.667373,0.941463,0.308720
10.244487,6.972283,8.887964,15.670835,1.941981,2.420337
9.402635,6.002522,3.312129,5.083870,0.241368,0.148036
8.600362,6.130296,3.262337,4.871877,0.547559,0.763067
20.171270,13.939865,10.882874,14.092759,2.152620,2.538965
18.601358,8.280528,5.856246,5.437407,1.744934,8.367509
15.327493,6.283169,5.492720,5.039239,1.032594,5.880015
7.738223,5.463922,2.750523,3.794970,0.619416,0.575865
26.867395,18.689001,12.552993,15.144011,1.809696,3.130379
5.058367,3.589703,1.312078,2.911798,0.109963,0.040372
24.359808,16.857183,21.334965,27.458107,3.832273,7.947608
10.347352,7.517787,3.774962,4.693174,1.194975,1.885476
8.037542,5.996176,2.567645,3.713204,0.626752,0.274965
20.576010,14.706970,5.139172,7.866238,1.434514,1.454732
35.874153,24.428734,10.475022,13.895452,1.835092,3.158794
37.811436,23.990965,25.970457,35.162056,5.657977,6.304729
60.350124,32.785027,58.668903,67.569351,10.108163,21.929390
24.861322,17.533438,10.858008,17.108877,2.663718,4.444975
19.624767,14.107098,4.425356,8.100907,0.986556,1.587617
26.773716,17.436789,11.146606,12.716242,1.033839,8.717256
16.235893,11.742443,4.882411,7.648849,0.719641,1.381369
4.987887,3.845614,2.184827,3.373240,-0.193436,0.593637
35.631897,22.486547,13.734793,16.234081,1.733964,3.548798
20.125042,14.630219,5.803267,6.494359,0.976865,3.076352
29.907524,20.222692,10.143085,15.360455,2.399656,14.765541
9.928758,6.933224,3.732734,2.251527,0.095144,0.492989
4.554273,3.009143,2.030986,0.352530,0.728259,-0.236162
8.145064,5.885358,2.527617,2.327322,-0.244520,-0.636182
20.059834,14.272034,4.675778,8.381225,0.873999,0.546066
6.393938,4.425159,2.261060,4.781069,0.381547,1.109945
14.926392,10.497280,8.996983,10.724561,1.690393,12.072968
7.241725,5.131139,1.806945,4.615680,0.560291,1.612531
13.361735,9.733220,5.978424,10.623782,1.175442,2.011777
12.579854,8.968002,4.085427,6.219564,1.156448,1.248744
5.221052,3.907692,1.740914,2.457430,0.201766,0.513526
11.625062,8.172188,4.191718,5.566371,1.169297,2.126245
4.348441,3.320923,1.563604,2.285328,0.283949,0.751155
25.621004,17.183325,21.985994,31.701460,4.010506,6.545705
17.512877,12.645384,4.945171,5.008219,0.268046,5.739769
9.724505,7.198772,7.199961,8.766349,0.599489,0.642924
11.948725,8.583280,3.976991,6.689133,1.376401,2.067308
5.786945,4.042490,1.962404,2.428370,0.489786,2.633890
20.691841,15.099643,5.337496,13.895144,0.899000,2.276667
5.266619,3.784811,1.631006,2.727540,0.214888,0.364881
40.553642,27.008743,15.871351,22.524557,2.994531,14.738551
11.704093,8.078339,3.037614,3.092475,0.386957,0.307630
15.899947,11.571236,4.475159,31.401951,12.457703,33.283714
6.088236,4.170925,2.242951,2.077217,0.484874,0.957821
107.273743,33.756889,74.781258,98.396332,12.655811,18.908768
5.339493,3.997526,1.667537,0.492487,0.587514,0.954258
7.744210,5.467043,2.461736,3.980572,0.098940,1.395584
4.699964,3.479950,1.708070,1.237155,0.441419,-0.583899
6.573496,4.891391,2.508152,1.734527,0.339525,-0.645791
11.149664,7.823309,3.368265,3.509463,0.103773,1.246336
14.423397,10.585560,4.622491,4.493203,1.309142,0.800467
18.520781,13.309257,4.356539,7.448670,1.029272,0.326991
4.394464,3.108226,1.872149,2.082948,0.187208,-0.326170
15.787316,11.280044,4.596458,7.296592,1.490674,0.664898
9.918728,6.874415,3.077156,3.933519,0.469703,2.114786
7.771049,5.649853,2.464093,3.192760,0.445501,0.545692
19.406124,12.397417,6.065936,7.159881,1.651953,2.196547
8.297398,5.553999,2.632530,6.476453,0.493513,0.277954
6.895815,4.878341,3.488613,4.065659,0.397877,1.541283
17.583305,12.533130,4.661399,5.684622,0.741221,1.580396
21.503328,15.349954,5.942775,7.205416,1.005634,4.573365
7.798969,5.485057,2.309525,4.685660,-0.096187,1.528199
8.183169,6.253776,3.995544,2.497641,1.015274,0.293190
6.532256,4.819112,1.937080,2.992693,0.904191,0.957978
4.960385,3.999292,1.549145,3.076822,0.370758,0.045683
19.020599,8.961002,7.992990,16.283800,1.473230,2.932785
24.851845,16.306625,27.464787,47.015888,7.455823,39.808247
23.460497,15.711902,15.815789,25.270639,3.962257,2.536634
34.543465,24.296364,8.911828,9.026438,1.313871,0.864349
10.052946,7.338449,2.911759,6.463535,0.126680,-0.348118
14.072306,9.988467,2.971639,7.927133,0.842826,0.878071
16.480955,11.686676,4.204198,8.369815,0.820963,0.917562
4.405138,3.331162,1.757877,1.099211,0.250954,-0.780541
23.625584,17.380859,6.351490,8.461680,0.685902,2.221737
7.564104,5.582684,2.082978,3.956202,0.504268,-0.647241
16.706669,11.576336,3.735053,4.184576,0.884912,0.108537
5.833210,4.210628,2.034748,3.342261,0.443526,1.505329
12.041101,8.801101,3.291127,4.225899,0.579570,0.375670
6.086385,4.204823,2.123499,3.062061,0.335206,0.439303
4.576832,3.793083,1.501214,1.097651,0.783127,1.355098
10.057495,7.757211,2.894266,6.583330,0.371759,1.353858
11.959373,8.436648,4.504867,7.352728,0.542743,0.622600
12.351570,9.104873,3.553151,6.771574,0.668356,2.962151
7.451276,5.407423,2.367019,4.656137,-0.143720,0.881703
9.834647,7.232674,4.876633,6.586454,1.119676,2.022400
6.041206,4.610264,2.408633,2.282565,0.333136,2.010383
19.636152,14.284991,7.772561,11.744750,2.228817,2.210150
8.438856,6.187333,2.956038,3.768558,0.263596,3.392830
14.011957,10.137512,4.153904,7.301141,0.784187,1.610846
10.206637,7.372309,3.409670,3.739965,-0.171881,0.455576
9.757272,7.412117,2.662530,4.186694,0.427566,0.346587
26.385731,9.552717,7.284280,7.141716,0.872540,5.821541
48.967201,29.562824,22.881916,29.167736,4.322919,5.143531
11.226650,8.188039,3.070863,5.029608,0.513240,2.130567
58.831009,34.614216,91.448418,109.945816,20.591082,141.149963
10.066588,6.949446,2.633857,3.322283,0.454022,1.413320
6.153420,4.121095,2.384461,2.971714,0.167366,0.745698
8.898712,6.565241,2.393258,2.195832,0.576345,1.984977
38.915459,18.843445,9.940091,17.669703,3.087068,2.722702
30.792040,13.300366,9.101276,19.239405,2.957752,2.013590
4.226752,3.046147,1.596861,0.527695,-0.305172,0.722379
9.091798,6.378969,2.925262,3.302695,0.881990,1.767061
15.571929,10.828410,8.220062,11.332264,1.258914,1.543132
4.658894,3.540111,1.719077,3.244467,0.064523,-0.002084
13.316740,9.713186,5.424497,7.190624,0.789566,1.886675
6.350672,4.712546,2.272405,1.867534,0.096894,0.717325
9.520518,6.770964,3.698939,3.695155,0.910261,0.152132
26.258442,17.807323,6.665315,8.250442,1.349332,1.274960
20.742918,14.080816,16.354679,26.089197,2.725715,6.284602
27.597330,18.576220,13.251993,14.498106,2.699379,6.165446
13.261369,9.208694,3.666517,5.724244,1.286313,0.781049
14.498797,10.273276,4.404367,5.620381,0.749270,0.627349
20.689154,14.713417,4.378835,4.753869,1.365583,1.211829
19.948278,14.124698,5.302477,5.509406,1.141093,1.507579
11.230614,7.934163,3.791420,4.546268,1.011239,0.797994
11.058909,8.213232,5.195690,4.888789,0.778698,3.133575
10.551951,7.641229,2.503350,2.961291,0.519167,0.908100
4.448843,3.295661,1.552048,0.622787,-0.254857,-0.385267
10.775904,7.731033,3.135133,3.469372,0.085677,3.118954
7.732391,5.749107,2.682762,3.619681,0.305947,0.645975
4.250805,3.078295,1.503188,1.242946,0.313476,0.624031
5.929683,4.331894,1.896989,4.029886,0.533254,-0.744310
9.585293,6.719790,2.724187,5.293565,0.402830,0.375084
5.436249,3.972883,3.506085,9.519354,1.013714,1.066326
4.111967,3.198888,1.536533,0.699331,-0.101042,0.022467
13.901930,10.134929,4.606822,3.341761,0.579013,2.015558
12.636891,8.844678,3.643020,2.177143,0.252311,2.277344
7.913734,5.635059,3.321167,2.449186,0.273446,-0.381222
8.748036,6.166752,4.482614,4.729418,1.294492,0.313716
12.105415,8.456879,2.919576,3.875701,1.174336,-0.183008
6.295627,4.535593,1.984957,2.573004,0.146813,1.293429
22.518919,14.839000,38.420414,45.343517,6.618538,12.330598
5.044724,3.960925,1.994986,1.404066,0.615085,0.563603
14.800082,10.587980,3.124377,5.394614,1.391299,9.805799
8.868107,6.333729,4.760710,4.847987,1.203504,2.379471
6.539864,4.693336,2.087422,2.641190,0.585950,0.886829
5.890271,4.327559,1.471364,2.402411,0.658923,0.915333
4.517651,3.134673,1.917781,2.870527,-0.190370,-0.220775
16.268444,11.762871,5.378472,8.549235,0.918187,2.112440
7.760837,5.519491,2.797237,1.035752,0.304083,0.676625
10.146692,7.374091,2.380225,3.313771,0.657643,1.067553
6.963355,5.092855,2.584266,4.009653,-0.185026,2.470378
33.722179,21.261890,33.898499,51.021351,5.850214,7.847372
7.950184,5.660605,4.164659,3.761011,0.633836,0.974740
9.661388,7.409270,4.449821,7.250533,0.837863,0.993161
11.728168,8.621560,4.492121,9.484797,1.369780,1.521945
6.732018,4.975087,2.827045,4.922832,0.229295,0.218367
6.546086,4.603544,2.104865,3.481540,1.027659,1.293208
5.183575,4.029462,1.798952,2.373989,0.343554,0.507338
4.409158,3.283767,1.169422,3.922452,0.333325,1.411925
13.372951,9.560122,3.629918,6.001778,0.404772,1.063741
5.476145,3.975631,3.100106,2.845561,0.201626,1.233477
9.906622,7.303105,2.554758,3.709499,0.116439,0.016934
8.038751,6.051724,2.280763,3.157270,0.199602,0.949262
16.794571,11.748004,4.243455,8.246914,1.477514,6.171235
16.001024,11.815841,3.665081,8.190081,0.869467,0.443320
18.427986,12.905040,5.273759,4.320548,0.562254,1.698795
6.525607,4.870770,3.513090,4.315971,0.182406,2.080585
15.166125,11.152483,10.839808,16.052013,1.280390,3.230652
4.285103,3.379235,1.282423,1.464819,0.263909,-0.402976
4.156848,3.331284,1.265320,1.579354,0.365815,2.403538
28.624384,16.427061,8.392236,14.924884,2.205931,2.486264
22.855009,13.696172,7.925721,12.004320,1.926174,1.736257
4.288996,3.208473,1.824819,0.545365,0.104832,2.439283
9.375959,7.184468,3.240865,1.512127,1.019494,1.694780
5.148530,3.747915,1.871329,0.831473,0.287332,1.492958
11.813113,8.452983,3.787194,6.899608,0.708790,0.281541
9.637067,6.722282,2.965467,3.358824,1.045396,0.304777
6.904498,4.810676,4.579154,7.482535,1.039947,2.453070
5.487932,3.820262,1.668355,1.681860,0.309727,-0.044559
6.465252,5.051850,2.248230,4.833054,0.006210,0.378505
33.965126,21.652138,22.997169,26.295523,4.291877,12.131412
10.329301,5.674827,3.774104,4.968400,0.423408,0.863472
9.404092,2.944033,3.767447,5.308008,0.123379,1.474731
16.246378,11.095901,4.088794,5.698742,0.834478,1.081542
26.029934,9.388663,11.571042,12.452334,1.235350,4.089599
57.273430,33.883930,35.475803,40.380409,5.108996,7.948007
25.787939,14.987096,6.688608,9.204651,1.524392,1.137834
6.212161,4.571623,2.426650,3.990478,-0.158035,1.854092
8.081431,5.663875,1.965666,0.673178,0.322460,1.283672
13.773932,10.204258,4.655549,5.652762,0.499797,3.650643
11.481240,8.294576,4.143365,5.306168,1.089739,1.319257
8.921170,6.456914,2.215637,3.830527,0.275432,0.536690
5.584525,4.044846,2.035602,2.374846,0.459217,0.155787
9.357803,6.884584,3.077483,2.028579,0.248789,0.960011
8.435260,5.898605,2.518450,1.486984,0.427711,0.845380
8.172938,5.788461,2.384970,2.962019,0.892019,-0.754909
7.015193,4.940443,2.291505,3.284173,0.806635,1.061832
30.990503,15.158524,23.610723,21.863697,3.419148,5.730060
31.083887,16.742908,18.409800,23.848972,2.530214,5.744057
6.016467,4.367958,2.029464,3.509285,0.244710,0.733546
41.930038,25.671331,55.055305,71.902916,10.305070,15.315626
12.275160,7.581594,4.235818,9.671124,1.833727,5.141071
74.634506,30.148764,78.757347,91.359177,13.316330,37.989620
84.850357,24.714577,93.255104,119.449852,15.543607,42.796303
49.850189,17.844107,47.399879,66.696594,9.211868,37.554928
51.137150,19.661282,45.789799,57.153465,10.140479,68.941811
44.582924,19.830612,42.098057,54.928040,8.629456,65.880188
16.148684,11.193012,4.887385,10.666034,1.041740,1.345706
59.615376,34.600952,61.682262,76.194443,10.357220,18.851498
36.540043,22.185070,59.700348,76.804672,9.779716,11.255932
57.096024,35.886318,47.256901,77.016724,18.127682,292.102631
12.574648,8.976439,4.034614,10.665209,3.159186,0.453130
41.735432,17.818134,37.321117,61.055531,7.960353,13.767941
65.403130,25.337376,35.846569,52.899235,8.480618,19.250433
54.117523,22.861181,35.318108,64.412636,8.070503,10.856032
20.450750,14.430669,8.492693,8.307910,1.863392,8.208970
8.801410,6.499230,3.289531,1.850604,0.203795,0.583890
6.628036,4.982996,2.120146,2.793937,0.807696,2.166312
22.135834,15.642747,6.923834,3.200573,0.273065,1.367601
6.270847,4.697055,3.463391,7.145867,0.445794,1.132184
11.187039,7.879255,2.920534,5.182737,0.077180,1.148683
19.304394,14.064968,5.063982,8.979786,0.692011,1.904654
16.303247,11.599843,7.166584,11.444592,0.817263,4.041326
11.404180,8.112493,3.177923,5.679637,0.443200,1.079481
4.046552,2.976073,1.332713,1.889675,-0.097808,0.241135
10.733577,7.492400,3.244371,2.987458,0.629677,1.053934
14.191607,9.888673,3.730461,5.974545,0.130764,1.465782
16.984819,12.234679,4.410104,5.611453,0.614483,1.855412
11.177729,7.990619,3.136619,4.942579,0.491548,-0.529356
12.210846,6.744071,12.582869,22.059237,3.769920,8.936903
34.523079,18.611647,30.755674,31.733309,4.807318,7.885643
41.525166,22.188482,51.094898,64.076279,8.007019,9.115445
6.244586,4.475140,1.927057,2.657790,-0.040717,0.234003
9.116514,6.876155,2.887347,1.695442,0.002530,0.664778
5.163993,3.756412,1.955274,2.547460,0.342065,1.554774
13.825293,9.654355,4.881958,6.938840,0.676425,0.493527
7.710199,5.640645,2.971678,4.818734,0.711096,0.149083
14.569576,10.661264,3.861209,6.136694,0.690889,10.970173
15.100274,10.734652,3.636096,4.800694,0.928055,2.274853
15.468514,10.773772,4.286641,5.089365,1.177622,1.672816
9.230918,6.400585,6.494259,9.428878,1.737985,2.901847
17.650692,12.458412,5.818978,5.584970,0.376297,2.044204
6.621595,4.867300,2.466574,1.848028,0.933334,0.267416
7.540671,5.385242,1.760282,4.874307,-0.081418,1.662559
12.761490,9.499274,3.624230,4.380440,1.148497,0.601414
6.121175,4.612202,3.095292,4.571686,0.366082,0.445500
6.392502,4.601189,2.343580,4.602340,1.286167,0.712291
7.351623,5.568761,3.399718,7.391797,1.858483,1.495912
7.310616,5.463623,2.299992,2.257007,0.840904,0.892815
5.055096,3.539469,3.273230,2.942019,0.332133,-0.209633
46.162735,21.908379,31.929766,40.070923,6.790106,14.357666
15.881996,11.746378,4.507921,6.084850,0.601032,0.969662
9.391340,6.489130,2.516152,3.835452,1.117549,1.189672
7.301499,5.218704,2.513401,3.157277,0.681361,0.434461
10.992851,7.866409,3.441859,3.536181,0.121064,0.761148
49.801697,28.064793,33.536816,47.366096,7.644990,64.682991
14.675280,10.602192,4.513426,4.464025,0.382558,1.911185
17.478956,12.528827,5.989451,5.694920,1.146348,3.859087
6.423231,4.638041,2.216579,4.472982,0.487478,1.093720
6.787154,4.697679,2.189687,0.885435,0.711527,1.402849
15.902664,11.153951,11.170367,16.730068,3.021034,2.442000
5.622264,4.173527,2.014099,3.565553,0.792652,0.668632
10.030261,7.100831,3.353610,2.100288,0.408866,1.915656
18.418344,13.419628,6.045303,6.780634,1.583715,1.287120
4.124269,3.226229,1.352799,0.269776,0.728749,1.297436
5.019407,3.462223,2.062515,2.685137,0.387106,0.488455
14.724686,10.462260,3.536698,7.359863,0.924075,0.738898
6.446691,4.913544,2.309923,1.386917,0.278943,0.141133
6.843076,5.089241,2.301645,0.020208,0.373575,0.366507
6.487375,4.390191,2.286894,1.861618,0.445771,1.261220
12.363866,5.281613,5.165261,4.985263,1.189741,8.377122
10.620742,4.442440,5.152753,5.885001,0.948769,6.241988
9.842312,6.957758,4.018478,4.782691,0.569044,1.659760
8.949611,6.447738,5.219968,7.300107,1.036268,1.969168
87.525230,33.407784,215.811630,257.063354,35.861290,96.244911
8.328478,5.851506,3.041779,7.012265,1.271446,0.163236
10.232318,7.725418,3.057058,2.094774,0.797288,0.778720
10.449820,7.797499,5.027783,6.469613,0.653237,3.555464
6.073276,4.359711,9.700166,19.495916,6.461085,27.665066
6.790641,4.783524,2.292392,2.647488,-0.071366,-0.845745
28.440807,16.979450,7.206032,8.317112,1.614635,3.246845
27.321739,13.469921,7.595483,9.762268,1.503574,2.738585
25.606714,13.482039,7.664281,9.879381,1.863474,1.918756
4.564829,3.576330,2.342139,-0.740661,0.232864,0.721872
11.581856,8.353270,3.632024,4.423120,0.286587,0.989241
10.084012,7.410484,3.101744,6.983210,0.402663,2.372886
28.318174,18.530952,8.534107,9.169330,1.652543,1.691146
10.544346,7.932563,3.536177,1.609663,0.250567,0.845190
25.609768,10.235655,9.728041,9.212310,1.969832,0.939756
11.378029,7.838597,3.320347,4.241899,0.634750,1.722509
39.854012,26.904383,20.822954,23.746500,3.319578,13.707129
20.256365,14.002558,17.034412,22.271610,2.771293,5.567578
6.548949,4.803267,2.267766,5.121037,0.479171,1.951013
10.022184,7.322138,3.202150,3.601632,0.604955,0.808948
7.149609,5.429157,2.911591,1.385475,0.786690,0.556106
13.505630,9.804735,3.672664,4.464252,1.084267,1.964916
10.314898,7.396945,3.343778,3.744797,0.781386,1.452529
15.804259,11.146744,4.778794,4.678466,0.528981,7.407721
17.888725,12.816801,5.463753,7.866035,0.947244,0.979813
6.524454,4.498630,2.371040,0.840081,0.337858,5.989403
19.266525,13.552773,7.966459,10.575282,1.912167,3.851161
42.181068,27.394287,16.894333,19.970600,2.429604,4.356724
12.359743,9.175298,2.724916,6.467461,0.813539,0.424656
13.364534,9.646757,4.391702,3.095124,0.772950,3.458765
6.186772,4.620790,2.918808,2.192408,0.761263,1.556605
12.983318,9.370934,4.271530,5.370270,-0.164856,2.763672
11.353090,8.085467,5.228282,5.746068,0.289168,1.520082
22.406881,15.701650,6.379503,5.541734,1.123374,0.781704
12.468599,8.937711,2.916718,5.057114,0.088810,1.322249
10.216139,7.039308,3.201263,3.997484,0.045188,1.209897
15.643608,10.982882,4.297605,4.956321,0.562462,2.443077
11.813364,8.644241,3.332851,2.282705,-0.028438,0.229089
27.548115,19.160250,7.261011,13.019730,1.010167,6.381826
15.076926,10.624584,4.203105,5.472655,1.074569,3.544819
10.453813,7.298042,3.107418,1.161247,0.578079,5.142669
6.421031,4.593601,2.171978,3.554694,0.185717,1.197453
13.542189,9.351611,4.058442,8.374996,1.108344,-0.021341
12.247028,8.656112,4.224810,2.029640,0.658536,1.302588
17.256525,12.382069,3.960942,5.956107,1.017312,1.040423
3.799481,2.903301,1.468101,1.508064,0.156537,-0.254736
7.521728,5.429268,2.311096,2.436749,0.611345,0.148224
12.571235,8.838471,3.936219,4.698819,0.560137,1.253509
8.608085,6.431207,2.375059,0.291721,0.912952,0.192615
11.776527,8.807914,3.947102,4.209767,-0.322882,1.592185
25.892567,18.068563,7.721219,10.807046,1.870736,3.027867
4.129093,3.160134,1.922148,1.560703,-0.418405,-0.194508
5.487086,3.738516,2.062514,7.223021,0.560970,0.518672
8.911446,6.380713,2.950634,1.921245,0.319705,5.522725
12.977633,9.158113,3.711956,7.479386,0.939418,1.499065
11.298920,8.196653,4.075163,3.778366,1.063236,1.810410
12.455976,8.768632,4.528325,3.519382,0.867917,3.099321
9.582189,6.938917,2.887939,5.188159,0.723472,3.421880
14.930901,10.654403,4.858591,2.156038,0.792789,1.469481
40.395016,26.027132,21.538540,33.620808,4.393384,10.793412
33.664906,15.179105,12.071564,14.044868,2.534611,8.914212
49.555862,29.970461,28.558525,43.582142,5.949092,22.646481
13.450063,9.003344,3.728925,5.030248,0.846269,1.860631
16.140081,11.599365,6.970164,9.242114,2.039153,9.354887
24.859102,17.829554,13.884373,19.289652,2.604688,2.117832
18.081562,12.928360,4.011766,4.653599,0.933019,2.717702
37.191841,24.931820,9.284206,29.152754,8.923048,30.388788
10.822133,7.652686,3.865230,2.315076,1.589775,1.958802
22.443375,15.667148,6.800272,6.602181,1.304024,1.434083
27.008064,18.720860,12.453025,20.639393,2.769332,9.899810
14.318808,10.105695,4.261134,6.553621,0.082923,0.675107
18.424252,13.050328,4.594724,6.340200,0.647640,1.183426
10.889968,7.968396,3.483181,4.261515,0.564831,-0.111783
6.997494,5.241383,2.214412,4.585109,0.458873,1.326808
4.351881,3.138159,1.334739,-0.738032,0.201997,0.647536
6.531108,4.670950,2.915497,5.268847,1.552688,1.615031
5.814257,4.484589,1.959436,0.748795,-0.206879,0.976267
30.472731,18.347143,9.120059,14.350958,1.438996,4.476884
27.244049,19.350925,11.432194,13.247860,1.996694,1.951719
32.367233,20.197824,11.501704,14.054141,2.091345,8.367440
4.814668,3.776491,1.263440,1.686437,0.558767,9.142511
13.651248,9.914753,3.540956,4.877861,0.716222,2.730649
4.309220,3.291265,1.363918,-0.467932,-0.232394,0.314830
4.011565,3.056340,1.585606,1.844652,0.053279,0.237034
27.998642,10.736648,7.804092,12.605189,0.936085,1.119506
26.997358,10.700951,7.827876,12.702927,0.921154,1.508537
35.494026,22.095352,11.906692,15.850183,2.457723,4.537808
25.379141,12.343637,8.539985,11.102129,1.507090,0.796760
57.765766,35.976276,39.621353,57.327503,7.418685,9.836702
16.152121,11.877436,5.931602,9.385713,0.338907,1.128707
13.350784,9.633842,4.307218,6.501732,0.504443,2.877067
4.457372,3.319843,2.211224,0.418972,0.278198,1.515506
14.177057,8.493286,4.532635,5.455943,1.196969,2.181748
27.681562,16.283184,31.936872,37.059109,5.505391,10.874411
17.060015,12.288985,3.911094,3.913724,0.103220,0.361197
5.828783,4.442645,2.106339,3.508905,0.145778,1.023422
14.387076,10.351173,4.067176,3.919428,0.944840,1.047592
5.486535,3.868836,1.908282,2.664277,0.570783,0.648377
9.187343,6.337728,4.203235,4.170054,0.544833,1.559820
4.927732,3.278082,1.934283,-1.619584,-0.101523,1.323941
6.698998,4.986927,2.634385,2.597091,0.221917,0.440378
18.517948,13.380585,4.376322,4.725690,0.338758,3.796683
9.108156,6.794670,2.996825,3.970644,0.054755,2.042958
13.227152,9.591135,4.669048,4.998104,0.255594,0.762679
7.830683,5.425996,2.775775,4.629461,-0.191082,-0.199322
12.365779,7.017922,4.251980,3.020356,0.668077,1.848795
15.796229,11.092070,4.407456,9.988470,0.502605,0.386153
14.853638,10.574028,4.573554,6.845442,0.393046,-0.378206
4.495868,3.353889,1.776492,2.458050,0.699875,0.093433
13.539869,9.999054,4.100150,4.863393,0.324337,0.190460
19.550943,13.312827,7.374923,13.653468,1.699703,3.329564
7.311048,5.053322,2.911557,3.664276,0.044392,1.045625
7.155071,4.852630,2.009980,2.161742,-0.195084,-0.025275
6.771711,5.191002,2.562374,2.527827,-0.272632,1.067411
4.214161,3.146720,1.520420,0.719424,0.138142,0.500007
11.291360,7.785028,3.477716,5.491389,0.393080,1.185448
31.759844,21.775316,9.112231,12.209681,1.473107,2.822981
22.521248,15.578836,6.784557,10.261856,1.705497,6.078472
15.469021,11.132856,4.106245,5.506114,0.111518,0.383139
5.860941,4.038757,2.704866,3.032971,-0.052671,1.464139
8.013294,6.097386,2.383972,2.834148,0.546761,1.616202
6.476895,4.648900,2.027901,2.471546,0.771408,1.396311
13.915027,9.617140,5.874124,10.654823,1.391606,2.946009
9.601170,6.847303,3.180960,1.324699,0.625035,1.044823
14.341972,9.816963,7.240240,6.632497,0.760022,0.959883
4.435401,3.030234,1.789034,2.576331,0.084536,2.134418
14.622300,9.976690,6.060639,7.060032,0.610515,4.158049
8.503156,6.275228,1.718507,5.000563,0.720931,0.084095
29.083748,12.413273,13.136433,15.758615,3.237200,5.654637
7.953749,5.629157,3.616939,8.080549,0.538240,0.533254
8.461116,5.827079,3.186560,3.305336,0.677390,0.927413
13.024694,9.587227,4.104023,5.223398,1.315738,0.940404
6.849204,4.568458,2.341889,4.240029,0.074889,1.229295
32.436295,22.501572,8.511172,13.507556,1.823615,8.107837
10.195712,6.928256,1.629857,7.010803,1.674230,0.822029
10.997356,7.981706,2.751542,6.282681,1.108453,0.509633
17.099184,11.743546,7.627457,18.154461,2.091857,5.006650
4.905877,3.393412,1.383573,5.893669,1.513916,1.371847
44.453346,19.141270,44.932304,59.406216,8.020296,18.467880
71.671967,22.104378,62.937492,88.950569,10.734941,21.105160
65.750160,22.064140,44.693825,70.229050,8.130954,14.696720
52.725883,20.330523,26.805685,48.114880,6.304257,13.681622
78.653221,34.194691,69.472122,111.067451,14.760228,21.098867
47.773125,24.792248,47.909245,92.466827,11.404193,12.227300
9.416815,6.676800,3.049638,17.845797,1.678288,1.335898
45.722088,24.240295,29.189367,48.917213,6.535621,9.427673
55.073414,15.811385,30.719091,52.133511,7.498791,10.265021
87.873398,38.111298,115.769279,180.888412,24.268429,33.776592
160.650772,50.811546,268.184814,390.302490,56.133816,141.352509
146.158478,34.125160,181.826309,267.144043,36.551777,72.576996
127.285660,34.268806,167.917404,244.748993,31.707857,52.664452
131.284576,42.324165,120.773567,179.144699,24.010406,48.635445
103.276939,30.865908,112.692902,180.882782,23.033606,28.142168
68.194122,18.791023,48.660503,85.704643,10.720309,14.051537
51.310715,21.381481,37.277573,66.473610,9.721776,15.601121
62.211575,30.729235,166.204834,181.620667,24.653778,37.130108
96.076469,34.741936,82.315559,138.131943,17.856205,35.667999
106.822571,34.807602,137.438339,167.739426,24.504299,64.028580
115.392921,29.058168,175.138397,233.136871,32.572598,69.109886
113.997543,36.857895,163.342468,253.245987,32.363041,49.675034
42.124096,18.640585,78.069695,143.124359,17.264259,19.640381
65.943787,22.651594,80.047676,132.413452,29.364489,74.638977
65.445473,22.622547,78.138184,147.655426,34.049274,86.404686
143.466980,51.691601,219.694260,306.300537,43.715652,117.581108
151.624374,38.884415,195.241348,291.529633,36.719780,58.131069
72.371284,31.771511,40.647972,85.027740,12.793374,15.688876
72.034325,31.676636,152.912598,184.947723,27.588160,71.641228
40.977081,19.002834,17.775969,40.289143,6.262423,4.738548
85.019974,32.642021,155.681534,208.809494,31.467825,88.426132
174.895721,52.939526,188.895508,275.261719,35.311749,64.917458
122.082413,50.016670,85.388573,131.695816,16.157587,19.757469
21.383806,7.772231,10.331195,30.072426,4.481610,6.385005
25.915417,7.815289,9.421564,22.856125,4.019778,16.631800
87.707161,30.883904,52.457947,87.404900,13.314322,76.875587
154.114975,44.902500,184.512726,211.620529,28.392710,61.932594
110.641197,37.418728,254.399658,282.821136,47.989586,115.838074
121.934662,37.417057,271.503296,325.203400,46.839279,88.082382
5.271790,3.965242,3.909204,15.841046,2.499355,6.298048
54.151451,29.642691,107.408134,183.746002,51.472828,164.388519
57.865337,23.115332,49.655567,93.055016,15.632039,43.891724
46.844986,19.319721,57.646358,99.885643,15.055815,43.317463
144.124725,42.096313,186.169708,217.003250,29.390795,69.028267
202.952606,57.581738,342.871704,445.815094,57.092461,127.431778
172.062546,57.478539,310.421997,433.937683,55.240311,115.345711
105.081375,40.324600,135.537292,222.775085,37.777679,105.017632
106.202225,34.294048,98.528702,161.414474,19.710651,45.365978
124.742897,43.509048,149.862305,200.477829,28.279753,53.010479
39.300461,22.577856,54.681660,85.071823,11.370371,14.128987
113.285744,50.267101,111.287621,144.966110,19.736969,32.843616
15.534149,11.077979,4.703416,7.018529,1.088794,1.089945
14.756166,10.739189,3.727084,4.354412,1.069664,1.053387
12.366537,8.728717,4.337773,5.524912,0.847852,1.795691
10.715654,7.584105,3.343247,6.922934,0.547760,-0.483451
19.970432,14.541718,5.038723,5.917250,0.835350,1.863685
21.064297,14.903953,5.449427,6.987686,0.746747,2.339392
19.601463,13.947235,5.445639,9.178999,1.155914,1.001216
6.763063,4.571297,3.303954,5.597742,1.202229,4.279104
20.709732,12.285403,5.824163,9.685374,1.543992,1.791095
15.387439,10.990255,4.342926,6.341671,1.508272,0.683537
8.790434,6.627264,2.726981,5.938316,0.416078,-0.061040
28.908968,18.771435,8.543181,7.287225,1.331854,5.080204
10.129820,7.217203,3.006118,4.109759,0.262923,1.499257
9.233744,6.926576,4.468474,3.869872,0.630436,1.511431
18.545990,13.119601,9.577465,11.987988,0.296097,2.306298
5.407924,3.083423,2.584020,0.443108,0.641152,1.064740
17.646400,12.256058,3.779335,6.435613,0.692652,0.802134
37.098804,14.871165,11.436186,21.082981,2.855111,2.880555
36.660961,14.967875,11.498742,21.516079,3.036878,1.535281
11.727187,8.389441,5.490262,6.651339,1.271472,1.647249
7.410445,5.248282,2.504620,2.567139,0.865728,2.460518
7.842611,5.546794,2.088134,4.058387,0.355030,0.820093
32.401691,18.471317,27.971373,34.406513,3.484205,7.555217
18.492439,12.954269,4.569695,7.856596,0.408754,1.213135
5.978072,4.649515,2.130851,3.764589,0.195588,0.191781
13.749070,10.105636,3.917238,5.397832,0.620937,0.900059
8.377496,6.021981,2.611887,2.529499,-0.180724,0.554657
21.159370,14.373514,10.565085,15.203324,1.970540,1.690286
10.981287,7.634108,3.426080,5.021146,0.226742,0.639098
9.139330,6.706827,2.948703,2.548733,0.847038,1.057308
6.839039,4.677289,4.362437,4.138672,0.383794,0.744346
6.586028,4.721794,2.374955,3.000751,0.216851,-0.344446
11.467772,8.224471,3.117792,5.220942,1.003823,2.908188
32.229702,12.461770,16.610416,21.463112,2.418469,4.490997
20.937529,10.872440,8.309474,13.859283,1.100876,3.501090
16.857903,10.765573,19.912327,34.944618,5.310126,16.866705
7.925417,6.057302,5.374956,7.906251,0.524378,1.178249
17.309959,12.507358,7.301667,10.115882,1.687506,3.106247
10.060561,7.251893,2.612181,3.245843,0.908877,0.300713
11.489327,8.591621,7.452826,14.939084,2.924006,13.326694
6.489065,4.657937,1.922120,-0.754267,-0.024248,0.202996
4.322080,3.121107,2.158648,-1.132555,-0.163734,0.138203
15.442935,11.118271,4.631492,8.664595,1.117367,1.423080
6.687825,4.953856,2.773519,2.842348,1.108613,2.922213
18.467785,13.331699,6.469202,7.303330,1.363314,4.803308
15.732130,11.170516,4.850161,7.124163,1.238999,1.701319
25.874130,17.862926,13.899779,15.750807,2.397967,3.842272
43.730526,29.748123,15.761154,16.986460,3.695420,8.556850
63.107632,34.083378,25.239918,32.013657,5.276266,9.599874
7.859358,5.925766,2.304904,3.054201,1.002312,3.762540
31.917368,21.596502,22.651457,23.410311,3.561749,5.511669
21.915215,15.426820,6.508780,6.052287,1.137954,2.746546
4.367095,3.674785,2.077808,-0.552346,0.222827,1.016967
29.895227,20.814783,7.865556,14.887490,1.606794,1.374736
11.318206,8.147382,3.825414,3.669212,0.334595,0.879489
10.269793,7.571907,2.760584,2.512922,1.113995,1.266954
26.426111,18.299629,7.011348,11.902004,1.192015,2.879488
42.699158,26.853525,14.387657,24.700907,3.454053,6.566211
93.155052,33.501808,58.399948,78.157028,10.479972,25.673143
98.049141,29.274893,114.798958,151.956604,22.614080,73.392479
12.543839,9.038247,3.460673,6.939778,1.793400,1.962228
3.983776,3.187896,1.796310,0.145883,0.308653,0.602219
7.110529,5.009252,2.675701,2.673710,0.348505,0.837386
14.453771,10.067306,4.395378,6.532554,0.972076,2.899294
21.316854,15.089367,5.912269,8.402351,1.294397,7.444034
4.587537,3.269309,1.572164,2.895227,0.612483,5.819560
12.648086,8.605929,3.853300,4.774288,0.815893,3.518235
4.301550,3.488262,1.571364,1.995868,0.256131,0.079870
4.555891,3.346305,1.859018,1.628267,0.373627,0.458429
14.213453,9.990678,4.232897,6.261438,0.752188,2.298959
6.119102,4.685163,2.202152,1.460652,-0.262825,0.307246
17.815950,13.020828,6.194983,13.080152,2.030895,5.571474
17.382334,12.624496,6.933758,6.453408,1.045524,4.205359
26.059509,18.338938,7.430608,8.776690,1.217545,7.007494
17.727083,12.693654,8.850490,12.351489,0.854412,1.862008
10.273996,7.314692,5.011123,3.745440,0.875278,2.200750
12.205203,8.438051,3.059290,3.865920,1.388212,0.206185
12.725610,9.060674,3.462123,4.018653,0.886434,2.550234
9.743600,6.803966,2.868403,3.411913,-0.320058,1.294262
7.555097,5.418221,2.688566,3.998296,1.469492,1.333063
9.512826,6.955847,2.997465,0.573472,0.739736,1.358020
9.017657,6.714355,2.921947,3.142707,0.483845,4.220944
4.798597,3.301958,2.061523,3.027972,0.053946,1.339267
20.810863,14.381031,8.138734,11.522428,1.855462,0.666514
22.218620,15.480290,6.459977,5.844652,0.664833,2.968799
6.563688,4.787686,2.118118,0.113121,0.049595,0.992895
10.727847,7.747473,3.419291,6.013934,0.528883,0.979377
40.067120,27.622902,19.713335,17.356758,3.498499,18.946093
5.056603,3.585437,1.965551,1.587602,0.308276,1.683192
5.735171,4.275518,2.222156,4.090667,0.432274,1.062425
21.240450,14.976748,17.296213,25.000278,2.425674,5.035585
5.607687,4.171031,2.368230,-0.864190,0.076634,0.452099
12.561227,9.116151,3.683939,3.271546,0.702663,0.724368
8.592821,5.634797,3.009444,4.470219,0.756944,0.888901
4.249422,3.231553,1.702198,-0.666140,-0.122381,-0.111454
24.033493,17.171211,14.498671,13.780053,1.795511,3.661893
7.853947,5.303210,2.800979,1.287125,0.438956,1.390161
12.757042,5.167850,5.673975,9.671453,0.650398,2.159623
12.353199,5.139353,5.763979,10.026683,0.507763,2.094097
15.878881,7.021111,5.167563,5.374580,1.020991,2.128931
13.182261,5.722505,4.390986,4.749337,0.639805,2.575382
5.085157,3.744952,1.960312,0.083179,-0.305069,0.310875
21.322481,15.055799,5.510777,5.668908,0.840436,1.099747
15.191577,11.077486,4.524421,5.467728,1.260504,1.235983
10.441438,7.163170,3.261389,2.365480,0.038617,1.664951
7.681638,5.358533,2.838856,2.006174,0.753223,0.897576
9.268672,7.021769,2.653119,3.494746,0.151230,1.437041
17.414516,12.604829,5.047462,5.719679,-0.280429,1.165648
32.772587,22.793932,9.234866,18.554535,3.505288,11.496368
14.066484,10.322355,3.450992,4.566909,0.494101,1.641716
11.972419,8.779243,3.759247,4.406020,0.214406,0.445445
28.020283,20.082651,12.038043,12.669934,2.609353,6.131125
31.701527,22.157433,8.361494,13.640622,1.530750,2.768917
15.348218,10.779003,5.545582,8.195493,0.721560,1.034104
4.185296,3.043864,1.781859,2.596412,-0.181239,0.457807
13.055179,9.700553,3.920195,5.144467,0.920731,3.082752
24.814466,16.900484,14.038160,18.199640,2.930473,4.298907
42.206779,26.161581,19.844746,37.267979,4.794137,3.131099
24.741320,10.147759,7.973262,14.757669,1.892708,2.508786
21.053032,10.223735,7.033520,16.381504,1.825587,2.044233
38.865555,25.493368,19.748026,41.917793,5.620914,11.463292
106.380371,56.541122,91.932640,114.873749,15.906481,25.402910
95.331512,38.385250,207.682037,244.264191,36.264069,96.011848
39.419830,20.610897,31.094639,69.652046,8.270094,12.444574
48.342670,28.403732,71.467819,118.255409,16.237118,26.695215
122.774620,35.244320,159.032379,236.365829,31.304844,77.351448
66.558250,23.935633,46.978218,86.060867,14.590396,29.315243
112.473618,44.980629,90.713364,138.884262,18.824232,53.365440
72.145943,24.512255,57.115154,102.418335,13.603842,54.783249
37.667477,25.227148,15.292016,36.399685,4.854630,5.791410
91.019821,38.552326,139.919861,227.543488,30.952463,57.934834
66.910835,20.050354,49.378567,88.418983,12.600760,13.303247
92.286385,33.664516,60.758499,94.143135,14.108862,20.779343
125.944374,36.279373,106.914825,154.565140,20.989222,34.776939
124.744240,35.389328,105.093712,151.749100,20.473734,33.715549
67.339996,24.563139,52.819782,94.991013,12.075598,16.953110
151.643448,44.511665,237.436172,313.489410,41.576473,78.842735
131.107773,40.398834,349.438110,458.807892,60.433292,92.871063
67.788383,28.665504,121.259422,178.706314,23.105246,45.037308
37.163464,21.577272,35.423256,67.955460,10.388139,10.426512
6.123028,4.671121,2.217974,11.630239,1.938288,2.192917
38.115944,24.784382,13.420825,34.146423,4.128006,4.562564
72.310265,26.982824,39.174141,62.862858,9.090282,22.696241
68.106590,24.018852,31.657520,61.923611,7.038524,15.555178
77.607635,28.810152,55.856552,85.154594,12.908439,16.699001
4.601142,3.178453,1.765463,7.218828,0.899361,0.907155
40.826332,16.949944,23.319368,43.297646,5.548192,11.369869
23.015379,13.487046,8.541653,20.103157,2.335983,3.122268
59.055088,24.273348,30.404842,48.312973,8.101162,36.285858
54.335770,24.198189,29.870226,48.755848,7.765787,33.522053
98.670151,28.512573,241.274536,356.908539,45.811050,78.047409
75.995102,27.936941,169.007660,243.205246,29.182474,41.186428
8.571857,6.008099,2.455585,15.000288,2.325520,2.406210
55.667683,18.850979,38.589897,48.516937,9.427287,31.794075
157.222031,46.297466,427.103882,544.720154,76.147720,159.575226
191.532562,50.864559,313.996033,490.569061,70.304733,113.320961
168.155548,50.890926,246.148224,428.173920,58.648468,80.830254
71.171844,19.467007,64.658928,130.450439,18.598911,58.244972
62.115337,27.691782,91.781090,126.810715,19.443392,99.941124
39.244926,17.939768,49.067951,78.822060,10.544711,41.205376
27.799648,18.705435,13.100126,29.403532,5.302336,6.797158
110.828011,35.620579,86.609116,147.928589,27.706688,76.370804
100.727638,42.112907,164.646317,238.894119,37.268402,81.059967
150.744354,53.973465,292.903412,369.334259,54.299522,124.120148
60.444275,21.573069,34.408859,85.435234,12.271971,14.171143
9.923343,6.844109,3.402079,20.326202,2.425966,2.100156
9.799623,7.087686,2.728589,11.387271,1.271546,0.873259
101.760712,47.739807,132.428574,216.801453,26.368822,47.981819
37.222317,20.556347,78.450188,100.021667,13.822568,31.504631
27.929821,17.613041,17.376001,51.065430,6.584179,12.760514
115.547188,29.642935,311.950256,444.005676,61.764618,191.291061
146.478195,38.229897,104.994888,207.339508,28.701784,40.878536
156.896164,44.416763,139.818192,210.267990,31.968258,63.569038
145.203278,44.469135,122.862656,177.850220,26.782528,55.097992
79.674309,24.903316,57.894493,104.749039,14.786540,21.310726
58.760464,22.820246,37.391102,81.853745,10.275961,14.277031
38.090847,18.472872,96.265640,151.848770,20.574398,25.715614
57.783779,18.344494,27.159609,66.941490,9.195713,7.569563
58.146332,23.425962,26.230183,59.936459,8.325716,7.465216
6.523335,4.780546,2.259115,9.688551,1.894445,3.330684
8.079271,5.629042,2.872613,7.341557,1.169654,1.207593
56.948120,30.512806,82.402283,157.880920,30.378487,63.065945
81.935860,29.750832,64.747467,107.635101,15.212432,25.960709
119.003105,38.875034,148.283234,254.170273,37.662399,48.491501
113.540779,35.236065,159.838181,276.465881,38.566158,50.980331
95.054810,46.448627,129.951889,214.158463,30.746059,45.295933
12.366100,7.353162,3.307623,11.551243,3.246416,2.919940
30.231279,19.064650,37.757145,59.020485,9.678793,31.452909
21.269644,11.699595,6.506065,25.781534,4.264870,13.141622
30.621944,20.053856,7.515801,21.350912,3.358499,2.886734
40.072525,25.094311,25.721079,41.598633,5.918864,7.710090
28.679729,11.812735,12.662444,25.590157,3.697967,6.730687
54.672218,21.629400,29.549170,44.753361,6.429506,12.468626
44.774990,21.722279,27.536894,47.533230,7.007312,10.971645
101.925613,48.894943,91.735390,130.551941,16.565434,26.952068
15.396506,11.074187,4.248939,21.788277,2.928415,2.319480
80.185379,40.755753,115.978844,144.134247,18.986086,30.895199
65.760262,32.479790,85.086349,115.662743,16.165710,24.972679
71.976677,33.676609,92.435181,149.027649,18.358128,23.596918
105.448189,47.361332,97.584229,131.550034,16.683056,28.246677
86.233536,42.196941,72.536011,120.421219,14.783310,21.280193
165.840012,56.629822,268.091187,365.931519,54.715714,157.377045
5.478020,4.027582,2.117703,10.134615,1.309683,0.626690
57.383156,34.350914,43.287766,51.683529,6.396340,9.180173
75.838264,26.223471,56.647636,80.492088,11.320343,32.323982
91.283478,26.316156,74.429314,109.391914,16.081598,42.890102
128.765472,42.534332,74.688759,123.491043,18.912996,43.673042
142.304520,42.559452,126.867783,194.798355,26.819948,40.940117
83.034210,24.801394,91.026886,152.930084,18.194574,25.615599
58.684776,23.349390,99.001221,163.810043,21.704830,27.102222
12.840356,9.110780,3.982183,5.861470,0.136193,2.415460
5.757644,4.474424,1.993781,2.879107,0.485803,0.212879
15.138791,10.716565,4.349777,5.023950,0.532662,1.356150
16.998383,12.208638,4.799895,3.763619,0.919317,0.820994
24.767597,17.302036,7.089504,5.448487,1.109865,4.220819
9.514949,7.179590,3.022172,5.929219,0.587155,0.390994
11.780550,8.113087,5.314123,5.587836,1.201981,2.812792
7.938976,4.559747,3.044697,1.494718,0.195613,1.527053
16.206881,11.437330,4.629453,7.038649,1.318665,6.383905
12.002784,8.702596,3.758228,4.306528,-0.241345,0.328529
7.484383,5.231438,1.783552,4.674989,0.288270,-0.548322
6.024848,4.612440,2.003613,3.083372,-0.211289,0.158359
5.114889,3.516194,1.951754,2.766355,0.400348,0.087932
35.048759,13.669546,10.145736,14.403671,1.329254,3.556049
33.230343,13.617673,9.959416,17.205460,1.677420,3.842643
10.588108,7.574733,3.524705,6.143900,0.302844,1.914592
4.304337,3.085858,1.796983,1.255753,0.555684,0.850483
9.918817,7.420953,2.897940,3.397311,0.651666,0.662680
24.153017,15.559346,7.622583,9.631864,1.271314,3.305064
30.650091,21.067358,8.389652,5.490767,1.539061,2.919953
10.109049,7.404548,3.880239,2.460066,-0.037528,1.500879
4.454639,3.142757,1.620810,1.019595,0.172942,0.658836
24.876604,16.451996,13.242704,13.902721,2.173191,3.730413
6.960978,5.107535,2.112967,3.108525,0.532244,13.025334
14.543379,10.372282,5.719823,7.793536,1.025033,3.140275
5.596093,3.705060,2.389168,3.218038,0.551091,1.640976
6.996041,4.920798,3.304589,3.553633,0.271902,1.339546
14.142507,10.168765,3.852476,3.103654,0.656014,0.507661
6.719838,4.818270,1.993238,2.504968,0.190140,1.560183
4.514956,3.456557,1.333989,3.432980,0.822023,-0.765450
8.334882,6.131583,2.597303,2.222775,0.741080,0.699804
7.871947,5.658913,2.913609,4.757997,0.568934,1.726712
7.162866,4.962377,3.072690,5.383501,0.817165,1.463789
11.601062,8.364993,3.978367,5.573132,0.989957,1.808204
13.937796,9.881571,3.851866,4.687996,0.546931,-0.080941
17.453550,13.184887,7.369591,10.520578,1.979550,4.116542
11.818060,8.562670,3.446797,6.592256,0.283322,0.506558
4.297044,3.041610,2.037300,3.884530,0.415448,0.863075
67.545219,26.061577,43.445137,61.136768,9.476124,24.763735
48.566750,27.250414,34.077320,57.795284,7.928009,11.053304
138.741211,45.958366,245.652756,351.218811,49.494041,74.543159
153.800888,46.328621,261.717499,385.071869,51.514175,74.289299
37.129784,19.830059,11.017414,26.108694,3.562740,5.173295
29.237501,19.286186,20.278494,31.034155,5.311133,10.820772
41.410835,23.944304,39.224442,60.161137,8.119637,21.304581
28.715233,10.080494,12.957160,25.979715,4.498943,6.028904
36.483757,22.049168,12.227088,25.499161,4.317532,4.504542
56.747543,29.270449,39.959263,52.283546,7.816620,13.642101
72.915314,27.326332,83.334389,104.790688,15.037678,31.068104
6.335138,4.410984,2.684306,7.171629,1.562848,1.177169
77.630501,40.595139,102.046989,140.084518,20.992926,54.952393
128.204727,40.197102,280.241913,332.686523,51.441654,171.266937
126.362114,40.149769,245.517029,305.854919,41.428741,117.225716
136.135498,49.106941,146.853989,182.972794,30.764980,120.065002
117.317307,45.464233,115.977463,185.321579,27.208399,94.353310
51.879307,23.649744,41.105309,67.945648,9.153622,25.516222
19.121525,12.986553,11.797181,20.682411,2.689842,2.955663
5.791811,4.391268,2.433462,1.827205,0.166014,1.397525
16.116587,11.207599,4.584978,13.790726,4.347048,9.021591
5.794404,4.235002,2.829397,4.181351,0.678737,7.868735
7.766188,5.649220,2.322400,6.021594,0.791656,1.089964
12.001172,8.462936,3.455983,6.442885,0.675703,0.493533
16.725182,12.113232,3.917727,7.208710,1.743121,-0.211277
21.352486,15.203258,4.886458,8.658806,1.238027,2.081697
20.113848,14.364633,8.426648,12.009180,1.682950,1.388818
9.358594,6.501842,2.601578,3.415305,0.594112,2.981737
9.121850,6.717185,2.660763,1.222835,0.738743,3.073843
14.491635,10.493848,4.886765,7.633331,0.582220,1.874140
12.697681,9.031642,3.885570,6.673512,0.104972,0.242552
10.010932,7.533702,3.030227,5.153284,1.011200,2.887982
8.786785,6.442917,2.943583,3.500083,0.407231,0.518706
8.688560,6.070226,3.263291,1.280916,0.476765,1.035054
13.348134,9.297120,4.598661,6.763693,0.642056,1.135202
10.821983,7.611170,3.002492,5.224309,0.960846,-0.022780
8.669118,6.063077,2.628904,3.345220,0.267973,0.099521
4.719885,3.352744,2.349422,1.244310,0.344488,1.030532
15.977789,11.825357,8.690955,4.251890,0.821486,1.912811
20.340641,14.628666,5.971663,5.457674,1.551575,1.221421
23.001230,15.853696,15.705105,17.680811,2.810852,24.430218
5.831604,4.287626,2.398367,3.176462,0.096273,0.399978
23.317116,15.950154,6.210485,6.945468,1.023449,1.865798
10.492720,5.594790,4.160469,6.010440,0.199137,1.735262
11.852002,8.812307,5.595086,5.854326,1.401037,1.625315
5.673055,4.003345,2.259030,3.822507,0.929405,0.896036
7.869736,5.622046,4.080822,6.951872,0.736412,1.100850
13.813740,9.615086,4.261823,4.608111,0.613732,3.976039
13.765436,6.769127,5.382818,8.092257,1.283400,4.250631
28.531546,18.240435,21.551382,43.908634,8.608504,18.935860
9.236950,7.015048,3.724125,4.565124,0.604817,0.273913
23.251823,15.646668,16.813475,22.701122,2.258938,3.343039
14.723607,10.437624,6.252223,7.785495,1.319663,0.913769
38.324520,25.540590,16.011993,23.639851,2.514845,2.695075
13.587968,9.536595,4.803832,6.171234,1.099783,3.338875
30.776588,21.900307,14.577027,18.608244,2.969792,6.565412
10.997991,7.671124,2.664599,6.995085,0.032154,0.695869
9.085542,6.630951,2.450407,5.828371,0.658461,0.813056
8.513341,6.246427,3.062310,4.235423,-0.022735,1.258730
6.761604,4.821726,2.557837,5.921157,0.145372,-0.303820
21.885296,10.536355,7.763327,8.952192,1.263365,1.442257
21.925694,10.479973,8.158406,12.084464,1.629276,1.691907
18.076618,13.232705,5.119792,6.623594,1.114905,2.028010
5.871412,4.281617,2.021621,4.919382,-0.117600,-0.480882
14.847632,10.805042,4.589203,3.866936,0.502824,0.414353
16.417614,12.047480,5.164392,8.026669,0.579681,2.746148
8.344832,6.234030,3.475899,4.971920,0.930396,2.090845
6.803715,4.565197,1.891834,0.434223,0.689579,0.913448
56.678329,26.791609,25.207039,31.304871,4.156358,36.347218
4.319665,3.148990,1.516964,1.932498,-0.144807,0.416990
4.830956,3.380773,1.652787,3.743474,0.270673,0.021748
13.122787,9.473494,3.087555,3.150180,1.193848,0.402323
54.343716,26.891947,21.894766,29.036278,5.530080,9.291803
60.299644,27.069307,26.879515,36.452068,7.564860,12.998056
32.066429,18.472559,41.306141,60.959805,9.082949,20.047560
14.448421,10.721477,3.907519,4.967896,1.241465,2.003621
16.201088,11.330940,4.550673,7.554908,0.670199,0.789011
21.412992,15.635870,11.429903,14.994117,2.765327,11.831825
12.125110,8.631113,4.264222,3.081852,0.861845,1.097456
4.189370,3.021796,1.533291,1.439423,0.341741,0.544335
7.364368,5.584404,2.612751,2.771807,0.098184,0.949520
18.498634,11.592191,7.776508,7.885902,1.634648,1.725102
10.113605,7.194562,3.140863,4.535701,0.585968,1.325719
41.915054,23.315777,17.963682,24.856520,3.973978,4.916502
19.520403,9.517705,8.711533,14.747586,2.102479,1.590802
5.092502,3.663198,2.114725,5.013275,0.687702,0.940280
102.501465,33.231743,93.063683,108.922005,16.925261,43.630764
93.961876,32.047588,93.709671,126.678314,16.756037,42.826832
59.091328,31.557556,54.093460,77.264717,10.375644,17.986176
27.627657,12.717011,13.742108,16.161879,2.973594,7.607819
64.516479,34.129452,75.473122,119.978577,14.627833,16.816200
8.933961,6.588738,3.029059,3.712499,0.597377,0.493788
7.732361,5.625178,2.890167,5.351269,0.662714,1.224915
5.876295,4.720471,2.226210,2.507920,1.051197,-0.766497
20.975010,15.013202,6.015034,9.368519,0.948773,2.343747
12.177613,9.069703,3.915266,4.959495,0.311909,2.547440
16.626251,12.048957,5.025830,10.370674,0.252846,0.460590
7.563499,5.483194,2.273976,3.077684,0.885914,1.628728
7.545135,5.129369,2.853881,4.411151,0.743542,1.751591
13.077002,9.492306,4.322925,7.407809,0.727766,0.827750
6.376763,4.828577,2.918099,2.298850,0.249494,0.282073
24.594076,16.317566,23.581938,28.080519,4.832510,17.216850
59.429150,24.729387,71.335487,114.522026,21.771059,50.303421
57.865864,28.567820,56.570766,90.850166,12.017649,17.786816
25.628740,17.195007,40.320343,61.583557,7.645188,6.783406
13.122650,9.295555,3.751888,8.123291,0.795084,5.707632
3.836648,3.165558,1.758495,3.266466,0.154801,0.226526
7.257204,5.105742,2.599663,2.408148,0.783977,-0.435422
14.943765,10.219604,4.520106,3.981230,1.205153,2.021166
7.829576,5.986274,2.153945,1.332758,0.701641,0.473670
9.858771,7.438598,2.896362,5.766196,0.290843,-0.159919
13.163665,9.755327,3.480439,4.223583,1.231315,1.415860
10.933484,7.778888,3.207034,3.451209,0.804653,1.024093
13.642547,9.396399,4.119709,6.775126,1.130204,0.445011
6.409441,4.781085,2.118897,3.466642,0.139820,1.517143
13.150908,9.516220,4.415578,7.595563,0.969902,3.426616
7.857112,5.524174,4.322722,8.536334,1.606521,2.864314
35.092781,19.054247,12.670590,19.493025,3.044884,4.653762
23.442797,14.700067,34.633644,45.010803,4.755096,7.807274
4.940018,3.715117,1.800910,2.768928,0.567379,0.420159
30.849665,16.277475,13.937400,18.709967,2.414602,5.272926
31.699926,16.264441,15.138459,22.523989,2.746867,4.984832
22.257648,15.568542,13.156670,21.883432,3.166669,3.944838
8.509631,6.151925,2.743053,2.383878,0.264746,-0.431654
19.981911,14.247437,9.374801,10.101818,1.899631,0.546669
11.783923,8.551031,3.446206,2.857521,0.390869,-0.055792
15.637200,11.545671,10.023386,13.212462,1.943872,3.152326
5.388792,3.750482,2.397243,2.796549,0.182080,1.279241
5.071462,3.744963,1.618609,1.813176,0.544684,2.427744
11.877838,7.536769,3.242411,6.082759,0.295512,2.532792
6.033588,4.008734,2.107224,4.292802,0.395670,1.182958
18.496637,13.403202,7.278584,10.076631,1.447415,17.853096
17.183636,12.586701,4.095391,4.033505,0.715680,1.351684
14.566169,10.872162,3.452383,8.676785,1.219974,0.652683
15.892731,11.093472,5.177322,8.615122,1.202919,2.254310
15.232406,10.932570,4.660878,7.624446,0.498436,1.352461
19.186081,13.528908,4.515482,5.725124,0.812384,1.687370
13.979793,9.701348,4.211102,7.142248,1.049852,2.107774
4.364399,3.337640,1.923188,1.818918,0.615734,1.410489
4.818837,3.759629,1.759348,1.922909,0.214873,-0.270528
6.606883,4.717721,4.109332,7.605582,0.190559,-0.510899
4.951651,3.300354,1.750710,2.481887,-0.206519,0.999662
10.794775,7.647425,3.496004,5.961139,1.055256,1.061231
8.565321,6.139349,3.681462,5.457705,0.750248,4.997144
15.448056,11.302470,4.100332,6.167188,0.655460,-0.316811
6.658296,4.646118,2.899512,3.951679,0.738779,0.377632
16.091436,11.813203,3.958245,6.897631,1.283627,3.026382
15.792178,9.190352,5.147233,7.873702,1.394102,4.201202
31.275663,17.724934,21.346903,24.160339,3.666091,15.046795
41.419579,23.856863,37.778107,53.419144,6.730641,11.931702
13.411802,9.579422,16.046156,18.495974,2.796843,10.306499
11.505138,5.984719,8.814335,12.066535,1.798262,3.344775
10.422467,7.592348,3.782957,3.739552,0.788462,2.420537
17.289150,12.323642,4.594510,7.997045,1.766111,0.897963
58.782776,29.618513,39.747334,54.165520,7.367828,11.634352
63.339466,35.718540,18.138983,37.981564,6.256713,8.146826
35.063488,16.656105,11.957788,25.299688,2.629447,3.329692
44.946999,24.759418,38.051918,62.011074,8.910717,37.446060
24.197529,17.262388,6.689261,11.572594,2.101367,2.785996
11.636845,8.411853,6.799450,8.068234,1.600056,2.091764
37.318546,23.797895,23.360977,32.316555,4.254084,4.952644
14.677029,10.208054,4.606670,7.972469,0.709858,0.514613
4.799557,3.655113,2.491749,2.820754,-0.049804,3.015889
26.677713,17.142735,8.296594,10.643884,1.212853,1.358748
5.563241,4.193414,2.013951,1.043944,0.464944,0.564690
8.394584,5.962256,2.791924,2.587221,0.193488,1.791321
12.814289,8.945084,3.753036,4.623010,0.476906,0.581307
8.639935,6.361183,8.810230,12.147898,1.007811,1.953705
10.005988,7.278805,3.199439,2.829411,0.460486,1.530974
13.818942,9.935227,3.464963,4.710784,1.165207,0.586883
10.575547,7.234535,3.296603,6.642591,1.009549,0.374105
11.535160,8.185010,3.326734,5.944265,0.365028,0.709662
6.598606,4.873415,2.183761,3.205226,0.733114,0.962619
6.734125,4.856502,4.266311,4.121337,0.385538,0.641876
10.057022,7.513484,2.898698,5.762161,0.522077,0.341833
14.557354,10.726817,14.797102,17.189413,2.086807,1.704822
8.177600,6.083682,2.891476,4.243884,0.397280,2.563487
4.245882,3.297381,1.746111,0.908676,0.110493,1.110900
13.907420,10.079125,5.995556,7.309431,1.489438,1.649787
5.454142,3.956995,1.931945,2.394446,0.331390,0.415352
9.816856,7.164474,2.967674,2.367795,0.783143,1.508508
8.429802,6.286602,2.608820,3.360247,0.301831,0.768723
18.226427,12.685007,11.806009,23.219086,2.499473,3.572897
10.559350,7.765034,3.118250,3.937432,0.252004,-0.175887
6.044194,4.405429,2.846726,1.520761,0.176799,0.983858
35.126137,24.030872,11.163953,13.932267,2.447597,3.377172
11.294496,7.817796,3.693367,6.214713,0.212344,1.067255
6.243078,4.524839,3.110840,5.118036,0.196980,4.386587
27.143230,18.973965,9.647492,12.233080,1.293248,2.915845
4.179024,3.025767,1.386001,1.685577,0.153000,0.646447
12.019202,8.321923,3.940348,2.973051,1.149134,1.480471
6.570327,4.638923,1.730093,2.273093,0.304707,0.236924
10.182747,7.478528,3.402814,4.037137,0.576501,2.400485
6.874267,4.625884,4.092405,2.958793,1.119340,-1.008618
7.521786,5.571990,7.475138,8.130332,1.370501,1.510355
7.104293,5.345310,3.282933,2.722224,1.178054,-0.088058
12.286197,8.095191,3.950865,3.484933,0.675549,2.374016
13.814375,8.597171,4.354234,5.131347,0.824576,2.146526
5.626398,4.300377,1.982860,2.637281,0.720042,0.362253
17.900682,12.734114,4.428308,10.615204,1.009395,0.617348
13.203279,9.590374,3.671742,5.310391,0.371295,1.638991
12.748886,9.144215,10.764334,8.838929,1.626519,1.138291
7.844346,5.698123,2.727922,4.412033,0.635724,1.700533
4.876081,3.348291,1.929892,1.394571,0.130438,0.077031
10.953715,7.463598,4.903145,3.023582,0.474661,7.987939
14.609153,10.547109,4.347022,5.966657,1.229149,1.523797
12.700042,9.127335,4.140519,8.078238,0.961996,0.387786
9.889304,7.520328,2.930034,8.569702,1.243637,1.436205
26.892139,12.687624,13.261922,18.018841,3.968976,9.396445
30.942146,17.465029,19.719940,31.562571,4.927985,11.541401
53.193596,20.611197,33.479084,42.698311,6.651328,41.224010
53.175865,20.733332,43.015015,60.683147,8.419165,48.938274
88.658165,38.209541,137.953247,172.141434,26.876343,79.181168
62.746986,31.747509,41.578312,66.384407,9.239738,55.495480
26.539501,15.109526,9.974629,27.656204,3.022681,5.409616
73.959717,29.226980,30.919394,45.439629,5.964197,9.944469
92.997711,41.154736,63.609451,95.618767,12.842161,21.131786
98.378555,39.478249,188.673737,231.525589,29.269501,101.011604
5.586879,4.085573,1.747884,0.488282,0.225569,0.476437
33.201214,23.216890,11.408161,15.737966,1.348266,2.851153
26.799849,14.331676,7.929309,10.521587,2.224505,3.183042
9.388021,6.941828,3.608796,4.560596,0.846805,1.199045
27.193554,17.804750,19.495388,24.763956,3.381120,6.817014
6.669178,4.485958,3.461877,3.992090,0.159168,1.199237
9.858903,7.511124,3.038457,4.585876,0.165259,0.687359
15.394580,10.904543,5.161257,3.677655,0.936293,2.723526
19.086523,13.454933,5.306258,8.462320,0.686142,1.793986
13.109759,9.800791,4.185532,7.108261,0.674423,2.403265
5.830342,4.113346,2.599987,4.390406,1.083040,2.736064
18.240337,12.991083,5.487627,6.031523,1.222578,1.432085
4.102570,3.201466,1.882945,1.898769,-0.118565,1.201606
11.416000,8.412684,3.367765,6.678474,1.418638,1.515159
23.281664,15.484191,8.047061,10.673649,1.224926,1.643177
5.722789,4.455975,1.968179,1.427242,0.221693,0.525105
3.800809,2.891800,1.370004,3.499460,0.201963,-0.108190
15.047024,11.176892,3.972403,7.554516,0.882208,0.659233
9.127176,6.819169,5.460562,6.951659,1.301960,2.240001
23.875828,10.231326,21.317068,28.347670,3.399041,11.320865
56.203876,19.961849,37.711819,57.786629,6.922410,15.522635
8.289870,5.921811,3.087567,2.675282,0.348930,0.586143
10.956269,7.659587,3.523795,3.052950,0.555335,0.674468
8.434733,5.887705,2.321169,5.901096,0.752721,1.071688
4.961882,3.573850,1.675934,2.303915,0.550039,0.825028
8.823952,6.743390,2.294999,5.464536,0.911378,1.435034
14.711499,10.332152,4.648427,4.890165,1.471470,9.552703
4.259405,3.175010,1.941515,1.507364,0.335186,-0.009224
21.587069,15.311823,17.830620,16.948900,2.721672,5.513054
4.824786,3.586456,1.722793,3.421092,0.681150,2.794225
6.046707,4.623047,1.917292,2.016041,0.786534,1.378106
20.857107,14.697177,4.643591,8.807478,2.159367,2.013449
6.906583,4.843737,2.659502,4.923004,0.742753,4.853273
4.754422,3.361091,1.895828,2.955441,0.411292,-0.064628
8.954478,6.376173,4.916685,7.712613,1.167024,3.450698
18.248985,13.024497,5.955958,9.830665,1.300828,2.741630
12.463288,9.120226,4.663218,4.517442,1.033623,2.706809
25.108763,17.882612,6.707204,6.990752,0.701030,2.654982
7.441448,5.374383,2.163355,2.525432,0.664949,0.178692
8.181396,5.638654,2.729377,3.963039,0.536675,0.198095
9.099945,6.493400,2.963692,7.044485,1.083972,2.186520
21.207336,13.733025,7.532007,10.187744,1.283631,1.720959
12.371925,8.547322,5.180295,7.738164,1.238175,0.180456
10.936369,7.786169,4.513021,7.697152,0.879007,1.073563
20.817749,14.451509,5.568789,4.738850,0.994396,2.616831
9.385203,6.748046,2.818444,3.162558,0.910025,0.653015
5.218321,3.946916,2.092107,2.381025,0.414283,1.842340
5.688785,3.853449,2.025558,0.074791,0.427354,-0.090528
6.437443,4.394107,2.340529,2.471677,0.515196,0.840116
12.151271,8.898198,2.955067,3.871342,0.342196,1.471198
8.195909,5.823005,3.615838,5.135677,0.570381,0.907116
7.884734,5.539266,3.892393,6.538506,1.211600,0.906995
6.037708,4.307201,4.954216,8.719757,0.894423,1.550992
15.746463,11.278120,4.629655,6.720536,1.170151,3.777277
14.865934,10.399589,3.310627,4.557318,1.502532,7.196789
44.921417,21.267073,14.456933,20.724089,2.358483,4.158062
24.036129,16.275463,6.660054,5.150739,0.921837,2.303993
10.003693,7.513847,3.003097,3.416332,0.364267,0.243939
7.412708,5.570009,2.384310,3.120738,1.338566,0.423502
20.372292,14.674744,11.757266,19.246164,4.906851,19.730536
21.621824,12.400003,6.212040,8.347713,1.269537,2.106834
8.803402,6.504354,1.999531,2.255685,0.478326,0.269963
4.351783,2.984004,1.804338,-0.274465,0.024708,0.518371
4.508770,3.440408,1.862690,2.283979,0.480328,0.493859
4.564964,3.334322,1.979301,3.409568,0.209926,0.291088
9.386554,6.858920,2.882646,4.376429,0.382715,1.037506
4.106091,3.313172,1.683304,3.497625,-0.275256,1.642432
5.043674,3.939072,2.837334,3.887880,0.500765,0.598344
19.866001,11.957438,4.681280,7.441073,0.991525,1.702617
5.070834,3.609064,1.939739,1.811494,0.736623,0.568585
9.389182,7.002195,3.046956,4.272446,0.935686,0.742778
22.250574,8.342881,6.682343,9.695581,2.391139,8.398130
40.828590,25.275438,16.087822,20.412560,3.256823,11.686918
6.642338,5.169086,4.360426,7.909010,1.609830,1.131998
19.551743,13.872552,4.445454,12.295609,1.116954,-0.008869
31.408857,19.594181,15.707931,17.523083,3.127871,4.186607
37.854088,21.387049,29.637651,45.701458,5.674521,10.672739
49.740501,29.176668,39.526772,65.865974,8.936481,12.774728
13.709227,9.860762,4.212464,4.367308,0.544258,0.578511
16.319458,11.895473,4.704160,7.257951,1.418912,1.579750
26.920200,18.719917,14.895311,20.670872,2.590027,4.652021
4.197232,3.233336,1.722581,0.039704,-0.338980,1.076156
10.852755,7.668863,3.617439,8.028600,1.042951,0.756353
16.574509,11.963850,4.721348,5.191038,1.135544,2.825294
11.821891,8.498863,3.147030,6.085808,0.703042,2.617736
5.977560,4.532791,2.098684,1.809412,-0.097929,1.500875
25.267277,17.692373,10.354926,16.458708,1.836110,2.795299
20.282110,14.167625,5.457439,7.554591,1.440381,4.851707
24.400612,17.635548,7.008086,7.427132,1.597101,2.149772
10.163511,7.096559,3.468465,5.259315,0.688647,0.733851
6.310128,4.735841,1.952175,1.846475,-0.037939,-0.390106
7.061007,5.204071,2.123653,4.171775,1.254377,1.647771
43.869354,17.951557,11.787003,16.237482,2.427710,5.966322
4.567692,3.285855,1.384024,1.632843,0.387379,0.239817
25.726376,17.116060,10.030817,14.225786,2.681969,2.220297
58.035534,26.358250,48.227852,76.890297,8.834339,15.681529
53.657593,26.435957,49.871914,84.675842,9.571929,15.068702
11.364494,7.829144,3.465152,3.290296,0.513642,0.351984
8.156590,5.865076,3.146864,5.490952,0.892338,4.388076
40.302792,26.781860,12.296894,18.322977,1.754575,3.929846
28.693518,20.512630,8.732201,10.036579,2.127665,2.781595
11.335900,8.128445,6.554431,8.766317,2.047781,11.677778
10.940170,7.868366,2.831365,4.020830,0.892279,0.676385
13.410577,9.560403,3.591155,4.823883,0.293433,0.243453
24.519598,16.419403,34.600887,49.349590,6.454570,11.498247
103.290497,54.709602,69.605347,101.490623,13.670844,18.670610
22.107342,8.115037,23.891232,50.515018,7.632620,24.652988
7.345248,5.434935,2.123045,2.586035,0.236921,1.271251
13.628654,9.365088,3.331695,8.632759,0.704551,1.074926
8.274393,6.143995,2.435430,7.407063,0.804200,0.431791
4.008897,3.125117,1.017443,2.127608,-0.012547,0.963577
13.649026,9.568620,19.460360,21.499405,2.538772,8.099762
13.208205,9.375566,3.819415,4.703122,1.023530,2.251612
13.852740,5.367781,3.959549,3.502041,0.914315,16.203634
67.314857,28.587257,26.177458,31.946316,6.648913,83.347557
62.921837,28.599667,25.202078,34.424675,6.711013,67.513527
12.137967,8.691982,5.443139,7.264518,1.080747,5.042727
7.152789,5.110872,3.535012,2.978876,1.352446,1.330823
26.025995,15.879141,33.560036,38.553925,6.878406,34.836597
15.590184,11.428782,3.822522,11.055328,1.122591,1.509665
5.183439,3.867711,1.820386,-0.384244,0.523526,0.517397
15.190716,11.096332,5.720385,9.935664,0.408028,5.206245
18.080719,12.678051,6.727786,10.443076,1.529876,1.688938
6.688463,4.039068,1.620115,4.845072,0.579503,3.487590
10.493466,7.409409,2.955606,5.915367,0.751786,1.064154
8.602331,6.173190,3.609437,2.736079,-0.261732,1.576731
25.894957,17.703945,24.358473,37.746033,5.235220,6.396320
5.303408,3.789673,1.386405,3.727542,0.382850,-0.249288
29.830936,17.753695,12.832441,18.818909,2.553087,4.059040
15.059305,11.051700,5.855833,8.578388,0.746376,5.803712
13.329413,9.931634,5.576517,8.784181,0.850790,3.741965
16.143307,11.264222,4.133428,5.157206,0.617806,2.591568
4.060446,3.058642,1.588484,3.705226,-0.179709,0.710273
11.475471,8.345176,4.095136,4.972694,1.423693,2.279845
6.745186,5.126466,2.072706,2.051515,1.199028,0.638039
13.738237,9.644392,3.377992,2.561945,0.608398,2.063648
37.377209,16.768785,21.826059,27.809420,3.724789,10.303259
53.725231,19.579872,26.602398,48.935734,4.256690,6.775120
38.983704,23.001244,14.548814,21.603855,2.918245,3.462981
11.693289,8.340144,4.389836,4.633252,0.440834,1.938925
11.950845,8.826998,4.778255,2.558215,0.596170,2.895644
4.480046,3.314989,2.019007,3.035947,1.136184,1.341498
11.628164,7.965296,3.103808,6.378558,0.964182,1.228122
34.544064,18.420811,11.840384,21.522549,3.146396,3.872349
28.892506,17.259809,20.284256,31.617842,2.973161,7.706020
7.405369,4.897178,2.445656,4.783476,0.495246,1.811390
8.679417,6.370067,3.322647,6.399886,0.315077,0.043369
4.546182,3.540749,1.387975,1.303719,0.238433,6.367244
32.472450,21.070719,12.892736,23.496231,2.402895,5.818409
7.933840,5.514341,2.585821,1.108055,-0.117115,0.875924
23.089251,15.797418,21.875433,33.106922,3.834333,6.287366
6.998111,5.091707,2.443902,2.913307,1.045670,1.238876
11.544456,8.209799,3.665217,4.279286,0.766783,4.624951
7.471438,5.449511,2.246515,3.042424,0.837278,0.470481
5.969009,4.525446,2.134442,2.878361,-0.100853,-0.076575
14.451958,10.405983,3.227239,5.246582,0.527865,1.438309
9.084808,6.333024,2.476757,3.401950,-0.171470,0.468624
12.611115,8.611456,11.780162,20.171791,2.427927,2.104565
14.705984,10.484917,4.317009,3.814700,0.470550,1.339605
8.692381,3.990359,2.264132,3.677211,0.629392,0.500539
21.257849,14.789216,6.547338,11.184300,1.218010,2.261304
25.235964,18.114927,7.913042,11.957429,2.280516,2.779298
13.947109,10.045725,3.336687,5.532326,0.877228,1.208588
4.435877,3.110829,1.717783,3.452392,0.513294,0.489472
23.941242,11.486348,8.369103,11.533348,1.349816,1.873703
5.144560,3.692176,1.844746,2.098541,0.162887,0.949372
14.545338,10.440326,5.531185,5.494224,0.410018,3.042811
4.702370,3.470459,1.103988,1.157835,0.190486,1.564456
3.873839,3.005061,2.952461,3.334721,0.084230,0.726093
6.431893,4.667036,2.185465,3.194397,-0.059726,0.683254
5.239909,3.970098,2.143592,2.625779,0.515684,-0.701871
7.440731,5.753960,6.826081,8.263204,1.633416,1.710236
4.382697,3.308509,1.454982,0.598889,-0.046631,0.881120
15.496799,11.339307,4.277827,6.475371,0.872468,0.787225
10.714855,8.009549,2.847232,8.053209,0.348155,1.652388
5.285084,4.020059,2.023970,1.040794,0.494855,3.076722
18.676809,13.693420,3.880040,8.360643,1.141571,3.601608
17.482233,12.273334,4.194673,7.935828,0.329944,2.045859
22.702484,13.183125,7.295455,10.437727,1.991957,4.046276
8.384474,5.822741,2.489169,4.733810,-0.084328,2.876191
6.746719,4.796830,2.368013,1.251396,0.248884,0.052061
7.494381,5.180296,2.407488,2.909515,0.221478,2.424589
5.107046,3.725611,2.081775,4.066510,-0.263405,0.468108
12.225471,9.078119,3.593693,5.985878,0.942490,0.914324
17.336494,12.665899,4.759394,7.222930,0.213205,2.548137
38.207405,18.067696,10.825943,15.575779,2.682519,15.134480
9.011690,6.924397,2.621739,2.104725,1.050027,1.027923
7.637465,5.247485,1.937563,5.610942,0.257865,1.227188
6.575247,5.008148,1.762336,4.809431,0.753159,0.825980
30.149261,18.589048,13.199254,18.815712,2.981075,2.963948
33.018265,19.555361,15.606239,25.817469,3.307884,3.384739
5.640051,4.266992,1.852225,2.087740,0.301529,0.463835
5.303179,4.164330,1.472656,3.064182,0.228555,0.915485
5.376169,3.752531,1.732639,4.708784,0.354980,0.975812
5.988111,4.431326,3.838554,7.013752,1.593733,2.044283
14.694416,10.595280,3.688296,4.662900,0.985438,2.299290
9.629153,6.969223,2.502183,6.208649,0.401951,1.387531
9.069366,6.687838,3.133428,3.599886,0.665681,1.281087
23.222441,16.377005,7.172810,8.899746,1.531994,3.913249
11.852922,8.267496,3.543080,5.829143,0.938808,1.339512
4.752622,3.838338,1.812997,3.802085,0.706772,0.657449
12.137913,7.765767,5.407807,4.553108,0.498282,1.942891
11.042277,8.315887,6.353947,7.467333,0.282120,2.188776
22.536119,10.211632,7.016177,9.192476,1.326605,1.579375
11.072350,8.042245,2.860893,5.926710,0.942397,7.891109
6.983612,5.341094,3.064054,3.326237,0.196204,-0.629466
16.278206,12.110721,5.352066,6.012234,0.489980,2.959614
6.936622,5.273822,2.816500,4.025763,0.483212,-0.016477
43.546310,28.856014,17.548449,16.330318,2.556123,2.761709
20.332266,14.848716,7.101120,11.745721,2.488796,13.931439
4.069679,2.995569,2.199253,0.416398,0.020812,0.328873
34.590668,20.879625,9.436259,12.646051,2.027759,0.169422
7.011733,4.953168,2.521128,5.951130,0.796402,1.222403
18.787828,13.364386,4.333953,7.365411,1.355432,2.242688
19.435364,13.977958,4.900414,7.238304,0.394163,1.350929
11.405120,8.488341,3.723160,3.638153,0.403554,2.580530
6.726936,5.115805,1.593725,3.220864,0.272011,1.278711
17.938044,13.204590,5.489914,8.660548,1.505069,3.019956
6.879986,4.974802,2.921270,5.878874,0.377935,0.989525
23.101519,16.673447,8.018200,9.040257,0.899921,0.667458
8.268064,6.196713,2.475821,4.273264,0.396981,0.195806
6.405435,4.419924,1.873271,7.303782,0.442304,-0.287137
34.316021,21.889637,23.506266,41.096710,5.260637,6.384264
8.123594,5.953726,2.338223,3.572264,0.779880,1.601093
6.059923,4.316381,1.847537,2.208523,0.887927,1.532638
33.401535,11.827790,13.036433,18.787743,2.871976,4.710393
30.694958,17.210543,35.020592,51.257717,6.266842,8.186810
27.917351,17.699108,18.842358,24.250443,2.766640,12.834633
7.390265,5.574728,2.273934,2.180767,0.844104,2.762061
11.753349,9.098959,2.650505,9.629079,1.227281,0.099925
6.838910,5.263650,2.406392,2.472360,0.461307,1.785362
7.160573,5.224233,2.752378,6.177126,0.422052,1.500494
30.155914,20.696741,16.905489,16.933662,2.379786,3.321976
8.995491,6.890337,2.827134,5.560054,1.334277,0.527121
79.882301,34.246387,79.262489,111.666084,13.244061,26.081497
96.780762,37.210938,50.294750,65.296127,9.383963,13.687777
84.012276,20.759609,50.905872,74.822868,9.410632,15.260473
4.715820,3.423293,3.623115,4.186526,0.920199,2.731688
12.435783,8.947222,3.809947,5.948289,0.989081,2.167416
13.519469,9.472711,5.604093,9.862148,0.235192,0.523316
6.805239,5.050788,2.480409,3.050478,0.006575,0.203487
5.734710,4.434059,1.926462,2.548811,0.355232,0.317574
8.611430,6.232754,3.563447,8.119949,0.723207,1.158149
5.486373,4.050368,3.642011,5.175219,0.781282,2.297893
5.345045,3.888870,1.715811,3.385079,0.146669,1.382140
11.871669,8.280116,5.881302,7.624426,1.339051,2.109123
16.687126,11.938126,4.160114,5.609401,0.851559,3.110772
24.986778,16.613934,6.952620,12.659887,0.999655,2.607383
8.462479,5.757002,3.898346,5.264359,1.198568,2.143790
26.822796,11.720309,16.279339,28.723509,4.176859,9.368109
32.848377,21.463856,9.871748,10.754519,1.015491,2.335089
4.742419,3.424866,3.585473,5.726840,0.480502,0.733062
21.531679,14.562223,16.509607,27.138535,3.781667,8.409177
29.845097,19.277660,40.949032,41.387001,5.114985,14.674687
6.832710,4.892653,2.645415,3.981667,0.494273,3.662625
4.040802,3.019485,1.312283,2.447561,-0.151343,0.063057
14.057072,10.106597,3.931202,7.117225,1.118132,1.651292
10.331336,7.482580,2.893282,3.484221,0.218364,1.953927
5.652936,4.039207,3.045156,3.374815,0.308746,7.235025
11.434060,8.427140,2.905560,3.081719,0.108408,1.679717
5.773569,4.540612,2.435626,2.756126,0.248122,-0.516034
7.459344,5.627466,2.344825,3.224449,0.123147,0.267628
51.007595,30.058300,30.532581,45.512424,7.254895,17.511143
53.231613,24.606667,35.109875,54.316376,6.335390,16.256428
33.162296,15.804633,17.185953,30.739544,5.460096,8.630520
12.734509,9.590485,3.402368,3.927413,1.108087,0.883263
11.119033,7.744339,4.133757,6.896190,0.996045,2.079872
4.791796,3.326194,2.132429,2.084852,0.052827,0.633950
10.525693,7.396648,2.358779,5.662009,0.716970,1.120841
13.481359,9.579565,3.538809,6.340795,1.279597,1.028171
35.762318,23.071770,12.436264,18.898487,3.144686,2.221406
19.600613,14.441836,4.826756,5.998662,1.077825,1.517693
9.472213,6.819500,4.082412,5.296847,0.470369,0.972056
12.117557,8.967575,4.109672,3.230572,0.538343,2.324624
10.467455,7.219443,3.094449,6.846622,1.191183,3.063123
6.046167,4.164209,2.194988,3.381039,0.260979,1.185756
5.140515,3.848631,2.238023,1.401476,0.333253,-0.023436
8.542679,6.435531,3.032967,2.642427,0.724360,1.098555
6.795738,4.679359,1.793500,2.931267,0.671739,1.839881
32.672470,15.892055,30.483223,49.403179,6.581105,11.324809
18.460606,13.288832,5.113060,5.357158,1.114690,1.146218
9.275712,6.769636,3.657287,3.335892,0.669035,1.301249
12.240484,8.643758,3.745639,6.467012,0.431422,0.592997
7.373518,5.107214,2.151450,2.983426,0.178263,1.136962
21.060886,15.208879,4.894034,5.873535,0.936764,0.749381
15.089865,10.798717,4.310475,5.166489,0.654324,0.056266
5.243076,3.952272,2.735541,2.972403,0.147332,0.701780
12.347394,9.176754,8.679877,10.711406,1.882774,3.205851
4.482468,3.480936,1.866806,3.049144,0.381152,0.878503
10.941397,7.709597,3.441211,7.319662,1.484814,0.694102
27.635843,19.011045,6.277996,9.171236,2.913662,2.901830
12.645554,9.250878,3.201612,5.838371,0.850446,1.672406
5.442500,3.950480,2.003826,2.229712,0.022096,0.021936
5.807116,4.255986,1.983811,3.128470,0.635313,-0.232707
6.940377,5.384956,2.517979,1.783203,1.111430,0.568649
9.225740,6.141067,4.675664,5.935382,1.289160,1.782279
8.992139,6.333682,3.677518,6.212404,0.556800,1.012950
19.814005,14.033894,6.470693,7.381999,1.284804,2.217307
4.716845,3.542337,2.107761,0.798095,0.256856,0.778119
5.450778,4.146133,1.905482,3.911689,0.281435,1.216679
6.664704,5.042434,2.216551,2.121171,0.197610,2.710108
10.393464,7.755896,3.260521,2.588717,0.463605,0.704501
5.690219,4.234242,2.062715,5.539612,0.757634,2.439036
18.555361,13.151030,4.636062,8.851188,0.777605,0.611413
17.499342,13.126323,4.827118,6.876994,1.373737,1.106140
11.437347,8.108537,4.556328,6.364937,0.631530,1.843586
15.244145,10.722501,3.859594,6.994321,1.126707,4.077068
18.073503,12.945038,4.643280,8.550167,1.058362,1.549555
11.981486,8.696008,3.931871,4.662359,0.696309,1.171296
7.428817,5.457979,2.589533,2.468032,0.060910,0.540917
5.356857,3.828728,1.720997,1.011039,0.671285,0.517184
5.828043,3.923092,2.053327,3.736960,0.442591,0.394433
12.686670,8.906972,3.417043,3.279045,0.995315,0.854370
25.279819,16.131840,42.080612,48.423435,6.330448,11.514702
17.479683,12.225306,5.724826,6.684773,0.506271,1.983451
18.166391,13.415967,5.433769,6.075926,1.642375,1.929796
24.118217,15.999321,19.539839,24.104836,3.499336,7.582967
11.775877,8.532871,4.119122,2.319668,0.255751,0.665800
20.395430,14.527060,8.616995,12.723532,1.465280,7.633327
5.726089,4.352648,2.249128,1.603834,1.120317,-0.284206
7.296446,5.376644,2.517203,5.100086,0.725831,0.888096
7.852876,5.699467,5.177547,7.529150,0.772896,2.230713
14.303699,9.904907,4.529393,5.689705,0.387102,1.859447
58.886787,37.411190,37.722809,52.095375,7.710207,15.730729
48.501091,18.217472,25.946077,25.330246,4.193881,14.059080
46.692291,18.125437,25.455269,26.245852,3.650565,13.539757
14.133094,10.066463,4.469920,8.609937,1.705469,1.671730
48.894691,28.109207,46.345325,47.911564,5.879527,9.361211
14.416036,10.681767,4.253314,9.920102,1.219649,0.940074
5.006805,3.256808,1.704894,1.343352,0.426651,0.056396
10.253006,7.329224,3.155465,3.978777,0.656667,1.961259
6.638043,4.703458,2.155147,4.000598,0.651979,1.113497
16.246675,11.762092,5.979713,8.869064,1.363663,3.142227
9.149827,6.216502,3.453186,4.176645,0.606148,0.315441
13.062587,9.498099,4.785211,7.331503,1.154375,3.232061
13.322365,9.387179,5.518323,4.962305,0.698715,4.501228
19.988142,14.426777,9.659105,15.944874,2.670839,3.082696
8.765728,6.278253,2.986036,5.500804,0.296656,1.515847
10.761092,7.339968,7.347465,11.783443,2.352031,11.091165
9.286676,6.916204,3.239983,2.961349,1.049663,1.326939
8.409044,6.347929,2.248021,6.477298,1.325443,0.318202
13.128088,9.881123,5.329256,7.926551,1.339275,0.882998
13.042774,9.047802,4.186647,5.267326,1.195260,2.698301
9.155815,6.435629,3.000724,2.390781,0.550486,0.476101
14.738352,10.374170,5.425156,4.219776,1.266355,2.526413
9.136079,6.857550,3.245729,0.430044,0.657498,1.690535
12.948762,9.190726,4.153464,5.890461,1.478943,0.580644
5.639482,3.782473,1.889441,4.952646,0.450505,0.409758
7.274277,4.827576,2.886183,3.154985,0.064113,0.124986
4.974804,3.627542,1.733836,2.642932,0.429546,-0.323100
15.236477,11.134786,4.424324,2.014596,1.046114,2.722307
11.270514,8.397849,3.215578,5.901944,0.703433,1.967203
5.857563,4.032320,1.681869,3.489934,0.454277,0.404373
7.154854,4.726074,2.004308,2.813867,0.807307,1.125573
18.795868,11.913208,6.470036,5.121601,0.896459,5.666550
20.132092,12.874369,7.603440,7.124797,1.556373,6.006007
4.751134,3.684823,1.987774,0.741193,0.520519,-0.151918
8.384516,6.436204,5.609391,12.027719,1.577098,2.342853
10.485126,7.915974,9.046632,11.805229,1.688302,2.780345
20.407160,14.655955,14.267887,23.768663,3.593199,3.957230
8.814994,6.473447,3.524858,3.546930,0.274206,0.393994
6.386116,4.512817,2.325363,0.731076,0.383584,1.959858
29.631453,21.083323,7.834985,7.558744,1.453738,0.976216
13.534104,9.791257,3.549946,5.392708,1.989777,1.101788
5.887385,4.388464,1.925948,1.280491,0.556160,0.748378
10.588527,7.642270,3.800305,1.289932,0.191593,2.034000
11.027626,7.738894,2.914395,3.800912,0.904052,0.175736
6.885676,5.224229,2.719091,5.690471,0.306130,1.314907
4.152138,3.251648,1.995975,2.538522,0.510602,1.601132
6.501966,4.614634,1.957190,2.051775,0.809977,0.362382
22.097546,9.973678,11.074790,12.176874,2.269879,7.938124
20.959133,10.801934,12.364170,13.780897,2.589855,9.809190
8.399879,5.748405,4.645268,5.638385,1.047210,4.201813
15.058303,10.436650,10.075640,14.129854,1.441718,10.738368
5.063616,3.869037,1.929718,2.444637,0.206930,0.948073
6.152568,4.588450,3.159173,5.075391,0.662523,-0.130737
15.212956,11.247932,3.678902,8.646255,1.331088,1.649070
14.129560,10.254860,4.479331,4.693995,0.870454,2.252584
8.271021,5.654435,2.693528,3.091678,0.594630,0.342266
20.193317,13.998361,5.130157,8.047201,1.225253,1.928594
4.917956,3.743693,3.799917,3.465957,0.555243,1.718181
29.695644,19.882730,29.058697,36.011757,5.882115,6.686551
6.371020,4.460654,6.197829,12.659654,2.300578,2.378922
16.021055,11.800844,4.342478,6.638489,0.619798,-0.521066
9.345895,6.559450,2.444652,5.330119,0.450486,1.700827
15.980224,11.557070,4.734617,6.830663,0.585753,0.756298
7.133708,5.318722,3.775903,3.294360,0.648627,0.177880
5.511718,3.573416,2.060903,1.316049,0.528975,-0.515065
11.846134,8.702297,3.239295,5.832228,0.624863,1.164329
7.879021,5.910392,2.622532,2.580695,0.276231,2.215796
6.150290,4.551406,2.126616,4.211152,0.239117,0.990378
4.252911,3.107072,7.693304,9.061244,0.924737,2.546355
12.264207,8.593350,3.885205,2.245015,0.791893,0.604599
13.900162,9.980227,4.247198,3.778810,0.902960,1.685225
14.210083,9.863691,3.312117,6.283054,0.288544,0.229707
7.040583,5.125374,2.000625,3.397617,0.283725,2.641672
13.323426,9.184505,3.757345,5.993262,0.552694,2.278200
28.034595,14.456861,38.472549,37.875275,5.964798,9.501864
14.901855,10.920432,4.500516,4.880625,0.548638,0.574007
16.597965,12.011299,4.116453,8.972018,0.280349,1.504592
23.694668,10.977117,11.359686,14.966843,1.605072,4.429172
6.575112,4.986804,3.859310,6.049774,0.888552,1.404896
42.203403,16.414984,19.194012,23.848518,3.465252,5.919959
40.371799,16.385916,19.238169,26.280401,3.507198,4.650917
6.254622,4.279130,1.994187,3.818290,-0.243981,2.591792
15.502921,11.152236,4.822284,4.471835,0.726291,0.558609
8.275253,6.024811,2.597692,3.567611,0.366467,-0.156351
18.509876,12.841746,4.381563,8.187387,0.991066,2.590009
5.922056,4.179413,2.624906,1.336143,0.934982,0.039412
14.778663,10.805515,4.237827,5.023941,0.659371,0.994982
14.879512,10.563828,3.594125,5.324222,0.800290,1.212296
14.340959,10.381256,8.077560,8.658921,1.336015,1.341773
69.121162,38.664223,42.259838,44.040222,6.568728,41.271904
5.939939,4.378578,2.343976,5.801050,0.303917,2.941905
10.722824,7.660670,4.063365,3.190302,1.837537,0.628152
5.139224,3.841732,2.211985,2.807016,0.126675,2.342365
5.033602,3.499044,1.856456,1.043694,0.892667,0.611322
15.900020,10.086303,5.460306,9.147218,0.930083,1.194756
6.730839,4.943948,1.889537,2.018441,0.481586,0.883413
8.605152,6.302505,2.754080,2.581046,0.648874,1.009820
5.074037,3.579833,1.709111,0.982504,0.207358,0.016192
9.177092,6.816827,3.022574,0.820596,0.469984,1.729221
5.708915,4.163978,6.019595,10.405184,1.976048,2.280753
8.570119,5.910658,4.878417,5.497158,0.872950,1.381444
34.306580,15.727338,15.492029,22.707071,3.773887,6.540725
81.884857,31.003378,91.800064,123.869675,16.642134,22.196934
4.465693,3.217722,3.124353,2.042048,0.509825,1.013954
12.851641,9.333812,4.126920,4.162578,0.697354,2.121032
6.376852,4.495587,2.285083,3.190662,0.207533,1.013606
4.732296,3.392728,2.044215,1.560361,-0.141468,1.096569
26.304293,18.587860,6.919406,4.007375,0.756956,3.103152
19.776627,14.345407,9.314405,7.247488,1.788110,2.386677
52.311237,25.164377,29.475513,35.363453,4.189051,7.464673
21.020271,12.625690,5.749681,5.242014,0.707461,2.051879
15.207516,8.439688,5.378585,5.417433,0.964197,1.842713
9.661196,6.869335,4.307306,4.089493,0.825431,1.553760
11.335170,7.820083,3.663833,3.144467,1.305448,0.980579
34.336010,19.230675,14.763274,20.626869,3.139669,4.640595
24.359713,13.377282,10.044992,19.280090,2.415080,3.556887
16.014414,11.106359,17.181547,17.769779,2.097879,8.145799
5.929650,4.430378,2.375818,1.163414,0.735095,1.090791
12.642221,8.910797,3.735075,3.070009,0.945446,3.041695
9.909680,7.097091,3.134516,2.476842,0.283662,0.984280
10.722356,7.697721,3.503892,2.330463,0.338193,0.979696
15.579169,11.161560,4.777603,6.075007,-0.347063,1.094893
18.421524,12.918976,6.262909,6.766418,1.099376,0.867873
12.146441,8.831358,5.835631,3.087388,0.275441,1.938693
43.776051,24.135841,51.909191,62.340492,10.394016,21.942814
62.258160,36.168007,81.700226,92.091698,12.500975,16.762606
23.554169,16.656092,6.751185,10.704815,1.387392,0.436640
5.864117,4.018567,2.435825,2.509650,0.729103,0.355189
7.516814,5.046327,3.128211,0.295642,0.569669,1.558640
5.049366,3.332443,2.285704,2.047684,1.372887,1.318597
15.077082,10.848025,5.589664,6.637508,0.745866,1.395284
24.477432,14.709557,12.824969,18.899492,2.707972,5.042805
43.361286,28.325850,27.557817,36.349667,6.157747,13.814363
20.051172,13.824233,11.085717,20.747877,2.809971,1.265475
12.562282,8.850177,6.683238,9.222239,0.735518,1.000529
10.349684,8.172095,2.997042,4.291422,0.343809,1.015050
27.665640,19.040426,6.351711,13.645746,1.520111,1.114679
13.871362,9.795462,3.927895,6.014309,0.537136,1.512016
11.910110,8.330758,3.971701,5.618292,0.163625,2.185514
8.800827,6.235943,8.173214,7.496015,0.896672,6.135459
60.584621,31.477135,42.878265,65.883720,9.016270,15.847515
78.507393,32.224438,56.347141,93.249168,13.391865,17.642729
71.866211,32.135292,54.596146,96.367981,13.050061,15.349886
81.283936,47.093838,53.645966,80.836533,10.800125,20.861137
91.524323,31.142048,47.486706,79.929207,11.405468,15.092504
107.743629,31.990040,67.872627,109.047867,14.586084,18.262836
101.844078,31.828533,58.758675,95.159157,12.151521,13.782598
44.887192,19.644669,14.694208,40.340427,6.351000,6.753894
111.977028,44.652611,107.845192,179.377090,19.949669,27.422102
91.141815,38.936405,158.789322,225.738968,31.265970,46.031723
85.232773,28.088947,77.010612,116.589127,17.595907,29.128986
126.782555,38.178413,207.753845,290.817200,38.692547,94.278534
126.071022,51.657696,191.897171,237.442139,38.685715,111.281464
82.179512,38.024292,115.691406,187.668945,25.018965,40.149117
33.103745,20.943975,48.184692,65.759933,9.587477,16.185810
59.622440,36.144455,46.841522,82.843414,10.826683,13.328243
20.872112,14.770835,5.884868,25.249599,3.500646,4.233729
87.329910,37.024841,149.852295,207.965836,27.014767,58.433674
54.715191,26.345070,53.358887,105.095497,14.251110,30.882374
27.781769,18.785269,16.165543,33.524399,6.458439,27.611917
22.249577,13.751626,13.419558,27.843002,3.543972,4.303357
15.122822,9.747729,9.890349,23.105228,3.184075,2.017739
92.244209,34.334396,64.177376,90.285927,14.559831,32.295921
93.965363,32.416084,91.123138,130.337799,20.155161,35.011635
81.336533,26.220545,74.449615,128.078796,18.109070,25.556431
82.214569,33.337425,47.086819,91.435638,11.125569,16.432411
56.825333,23.294035,82.808395,126.682549,17.910137,33.943306
52.882961,25.146294,84.333809,142.582153,19.863701,29.855436
41.211823,25.321547,16.504587,28.986191,5.186062,18.595179
16.638783,7.103560,5.402596,10.847688,2.285073,3.782269
75.215744,42.246773,53.015503,85.974792,11.241337,15.168234
41.624931,19.809652,20.143137,44.896255,5.683871,5.484112
36.676884,16.565805,36.186024,56.814705,7.523893,8.669490
71.009460,27.606274,74.814674,104.448402,14.646318,30.417511
137.332687,42.886055,235.876495,298.563324,39.718723,61.535587
31.916235,16.414629,13.096818,40.002613,4.971043,5.853492
46.097111,28.762819,41.051907,63.367115,8.816968,16.963560
71.521263,29.478535,69.968231,102.144386,15.721103,39.214901
38.576447,12.412596,23.742935,44.239220,6.175792,10.517974
58.215858,25.746302,62.012669,85.612244,12.713468,17.720959
38.619987,16.048141,41.894112,70.581825,9.537768,8.875651
46.838417,29.466112,19.630806,38.069210,5.833567,8.221700
5.007413,3.905147,2.175514,3.487132,0.451862,-0.538068
43.197239,28.019150,23.728968,38.224724,6.476758,11.794250
4.839862,3.379522,1.797977,3.292014,-0.049958,-1.397017
8.909838,6.420043,3.217995,4.003016,0.173431,0.683365
7.609653,5.364638,3.182645,2.484939,0.887236,1.079895
20.209177,14.686709,13.570799,17.004333,1.141432,3.818752
5.176120,3.541370,1.888384,1.860174,0.160515,2.462554
7.674634,5.467458,2.608425,2.265075,0.533581,0.557058
7.459879,5.449325,4.461529,5.105390,0.666503,1.393093
15.543441,11.071962,4.767513,10.045516,1.169254,1.106402
12.910373,9.658140,3.412669,8.713053,0.540369,0.780165
6.874618,4.760208,2.521184,2.404546,0.446992,0.662421
12.198950,8.633480,3.213783,6.073614,0.351089,2.283632
6.647034,5.348940,2.480421,1.593534,-0.041605,-0.356714
6.490607,4.746550,2.145219,3.553521,0.546444,3.122912
10.831203,7.471980,2.730694,5.247252,-0.086025,0.557863
9.567312,6.915455,2.571465,4.065356,0.331610,0.949215
14.836803,11.092345,4.245909,9.114597,1.149862,16.245878
10.774316,7.967851,12.483533,21.625807,2.569025,3.994931
9.933595,7.143514,3.086164,3.375028,0.675704,1.712966
6.642179,4.836783,2.481896,2.341029,0.829171,0.665580
23.709673,17.297108,6.438661,7.917285,0.853391,3.627980
7.368316,5.343024,2.569861,4.425965,0.103866,0.941053
5.523188,4.111749,2.055869,3.053579,0.379734,-0.756761
4.521766,2.999007,2.189462,0.264569,0.112493,-0.045984
11.758914,8.122098,2.909967,6.300712,0.211794,2.489617
3.986436,3.014274,1.454902,1.041852,0.027158,0.903292
6.321617,4.540625,2.322283,3.125836,0.449172,0.914257
6.855781,5.541626,2.487049,3.054044,0.527821,1.275931
9.939272,7.117838,3.262899,3.461696,0.927586,4.662294
38.109863,24.868042,19.192116,28.667889,3.232019,6.469212
14.102282,9.829251,4.620601,6.815987,1.678753,2.239705
12.543608,9.149617,3.434402,6.089433,0.874884,1.923945
8.954979,5.197787,3.195316,-0.721594,0.512610,0.879397
5.696667,4.341671,1.701243,6.734683,0.539293,0.995694
10.440784,7.641583,2.926434,6.015323,0.728887,0.310598
18.692398,12.190387,11.863872,14.234284,2.137628,2.222275
6.113589,3.815019,2.476221,6.444306,1.042239,1.044457
5.811942,4.179315,2.522823,3.223799,0.350814,0.367470
7.298957,5.227453,3.289282,6.433955,0.340653,0.598469
5.784973,4.445068,2.346878,3.611681,0.281210,5.867479
15.150861,10.957287,5.558037,8.253734,0.964202,1.308887
5.567477,4.150497,2.259899,3.045680,0.388312,1.383294
7.457726,5.144599,2.407135,3.720377,0.084912,0.393430
5.843717,4.419185,2.015726,3.659008,0.042764,-0.164834
7.497038,5.489175,2.222443,3.760253,0.187392,0.272338
8.277736,6.129583,2.486947,1.159143,0.686899,0.469378
4.313506,2.982303,1.727400,1.389814,0.483736,0.730551
6.875888,4.855287,2.687283,3.499730,0.281584,1.072091
15.798230,10.964211,7.900151,10.603810,1.859389,1.920855
17.858889,12.230840,5.136717,10.191092,1.634878,2.222103
7.289555,5.305502,3.087237,4.325905,0.405893,1.213962
5.035538,3.544209,2.353584,4.260556,0.607515,0.515952
11.997274,8.267542,3.608180,3.426608,0.983630,1.184793
22.157301,11.903354,7.182719,7.847086,1.637461,1.953514
12.166563,8.896794,3.541201,5.833147,0.867358,0.056381
17.963425,12.822293,5.935585,8.037745,1.437934,3.993683
9.448389,7.208727,2.406067,3.850824,0.385023,2.486255
11.372025,8.629002,3.287877,5.333926,1.515703,0.643796
13.229097,9.699962,4.519190,4.477125,0.810815,2.170233
5.320175,3.575707,2.092885,3.609461,0.244814,0.713574
4.316799,3.112056,1.091007,1.959617,0.384647,0.020780
7.098341,5.157798,2.665036,4.791309,0.477237,1.197174
8.756054,6.470592,4.812970,6.694557,1.359266,3.342993
5.200825,4.059650,1.848587,1.755157,-0.010390,0.790631
5.528171,3.964610,2.653033,5.258045,1.039642,1.606614
15.040412,10.610643,6.239741,9.581561,1.655046,0.866909
8.961609,6.647748,3.050972,2.209223,0.825909,2.168732
64.159607,40.652256,17.133457,24.529074,3.068178,15.698494
10.920156,7.881848,3.590147,3.599187,0.071442,1.853471
9.516087,6.678139,3.317646,5.057631,0.729758,3.942176
8.096930,6.232892,3.314665,7.704344,0.418229,2.036782
7.640825,5.600117,2.452046,3.807306,0.458158,0.962130
14.237742,10.124063,4.402137,3.510424,1.158769,0.724209
9.573935,6.681652,2.653044,4.776516,0.336192,0.408954
9.792771,6.812962,2.622025,3.540225,0.519874,0.838111
18.601164,13.290217,6.280518,9.790003,1.612547,1.693060
35.347595,22.800516,34.429440,49.513412,7.353199,11.271473
39.530674,24.671797,13.081697,19.317368,2.850454,8.690650
48.089165,22.345392,43.716782,51.991974,8.787042,21.224350
49.626297,23.398912,57.770996,71.881264,10.974370,25.672869
64.331497,28.978209,42.417618,57.256855,8.258791,16.754068
60.370895,27.877258,98.236046,131.361786,19.037481,42.521282
9.081068,6.377882,2.800179,3.615685,0.112587,5.166391
14.993608,10.928161,4.239615,7.778990,1.544233,0.729587
16.394972,12.075377,4.711040,7.302440,0.924723,0.085771
6.364313,4.799515,2.160781,2.349988,0.219172,0.934634
8.404732,5.559242,3.495932,6.301581,0.522520,2.053013
11.877600,8.241153,3.149812,7.961302,0.408628,0.651473
23.861580,16.031248,7.307200,7.111303,0.945346,6.539894
11.669736,8.770916,4.244714,23.846821,6.440572,25.095009
9.734603,6.727322,3.207178,2.645145,0.739907,2.490297
17.166515,12.823509,6.933028,8.525008,1.267319,4.380520
8.181837,6.020620,2.486402,2.312529,1.006716,0.860710
4.429231,3.340778,1.656449,2.513680,-0.132372,1.522330
13.884593,10.095465,3.826226,7.208834,0.309741,0.703347
19.242428,8.898273,5.781393,11.638601,1.027179,2.499586
9.660633,7.270618,2.675705,2.062650,0.659579,2.045081
16.069244,9.075697,5.620361,8.108565,0.831777,1.968215
9.141534,6.962318,2.780521,4.892826,0.463368,-0.301879
7.769071,5.493064,2.316930,3.111404,1.152054,0.191232
10.691902,7.546257,10.111805,12.047531,1.188174,4.797381
6.017650,4.539357,2.467825,3.058206,0.987860,1.760769
16.033838,11.277954,4.379910,7.001626,0.652158,0.358785
5.283215,3.616457,1.623713,1.674968,0.860820,2.169323
8.385298,5.947317,3.226066,4.823307,-0.083900,0.446974
8.083245,5.817538,2.838549,1.211976,0.419134,0.337661
25.153696,16.707581,6.783916,9.963472,2.321692,5.414498
13.570439,8.298770,3.587404,7.681278,1.156571,2.255690
34.354870,15.741225,10.127640,12.954652,2.071186,2.822176
26.855015,11.323632,8.402844,13.678920,1.273245,2.244937
10.857038,8.028939,3.461735,3.140629,0.529398,1.109468
5.444288,4.082695,2.094794,0.781178,0.666678,7.890084
6.437968,4.820204,4.474816,9.731047,1.415850,2.832271
19.480986,13.438875,4.561970,9.355693,1.003171,2.355575
14.948101,10.577641,4.014941,5.324072,0.284014,3.707790
4.603810,3.343659,1.719911,1.890165,0.102660,1.030174
4.771020,3.600601,2.339985,2.234615,-0.181774,0.543325
6.913947,5.041475,1.967651,2.775254,-0.166559,1.198405
12.428288,8.296218,3.789754,5.975309,0.968932,1.447354
6.228939,4.373253,2.169020,3.834989,0.569183,0.942343
6.439239,4.837372,2.459697,2.840420,0.522758,0.644482
22.621481,16.291935,5.704627,11.109332,1.921602,2.033173
6.633418,4.581045,2.169064,2.117484,0.853022,1.054120
4.167016,3.220244,1.421221,1.290406,0.450752,0.703010
14.413487,10.284804,4.093576,5.555813,0.339883,-0.165710
9.468137,6.401034,3.177389,1.965371,0.481420,0.248193
15.055623,10.869303,4.189046,1.100685,0.357668,1.753693
5.075971,3.821796,1.252037,1.532633,0.688414,-0.115515
6.454227,4.785872,2.122765,3.427267,0.427770,3.089259
11.556320,8.235694,3.262163,5.781035,0.994676,1.085074
10.103868,7.439482,3.550081,4.290593,0.232098,0.755715
9.755233,6.774054,5.604775,8.846515,1.146161,1.319765
13.442390,9.699594,3.649892,3.758257,0.975000,2.261234
22.036074,15.888121,7.402827,12.689169,1.487872,3.136619
37.441864,20.563267,22.830315,22.283018,5.428550,32.573463
92.401863,43.855228,118.551346,180.210815,26.097891,66.864578
26.571196,17.014566,47.914154,80.272934,10.172338,20.172745
9.667722,7.151685,3.650399,2.506897,0.402619,0.773206
6.663683,4.762239,1.570632,3.335994,0.627776,1.340851
4.518101,3.230030,1.440321,5.467885,0.412982,0.393282
14.390897,10.405646,4.163600,6.692471,0.876091,1.848962
39.842213,25.467300,14.576127,17.629906,2.351189,6.431613
5.918880,4.441061,2.276515,5.166383,0.776993,1.866519
6.753286,4.698163,2.260196,3.244954,0.830048,0.307523
8.677390,6.286541,2.716923,3.181688,0.123405,1.793414
14.082905,10.037606,3.459229,8.552973,1.054747,2.557365
54.679821,33.068893,21.560017,28.609455,3.001148,5.736959
14.260470,9.899426,3.752463,5.082078,1.086230,0.838607
4.956847,3.735656,1.819462,2.118513,0.664517,0.565402
8.194552,5.667732,3.241826,7.128920,0.500559,1.463573
16.985981,6.275987,9.028847,14.530679,2.574547,2.964445
29.694141,19.933495,19.038044,29.385897,4.521126,4.003388
20.237511,13.393875,6.749819,11.629687,1.587384,1.785548
15.786732,11.064708,3.951178,5.864697,0.080816,1.067111
7.527285,5.895164,5.234169,10.784614,1.956518,0.714002
5.089382,3.330271,1.900111,3.561324,0.654875,0.705146
18.895723,13.484345,11.257959,13.484215,1.799803,7.533841
15.398239,10.382783,16.570789,20.721352,2.159575,4.690716
7.027924,4.801512,2.593910,0.474294,0.552170,0.774763
6.131153,4.099553,2.333965,1.959133,0.775883,1.426352
13.258469,9.014116,3.853316,5.778937,1.009609,1.720669
9.118863,6.595356,3.045998,2.367499,0.243363,1.018201
5.668927,4.000192,1.845865,3.258299,0.051006,1.354710
32.998772,17.527264,13.257848,15.556296,2.343615,6.492319
26.309246,13.395528,35.894073,34.768215,4.677844,14.067320
9.892128,7.084470,2.654635,4.619707,0.410770,-0.041308
13.707459,9.776443,3.504626,5.727793,0.914394,1.457915
9.679432,6.939566,3.534590,1.856029,0.651243,6.029131
8.565145,6.145459,2.484190,3.198918,0.953216,0.538870
5.312613,4.032219,1.977774,1.482818,0.707003,0.564123
4.485456,3.549439,1.899810,1.279790,0.584389,1.026384
13.136613,9.474380,9.742199,13.369632,1.503882,1.590555
11.242133,7.522204,9.727929,13.287018,1.443436,5.823971
10.084586,7.050185,2.320612,3.085502,0.530944,0.917116
7.054646,5.247091,2.157418,1.424984,0.535931,0.263068
37.389816,17.415396,15.487486,19.653749,1.819602,4.362020
10.335709,7.603462,2.906880,4.663667,1.033097,0.982838
38.126942,16.573656,19.798973,21.332563,3.063048,7.095697
35.010605,16.673235,20.681763,25.988161,3.744603,6.373891
15.728079,11.373320,4.469410,5.816491,0.672023,4.369993
4.432654,3.233593,1.751717,1.271459,0.441360,0.484852
17.481388,12.324291,4.316455,6.001026,1.086930,7.426827
15.797041,10.459936,4.648190,2.636636,1.307216,0.117038
20.542841,13.178393,6.373597,4.676542,0.980865,0.974485
19.103640,13.474837,6.845636,10.417534,1.403957,0.548628
8.183711,5.792069,2.741667,5.332287,0.149288,1.639907
9.877136,7.631863,3.414940,5.352521,0.777514,-0.216722
19.207474,13.650554,7.996673,11.544972,1.934625,4.779223
14.812660,10.521975,6.931732,11.391603,1.315132,1.441004
8.633767,6.485871,2.785255,4.575339,1.031052,1.887846
16.761578,10.963801,4.452125,7.852870,1.168590,0.386565
17.980412,13.167971,5.698393,5.315619,0.982282,1.309560
16.767300,11.872460,4.932326,5.258013,1.227224,1.240376
9.734077,7.281214,3.110351,5.175791,1.059662,1.107836
7.630435,5.786426,2.386115,3.361284,0.892546,2.101621
12.209509,8.875692,3.941022,4.168296,0.816009,3.072245
6.916407,5.283770,2.328075,2.835044,0.436169,1.784733
4.693301,3.430910,1.750202,1.167879,0.093095,0.887360
5.640512,4.030720,1.792379,1.651538,0.489160,-0.640504
15.260405,8.328421,4.956693,5.209841,1.391260,1.916782
16.098106,11.449264,4.765543,6.026791,1.860499,0.638763
7.883295,5.899138,3.710374,4.055583,0.533697,1.704362
8.888593,6.114371,1.986182,3.623611,0.309372,1.031043
13.049335,9.081849,3.691756,5.086762,0.962869,0.957957
8.045474,5.877496,4.361890,7.400630,1.476809,2.305402
5.611551,3.845204,2.236088,2.143939,0.598816,4.080166
18.296383,13.312766,4.578912,7.663435,0.792824,0.717836
12.636559,8.837993,4.114124,4.817009,0.645073,2.134860
16.406904,11.689321,6.720963,12.012139,1.429338,1.150501
4.629767,3.680802,1.286046,2.258891,0.317072,2.664730
11.104796,8.227102,3.647215,6.283537,0.578901,0.619457
33.406624,22.684847,11.067576,16.597359,3.011769,3.910370
4.012079,3.149806,1.666152,1.883070,-0.350324,0.490890
7.761139,5.693684,2.239413,3.574335,0.510755,-0.119779
42.048622,18.849392,43.378437,62.247070,7.926703,10.883699
34.158669,20.903091,24.726555,38.411983,5.109917,40.991890
6.204382,4.720618,2.160380,2.160263,0.102346,0.727821
24.768187,15.509109,15.380286,20.316914,2.856463,4.475880
31.482645,20.439125,18.268093,26.706150,3.086997,5.708846
34.543438,14.210245,12.608788,19.899687,2.985035,16.094833
13.020257,9.377062,3.256649,4.118865,0.172229,1.748230
14.829576,10.464212,4.111506,6.543562,0.628672,2.252497
5.570364,4.166198,1.575167,3.211712,0.247200,1.548072
26.252319,14.471498,8.190320,11.750753,1.835431,1.426474
29.987362,21.523207,9.388881,9.564698,1.504659,1.115144
18.020971,13.110767,9.068731,12.645965,1.879340,5.436643
18.982414,13.648039,6.870780,7.850576,0.793238,1.318497
13.789920,9.820182,3.589309,1.528698,0.544699,0.668616
6.352757,4.681534,1.596586,3.226405,0.782790,0.076990
24.169941,9.691807,16.397430,24.448099,2.891261,4.441291
27.892687,9.777212,17.345352,27.148949,2.721107,4.627075
10.710612,4.501709,4.602129,7.652770,1.204476,0.140140
16.261953,11.604204,4.262528,9.106188,0.809389,2.063431
6.144471,4.271797,1.928193,2.240051,0.727191,2.804119
20.671251,13.091436,6.310347,10.572732,1.715062,-0.203838
8.268144,4.817228,3.563982,4.755280,0.188413,0.751014
4.050400,3.317543,1.478477,0.111036,0.148917,0.486161
14.948932,10.901175,4.288076,5.940357,0.634239,1.728744
9.744562,6.903640,4.719098,8.593158,0.942961,2.520595
7.857108,5.929975,2.762216,3.725731,0.498491,1.095706
17.121513,12.233156,4.972920,4.888802,1.149195,6.883299
14.265881,9.984131,3.894275,3.592947,0.675253,0.130227
18.756060,13.253690,5.865654,5.631013,1.795350,4.798934
13.406137,9.765393,3.431155,5.586070,0.445940,2.949401
13.391005,10.200150,8.863759,11.953266,1.548654,2.281861
30.091070,19.844290,8.582385,12.679166,2.502727,15.216283
8.609980,5.842061,8.028432,9.836243,1.784137,3.319706
31.280104,21.572586,16.792610,16.915195,2.490683,5.896174
22.521055,12.333138,27.322844,26.579592,5.089631,8.375704
11.390659,8.458295,3.647807,3.525262,-0.026441,5.209101
9.797303,7.026956,3.223980,2.456752,-0.028902,0.280518
11.438396,8.056295,3.782633,5.411991,0.048489,1.552607
4.081617,3.139471,2.250174,-0.703202,0.262343,0.847526
9.541314,6.821151,2.599105,3.140717,0.374661,2.560987
6.536767,5.102149,2.077425,1.817496,0.204850,1.508056
26.170532,16.584440,28.130882,32.463375,5.377582,15.461687
9.830976,7.032859,2.666713,4.641326,0.381065,1.823518
18.243029,13.160421,4.416854,5.785066,0.479322,1.545673
4.713215,3.717946,1.848386,2.124762,0.386857,-0.090552
5.545836,4.093426,1.941768,3.111417,0.133120,0.651515
13.584456,6.322791,3.876432,6.159215,1.141765,1.995003
13.068259,6.215179,3.833292,5.733993,0.634972,1.038421
14.529976,10.069867,3.258690,10.244099,0.808968,1.786152
9.675317,7.250546,3.154711,2.398604,0.844571,5.564753
12.146761,8.766817,3.167754,3.497836,-0.070908,1.345092
6.369995,4.595769,1.849810,1.534266,-0.091947,0.607852
23.275433,9.611447,9.618754,9.122232,1.589897,5.481997
49.318035,25.018658,28.717876,36.183392,5.856489,16.327898
48.126923,24.884144,26.947290,37.752331,5.446971,11.729701
27.099422,17.917164,15.331924,21.943977,4.243269,4.249453
10.005608,6.873992,2.827001,4.315881,0.493588,0.183721
5.778567,4.603942,2.582605,1.521918,0.168491,0.611395
13.865296,9.721697,4.368866,5.181448,0.641665,2.494689
26.590719,18.915310,6.440522,7.646399,1.477099,3.398915
8.034749,5.893178,2.692368,2.208706,0.133139,-0.137318
5.423449,4.190138,2.041536,0.570066,-0.301206,-0.704732
4.933612,3.608244,1.921023,4.881592,0.130818,1.856151
58.832783,37.668747,28.124201,35.622532,5.024978,10.900180
90.162895,38.433952,42.755234,58.471432,8.227932,15.233210
77.618187,38.446644,40.199791,59.781967,7.572770,12.841378
12.852410,9.427567,4.641173,3.664373,0.526015,1.243454
8.080904,5.702101,3.611929,1.500152,0.969057,0.438688
6.740932,4.610125,3.152986,3.625031,1.099714,0.871731
22.810820,15.944602,5.934961,15.920572,1.962666,0.567083
12.691691,8.962848,5.046052,8.673851,1.024577,2.478722
40.098251,26.009029,22.078495,29.209442,4.331665,16.930346
13.335645,9.839231,8.763812,6.162384,1.698605,1.675833
5.601005,4.202566,1.706164,2.807185,0.655320,0.885090
11.735868,8.524099,6.129827,5.484688,0.761340,5.940616
9.876238,7.523237,8.884433,10.786692,1.255524,3.528969
12.415291,9.009923,3.595999,6.224887,0.739381,1.188569
23.720680,16.841309,5.541238,7.795469,1.499135,1.977915
8.989141,6.723367,2.622405,1.428534,0.866792,0.904523
5.017920,3.721162,1.782723,0.910852,-0.194996,0.018223
19.777027,14.113338,4.834258,6.961747,1.076293,0.975338
20.583776,14.733051,7.032162,10.108504,1.730693,2.219733
31.850361,14.351951,13.954018,22.322533,4.657885,40.418461
31.463186,14.284561,14.062217,22.619883,4.435140,39.166763
18.980164,13.575082,5.610766,9.279843,1.435514,-0.180283
9.549174,7.028453,2.782543,5.864689,1.013223,0.276546
9.661989,6.843653,2.938345,2.392011,0.363547,0.470711
16.048260,11.703375,4.184173,7.523642,0.548271,1.096030
14.821116,10.637492,4.246654,4.652561,1.167730,4.770389
6.794482,5.154639,2.256068,4.464324,0.108895,-0.610182
12.439997,9.145158,5.036200,4.943327,1.305048,10.313243
4.963799,4.000799,1.848638,2.298889,0.216249,0.222820
5.750943,4.197639,2.585428,2.682756,0.328779,0.600587
8.719511,5.909009,2.886958,2.425065,0.724481,0.826041
6.115582,4.568957,1.973793,3.839886,0.518952,0.611618
15.677484,11.087748,4.499249,6.418016,0.573166,0.538714
6.632050,4.686224,1.695273,18.078329,6.792289,18.854984
3.844805,3.042786,1.371011,2.907419,0.048437,-0.757320
88.360886,33.539551,58.604847,72.703743,10.336937,34.026066
58.778923,28.102591,42.695347,66.969322,8.715010,15.732028
8.476470,6.298241,2.308910,3.950970,0.198410,2.382880
14.129340,9.442282,5.384943,5.825103,1.046744,0.248643
8.782784,6.469672,6.236837,9.846180,0.501775,0.566081
12.715785,8.857763,3.329456,7.562885,0.331162,1.407868
10.980618,8.205770,3.593038,2.890510,0.196817,0.289664
4.022452,3.061113,1.399198,3.804009,0.141115,0.358038
12.213023,8.584042,3.823681,3.390087,0.578368,2.160118
12.885898,9.120322,3.785720,5.047820,1.055846,1.291432
5.272419,3.674841,1.864580,4.553445,0.260412,0.989296
7.517233,5.393128,1.760534,3.590990,0.404502,0.942923
21.621054,12.994686,9.611870,13.913557,2.523189,6.387224
39.498352,20.955053,80.654869,123.570816,17.518120,50.815018
19.571487,13.720849,5.776835,6.974284,1.008499,5.910975
16.850908,12.308152,3.892346,7.817647,1.443585,1.385889
15.917092,10.993465,4.328969,5.881119,0.325519,1.932670
8.157677,5.950871,2.222095,2.718118,0.866727,0.017951
5.034866,3.519528,2.381917,0.322795,0.105312,0.193275
7.265791,5.049375,2.584527,4.075562,-0.268677,1.793357
5.375429,4.238571,2.236897,3.476346,0.314349,4.561559
19.023458,12.690217,40.723415,54.576958,8.748735,23.927704
66.418488,34.332718,92.403221,145.743683,19.359121,20.578518
82.108490,40.831749,100.996078,120.139931,18.363983,74.385651
7.562454,5.316372,2.843948,3.362084,0.112460,1.018204
12.884056,9.282446,5.815433,12.656769,1.864975,0.996084
19.841341,11.240507,13.976669,20.774704,3.016926,3.900617
11.455926,8.252323,3.308497,5.043378,0.211769,1.410169
5.183380,3.707473,1.954420,1.966331,-0.297354,1.091055
5.889592,4.427279,2.087453,1.176255,0.409414,1.053982
13.186934,9.542838,3.873136,4.244068,0.736140,2.443459
7.839900,5.951953,2.496445,3.639514,0.394904,0.111285
20.338591,12.934272,19.499979,26.983288,3.327277,11.914696
21.589182,15.169551,5.702996,7.913924,0.835127,2.043498
7.901387,5.743147,2.554001,2.583353,1.023282,0.325488
8.845893,6.500339,2.288486,5.870509,1.330760,1.331900
10.934353,8.048731,2.910270,4.844206,0.751280,8.070330
44.702999,24.176208,26.366940,32.318966,5.178793,8.222855
54.909081,31.304243,34.672237,50.774292,6.681059,9.367168
15.449128,11.071398,4.300422,6.001366,0.374667,0.759929
6.742617,5.363417,5.581256,7.030047,0.852726,5.456511
41.487385,19.262440,13.788589,21.276581,2.272480,4.268638
41.194748,19.323139,14.223340,22.307648,2.913850,4.034451
4.296937,3.462926,1.562114,3.803900,0.399244,-0.900798
5.699913,4.300464,2.170624,4.361120,-0.355878,0.007047
17.109217,12.075563,4.640308,7.160895,0.947803,2.487125
7.071459,4.827461,2.196092,1.391456,0.156941,1.379923
8.017348,3.659132,2.670649,2.630723,0.453425,0.703533
14.086230,9.760430,4.182235,6.075092,1.232412,1.642109
39.123550,21.225208,13.203037,15.512071,2.078613,4.327777
11.400472,8.292204,3.470018,5.599511,0.482479,2.195492
13.304294,9.295172,12.145205,18.898869,2.275077,1.859595
10.833096,7.803431,3.407806,5.666285,0.788343,1.976704
16.455864,11.478654,3.864396,5.193470,0.787965,2.645675
16.453024,11.976999,5.658806,6.159969,0.679724,2.345517
16.540188,11.604426,5.316569,7.444880,1.185329,0.795609
5.004732,3.655167,1.648566,3.294604,-0.321459,0.310443
6.564210,5.193805,2.244605,3.170635,0.123731,1.032003
11.713923,8.130486,3.910360,6.853484,0.786151,1.690785
21.948946,9.695359,20.499043,25.645618,3.454632,7.135322
21.876852,9.777636,20.601093,25.315863,3.218106,6.632778
23.011671,16.510723,7.420519,8.923468,1.108136,1.894540
12.763969,8.892977,3.691826,4.147274,0.447033,1.202831
18.741137,13.073156,5.263150,4.312413,1.013033,2.052933
6.114534,4.412017,2.952395,3.690076,0.886924,-0.099362
19.383780,11.927304,5.956646,6.495382,1.446939,5.333992
8.417731,5.936867,4.717891,9.140031,1.249772,2.663655
21.438631,15.151315,5.685351,8.255632,1.219642,0.868960
9.011496,6.324682,3.252386,6.134756,0.255903,0.251527
9.321628,6.770902,2.341965,5.259181,0.277268,0.600105
3.779789,3.109200,2.499786,3.940055,0.724998,0.157065
10.953359,7.642599,6.327835,11.273641,1.389417,1.623897
14.520771,10.241764,4.427593,5.109289,0.860694,1.607170
7.978826,5.802826,2.660854,2.195134,0.778711,2.694540
5.487894,4.279447,1.973430,2.859714,0.350832,1.885020
4.926966,3.623652,2.068424,3.697687,0.609767,1.220349
35.750237,22.928959,10.082753,14.184448,2.228731,4.133016
4.668684,3.296643,1.675130,0.380345,0.062219,-0.412094
9.376570,6.814112,3.814356,5.889736,0.778620,0.122616
17.819286,12.672985,4.793733,5.146459,0.882657,1.977457
17.069439,10.599673,5.991224,6.133140,0.693887,1.678067
10.843021,7.798547,2.636345,4.530161,1.062916,0.069511
4.975112,3.204900,2.110197,1.280780,0.300988,1.078121
5.827445,4.157921,1.808758,2.181784,0.767209,3.343867
13.535656,9.765632,3.790720,7.503547,1.295016,1.141645
10.142665,7.509709,2.675008,3.595751,0.883980,1.231986
7.493800,5.864814,3.284215,3.342667,0.157637,0.387472
8.835821,6.438305,2.904819,2.405553,0.039008,2.829602
14.777205,10.495725,3.160327,6.821852,0.822424,1.632032
15.825873,11.273531,3.784197,8.727783,0.873675,1.908972
12.122370,9.025860,3.812763,5.085542,0.676699,0.050225
7.069701,5.080945,3.308434,5.616733,-0.023729,0.872397
5.522379,3.799970,2.004543,3.309817,0.243972,1.118389
16.404730,11.109434,8.882410,9.907325,1.446635,3.485228
6.382882,4.719643,1.551168,1.230081,0.507409,0.615535
7.855646,5.460810,2.425697,2.068263,0.328976,0.822983
15.777575,11.276961,5.044642,6.317392,0.898671,7.530064
7.353521,4.962047,2.505814,2.840784,1.123872,0.191374
9.266168,6.392758,3.367692,4.678284,0.390204,1.876544
5.660317,4.026631,1.849487,3.538882,0.014342,0.937076
23.879225,15.923779,10.571542,14.202555,1.954030,5.009219
8.386744,3.899209,4.335798,9.277390,0.618790,0.940783
15.001116,6.517059,8.639498,12.607979,1.250573,1.597389
20.707983,14.779706,5.004711,6.059598,0.532430,2.228349
12.872168,9.269945,3.396983,4.168611,1.146465,1.523870
9.316251,6.984117,2.435205,3.489682,0.626723,1.827312
9.791350,7.332263,2.837943,2.031747,0.760245,1.514187
12.150496,8.748354,4.633373,8.609690,1.207627,0.309770
36.609604,23.372114,13.031696,11.257082,1.666896,5.083646
47.938911,26.468864,30.478748,32.265934,4.527174,11.704885
16.752527,11.996662,10.533092,8.590506,1.310691,5.974678
19.999697,14.237072,8.460885,10.883092,1.164370,3.031629
17.086147,7.930563,5.135365,7.588935,1.251385,1.824546
6.718711,4.716513,1.867764,1.941047,0.198451,0.105886
6.430383,4.988785,2.856312,2.701383,0.605613,1.630503
25.459158,18.727104,6.018285,7.416587,1.325170,2.995162
6.066212,4.146767,2.447764,4.078970,0.204375,0.635444
10.968630,7.621843,7.441410,11.073490,1.595120,0.366171
36.982059,24.849165,14.412539,14.712790,2.181605,5.831696
16.747309,12.328488,6.415596,8.554564,1.017683,4.461662
27.467781,17.128675,6.442487,15.261084,1.489962,4.770469
7.276293,5.474304,4.501558,5.581145,0.854998,1.493862
10.412006,7.699328,3.347484,1.266150,0.566716,-0.045247
11.731063,8.701693,3.290393,6.707084,0.400938,1.952117
32.540905,21.956226,15.446198,17.390081,2.687545,5.730743
8.572077,6.171947,2.763229,2.833517,0.884240,0.685484
12.577190,8.973678,3.480568,5.608926,0.926270,0.129177
19.431208,14.169174,4.783916,8.947490,1.221508,0.490170
14.474238,10.459294,4.372932,5.329690,0.557812,2.185879
23.949392,17.114584,6.603761,9.718562,1.221763,3.304097
24.600155,17.067881,10.022607,12.802141,1.120002,2.882507
14.589022,10.271662,3.531977,6.963622,1.009764,2.256347
6.269471,4.513315,3.568318,4.238675,0.470242,2.509716
11.748749,8.376029,3.263451,4.934398,0.385642,0.115080
6.255291,4.847321,1.700070,5.533335,-0.056017,1.308473
31.464268,18.709049,7.999982,14.277184,1.468994,3.173624
8.743649,6.650722,3.764030,3.150804,0.538651,0.369782
6.180648,4.720480,2.348217,2.081780,0.067858,0.001075
4.581998,3.302674,1.975083,-0.855410,0.504076,0.003357
14.530533,10.649250,3.365602,3.612109,0.757448,0.951818
14.593974,10.646229,6.186604,9.188205,1.616628,1.480623
7.807213,5.337261,2.254887,2.232435,0.068669,1.364671
7.620512,5.619891,3.594995,2.836941,1.029039,3.773623
27.551100,18.334225,17.618156,23.988808,2.741172,5.130435
5.253472,3.688774,2.249645,1.670408,0.448290,0.267178
8.757848,6.309759,3.078779,3.525654,0.997505,-0.183462
4.494717,3.152397,1.901698,1.637423,0.074215,0.844398
10.402687,7.658245,3.535463,5.986919,1.596136,0.446994
10.535833,7.562034,3.338299,5.339157,1.066799,1.398308
16.830383,12.090197,4.596356,8.152160,0.627988,-0.280756
14.032543,9.678081,4.256310,4.549749,0.388282,0.532961
8.094110,5.703403,2.457685,2.871605,-0.107879,-0.115075
18.652111,13.567560,4.977772,10.058699,0.837583,1.656925
7.616534,5.347165,2.588373,0.177516,0.241480,0.942083
4.889209,4.013722,1.871204,1.126894,0.756863,0.983281
47.678368,30.785200,20.757507,24.934963,2.930801,6.189349
4.225931,2.972517,1.847018,2.194383,-0.173621,1.691534
48.671364,21.474756,32.782223,37.052063,5.239323,9.033587
33.279095,12.432495,34.194687,46.217426,4.934731,9.252164
37.819649,24.748850,38.552723,43.503452,4.230662,9.095710
7.644320,5.291318,2.170368,3.457930,0.418014,0.009498
10.980824,7.683209,3.105181,2.458425,0.648927,0.663169
5.224782,4.258299,3.960682,4.055047,1.035906,1.584071
7.021881,5.325407,2.723366,4.296447,0.806782,1.516500
21.616373,15.879948,6.068581,5.930482,0.885163,2.342140
4.985971,3.611088,1.346239,3.479333,0.131453,2.204847
13.772662,10.139761,4.684490,4.923226,0.794642,1.384049
12.588842,8.910475,3.617858,4.467159,1.008525,4.500902
11.139890,7.932158,4.079956,4.581285,0.807393,1.650524
29.978563,19.795950,11.996195,14.763661,2.685269,6.413494
57.613274,23.799612,26.529772,37.369812,5.783410,8.435207
15.231390,10.996677,4.931476,6.824800,1.170493,10.687970
25.950563,16.239122,15.435875,15.461631,3.484936,4.552688
36.210941,20.782259,24.640306,36.679535,5.232821,6.620270
6.793873,5.044235,6.814490,5.800141,1.441463,8.486734
6.015068,4.659364,3.665502,3.819484,1.296445,0.942100
10.220711,6.936735,3.295588,3.426521,-0.156495,1.956879
6.180003,4.641213,2.427340,2.697402,0.792377,1.784573
5.314941,3.626777,2.307983,5.280452,-0.146237,0.917515
6.532838,4.474216,3.002366,1.253530,1.044369,9.859556
7.386847,4.945583,2.959700,4.673342,0.966080,0.949865
5.249929,3.531360,1.942184,0.677820,0.155521,-0.335610
9.574020,6.924442,2.580726,2.942367,-0.083638,1.417754
11.428043,7.407169,4.136974,5.069393,0.017327,2.261039
7.768064,5.706456,2.532585,5.302550,-0.001734,0.867406
16.250834,11.418535,4.508832,6.761314,0.989673,1.553926
18.669249,13.206551,5.042393,10.103649,0.546737,0.821045
4.753727,3.537928,2.075948,1.110281,0.342528,-0.640520
16.172916,11.502913,6.473853,8.778864,0.993506,2.686593
45.239674,17.653450,19.022694,14.367050,3.702676,37.532730
46.689861,25.285044,29.391800,28.022066,6.900265,47.700562
4.546599,3.469750,1.632048,3.156968,0.205906,1.443989
8.781384,6.136844,6.137749,7.444525,1.741704,2.463648
11.220316,8.250449,4.128223,6.657483,0.952163,0.589918
16.943218,12.015312,6.375950,14.426948,0.951527,3.090328
6.958940,5.081772,2.901547,3.654082,0.483870,1.207408
16.588806,12.255294,5.709434,6.259737,0.818759,3.606049
16.144876,11.646548,4.793420,4.864449,1.180602,0.711169
10.580586,7.594241,3.243187,4.228024,0.686330,0.658580
39.378452,26.544525,14.975533,20.639324,3.168608,7.245703
10.719225,7.809584,3.886963,2.055625,0.742756,1.308409
4.804967,3.671884,1.814029,2.434079,0.062671,-0.666101
26.797703,17.213776,18.507227,23.272114,3.800993,15.337181
136.762451,56.202423,145.493378,192.566422,24.004309,57.007877
82.490883,33.695965,77.134514,97.768425,15.402840,36.698689
23.332031,15.738782,17.492510,22.240282,2.991455,3.362430
17.517115,12.725627,3.410550,6.253733,0.766881,0.923008
16.989153,12.132884,4.841961,5.970571,0.774795,1.322688
46.682819,31.071463,13.832172,14.320208,1.959077,3.164696
9.060128,6.685856,2.808159,6.114201,0.499356,0.680265
12.792310,8.855223,4.572460,7.630653,0.541958,2.797688
17.938309,12.500549,5.453897,11.003875,0.775963,1.883253
26.957281,18.883011,6.361263,7.896765,0.521901,1.882056
54.636337,28.738667,25.511103,48.884743,7.978194,17.789518
52.842167,19.865965,30.812822,48.138111,5.959608,8.827030
31.551346,19.492517,31.491663,54.096195,7.037517,11.540624
12.839819,9.525997,3.914437,3.879106,1.164134,0.298135
14.389091,10.343071,4.794575,6.224458,0.186671,0.826372
9.661576,6.674476,9.532201,9.711889,0.699879,1.585978
49.543129,28.152895,26.195410,37.317158,4.788862,7.317923
11.978570,8.443932,12.552979,11.300880,2.761348,9.326557
7.181257,5.268965,2.154794,1.862709,0.653054,1.309930
33.211155,22.030754,18.536619,25.680538,3.770246,27.151909
21.040392,11.009819,9.218473,15.775906,2.967259,15.975577
33.228916,19.992556,40.353092,60.937977,9.704138,34.850925
26.770809,15.604322,37.287563,45.665710,7.075189,12.044161
68.705093,23.522161,83.686012,121.431297,14.826081,22.961681
5.030004,3.644444,2.050334,1.701141,0.195725,0.149438
15.447506,11.007033,4.310399,5.903242,0.429349,1.807663
14.522824,9.860392,5.753126,6.429729,1.232928,1.241678
8.230482,5.972739,2.398261,3.911917,0.398468,0.169575
11.506776,8.231318,3.779798,5.114093,0.675741,0.725273
31.322367,20.725367,19.283998,17.531576,2.290377,4.089606
31.386122,21.996185,16.234760,17.565464,2.492175,2.851158
54.367950,28.957655,126.212311,153.942841,19.672018,30.557219
104.529831,46.917946,102.270744,162.278168,25.114899,62.178055
8.379913,6.250251,3.985164,3.112356,-0.053784,2.963462
7.068024,5.214402,1.720042,2.977493,0.410220,0.840716
5.321742,3.678792,2.367526,0.255943,0.378785,0.193772
13.114448,9.365354,3.505256,7.594361,0.774778,2.215436
4.306938,3.197497,1.936578,0.986905,0.522079,1.051238
14.503440,10.689906,4.501523,9.280462,1.141335,3.224554
16.041410,11.283752,5.043306,4.622677,1.023568,1.933245
8.300573,5.869328,2.322838,0.882432,0.228945,1.288605
6.465610,4.475392,3.297306,4.795158,0.722820,0.662070
37.889362,23.650057,26.037970,33.263988,5.089960,12.618404
21.666374,15.391042,6.119870,9.210596,1.354232,2.750301
5.282138,3.730655,2.748712,1.980436,0.927039,0.756035
18.072903,12.786633,4.824565,5.113606,0.991902,11.649291
35.130138,23.161270,25.264606,30.797537,5.378446,15.404994
29.221851,12.368185,10.504392,19.201357,3.241039,5.599186
12.533577,8.790223,3.115584,3.944897,0.542547,0.444727
7.338720,5.100778,2.436785,3.275481,0.351222,0.996939
12.341908,8.975361,6.512062,7.571701,1.227597,3.024847
21.561169,14.586515,18.720324,26.281746,3.573101,3.531671
4.225513,3.105370,1.470041,4.076017,-0.437442,1.152821
10.835608,7.993058,4.163532,3.486887,0.510491,2.453698
18.142284,12.275565,10.144173,16.102545,1.991891,17.125589
20.217543,13.732911,6.738085,5.969916,0.830792,1.918940
4.934600,3.392189,1.745725,3.430356,0.113090,0.620889
23.559750,16.752054,9.759406,8.418351,1.375454,5.642610
8.633347,6.240354,2.546919,2.112071,0.727344,0.334527
13.904632,9.876850,3.382136,9.440981,0.449939,0.154793
13.331392,9.785590,6.152483,9.489123,1.194267,9.292317
10.981454,8.161189,3.478566,6.352708,0.254067,0.879363
6.465464,4.682566,3.273804,5.313354,0.333296,-0.053537
10.675878,7.737390,2.853477,5.025976,-0.023008,2.237186
16.563087,12.191669,8.068641,13.663112,2.063201,2.378455
4.702621,3.527697,1.857892,2.113094,0.226914,0.464933
17.159981,12.465448,4.972538,6.735327,1.166964,3.345451
58.535828,37.784954,40.096230,56.020496,6.436996,14.849140
5.947264,4.013844,2.767876,3.795466,0.448041,2.054470
17.349379,9.968237,5.541612,8.453307,0.509613,0.829788
32.443520,20.158567,9.302217,13.475688,1.876948,12.779932
16.764122,12.108726,18.579784,14.969325,2.540008,26.389978
12.740135,9.336694,8.767727,12.268796,1.825866,1.636485
9.988479,7.330986,3.932665,2.537054,1.343297,1.118157
18.323969,13.107532,6.984562,12.419841,1.761508,0.654662
26.134907,17.046543,15.010124,17.993958,1.854732,19.433552
3.752647,3.053536,1.506031,1.256395,0.502188,3.066977
5.975474,4.152393,1.929816,4.482037,0.450910,0.519643
9.278110,7.055485,2.920697,3.676186,0.557724,2.086312
6.601594,4.758143,1.706062,3.777425,1.500679,0.522624
16.825998,12.491937,5.087678,5.496433,0.845231,5.347484
14.722949,10.344494,3.862665,6.788571,0.310502,2.149134
5.424742,3.737669,1.929290,3.245235,0.205632,0.343140
10.008916,7.616909,4.245049,6.133368,0.693533,2.668015
7.462578,5.638100,2.754185,3.744821,0.925710,1.265230
12.033724,8.317850,10.475928,19.800369,2.752584,6.746332
7.325213,5.403651,2.155077,3.063157,0.448485,1.233712
16.472290,12.101744,7.616349,10.642932,1.312189,1.587178
20.864717,14.905062,18.969290,25.956238,3.560904,18.198595
20.199423,14.523972,5.310014,4.919240,0.912279,0.756969
12.626875,9.079057,5.677896,5.744437,1.024684,1.047424
12.089828,8.894603,3.986001,3.188023,0.964198,1.959564
11.918599,8.638122,4.044320,3.902120,0.438696,0.667152
7.191133,5.529014,2.745134,2.718746,0.022481,1.559587
12.382408,9.090480,3.070451,5.265648,1.099634,0.977714
8.441070,5.935728,2.000692,3.403809,0.004713,0.174495
8.458509,5.865199,2.563134,3.814014,0.344472,0.202113
8.136843,5.723573,2.427164,1.865130,0.903742,0.228096
37.354568,17.926172,27.772070,27.141787,4.152974,15.153394
37.082035,17.911449,27.902946,29.529518,4.008813,15.906105
10.753737,7.449989,3.108915,6.282765,0.423926,0.490338
9.808956,7.057966,2.810466,6.407314,0.959935,-0.168141
9.865604,6.990779,2.985284,6.194054,1.181212,0.501188
32.192356,19.193665,13.924984,18.191940,2.201463,8.749270
84.151962,33.455193,33.487984,49.272102,6.349895,13.606034
66.760094,24.746367,64.535278,96.721840,12.971191,19.258921
68.210716,24.793327,66.648933,109.979370,14.283033,19.442963
52.456131,29.688911,63.130951,94.251259,12.688646,14.835631
20.525660,13.909941,18.619503,42.218624,9.575673,74.745743
8.603122,6.293499,2.741752,3.428836,0.015938,0.791437
9.837076,7.429631,2.946262,4.013480,0.242272,0.795008
12.935524,9.045420,3.538570,6.549820,0.877798,3.394035
8.105975,5.921978,2.767995,3.413366,0.586786,1.463722
7.078548,5.376928,2.212723,3.438667,0.196351,0.362289
12.215630,8.699670,3.851178,5.691476,-0.222589,0.454940
5.391076,3.571510,1.818108,2.347128,0.489535,0.802962
8.114272,5.766061,3.081752,1.445289,0.390483,0.285669
3.899240,2.984470,1.465776,1.589073,0.189040,-0.266151
13.234244,9.581548,3.607775,5.305979,0.275939,2.612377
19.271286,13.992543,4.544487,6.556487,1.239226,1.565161
19.290792,13.572353,5.187797,9.965894,1.724106,0.161179
12.031253,8.288708,3.428267,6.851859,1.413581,0.300650
17.978788,11.722952,19.173721,29.634178,3.846658,4.540522
9.072913,6.560177,2.984549,5.456030,0.244479,0.466857
6.990897,5.048250,2.129410,0.971583,0.390419,-0.595173
6.693425,5.060661,2.016553,6.233871,0.534135,1.589279
11.567595,8.536716,10.479848,16.642937,1.335890,1.516011
12.999390,9.670278,3.812128,7.324203,0.079698,3.542006
10.888752,7.770398,3.344185,4.731030,0.897160,1.309053
6.224043,4.721587,1.935375,4.289623,0.060694,0.672250
13.020792,9.249517,6.990962,9.245575,1.186825,1.333849
4.834637,3.578711,3.251621,5.913046,0.379509,2.305309
27.997303,19.767851,8.329318,13.528924,1.673392,5.014642
10.903062,8.037786,3.245242,2.454381,0.479873,1.794818
7.691552,5.993705,2.741904,4.396977,0.124327,-0.168956
15.891055,11.515551,4.173449,6.899323,0.438692,0.766739
10.237467,7.113577,3.238783,3.107383,0.608568,0.269161
9.526878,6.947645,3.496360,3.364677,0.379608,0.976150
4.223773,3.455464,1.729259,2.388794,0.413695,0.387832
11.445821,8.377429,3.156594,4.185296,0.886173,1.664492
8.595772,6.073680,2.630842,2.615561,0.079374,0.676389
8.106947,5.955701,3.245063,2.583397,0.360028,3.324742
8.948443,6.355494,2.491350,3.385155,0.839435,0.840302
11.358319,7.929805,2.751623,2.848554,0.749089,0.692744
8.427321,6.239121,2.435091,1.489771,0.693763,0.927855
6.096553,4.768280,2.234769,3.321537,0.200393,0.149014
6.072022,4.292575,2.035794,3.378337,-0.118260,0.435347
11.235683,8.463597,3.609326,7.519967,0.350016,0.230322
8.434257,6.029116,3.436465,2.910537,0.088159,1.131917
11.857649,8.429562,3.095210,4.662336,0.327378,1.238253
9.952358,7.548138,3.044099,3.388447,0.545864,0.119000
6.001451,4.478466,1.973486,1.576905,0.430888,0.493538
20.292259,14.412523,7.475626,9.313365,1.031412,3.338877
20.710928,15.200324,5.088597,7.515743,0.636128,5.457491
10.964413,7.745226,3.512133,9.347571,0.586833,1.616877
20.483446,14.683912,6.266154,7.099154,0.893518,3.297933
29.884106,20.684372,11.119626,16.760933,2.098674,2.673181
12.086466,8.681360,3.557476,7.076661,1.176204,2.628572
9.895171,7.352091,2.729619,6.450203,0.776842,2.402260
4.973586,3.422322,1.699529,2.329263,0.382793,-0.327563
4.456068,3.194463,1.746590,1.591470,0.310855,1.197208
19.648870,14.050646,6.679825,3.920434,0.459842,3.442795
10.056169,7.086656,2.924629,2.421991,0.398938,1.062706
22.443094,15.862049,6.655896,9.572289,2.393785,15.543390
6.665173,4.484991,2.355196,2.603891,0.237610,1.222406
5.917439,4.565001,2.098612,-0.177515,0.564117,0.498015
7.730763,5.294551,2.761851,6.923423,-0.040339,1.641289
6.595449,5.237715,2.507469,5.321586,0.652291,1.343037
14.268334,10.419344,5.170672,6.709934,0.639391,1.171715
16.310377,11.869555,3.743133,8.810111,1.278543,0.727931
16.558546,11.903273,5.411283,8.146965,1.133349,3.919521
9.991991,6.991515,2.965458,2.388627,0.265351,0.606203
14.165521,10.045557,5.690725,7.561535,1.102116,1.706722
20.783232,14.653608,5.509128,5.962540,1.119406,3.538554
13.235870,9.341387,3.499089,3.521282,0.083969,2.049141
18.439709,12.938559,5.068094,6.949172,1.129288,1.162663
21.959743,15.860761,7.353606,9.573440,1.551699,3.928778
14.566902,10.100918,5.628765,5.043349,0.310228,1.390431
24.912783,16.991594,5.704787,9.073173,0.896336,0.981948
17.192049,12.382138,4.552450,9.036695,0.921040,1.855852
8.538496,6.327156,2.529665,3.705772,0.406691,0.575491
21.612839,11.381159,6.438324,9.891379,1.076131,1.276443
3.752957,3.044326,1.410839,0.885688,0.670874,0.238617
38.862404,22.223902,11.822995,14.673033,2.802599,4.496856
10.497028,7.651448,3.151751,6.539895,0.959920,2.365234
25.214111,10.692636,16.020842,26.665308,2.838080,3.744313
24.106686,10.727764,15.908610,27.292368,3.346608,3.424291
21.318956,12.878889,6.628902,13.823056,1.467558,9.145174
21.111340,13.611337,27.638538,35.777977,5.011368,12.782650
8.490377,6.247967,2.425410,5.532456,0.402100,0.362466
25.195997,17.231030,9.554890,6.911330,0.707230,1.574441
8.622706,6.353068,3.959112,4.648326,0.903940,1.601305
8.427955,5.965668,2.952806,2.896642,0.180671,0.057859
5.190867,3.800360,2.206284,1.607786,0.732719,-0.722757
6.746045,4.991646,2.626154,3.327588,-0.157963,1.045881
8.699963,6.316239,10.015474,12.777138,0.725865,2.173889
10.212688,7.501468,2.531959,5.879852,0.875292,1.464822
7.120605,4.993999,2.569142,2.761654,0.574320,0.579061
12.756419,9.379141,4.306811,3.851212,0.540101,0.450341
8.688750,6.675818,2.834828,2.367597,1.020471,0.932520
7.106313,5.449121,4.750443,4.382681,0.833941,3.591014
22.078737,15.058518,6.731627,6.711115,1.083785,2.170960
34.875347,23.900717,11.773156,9.366945,1.634887,3.776077
3.685946,2.926774,1.638269,-0.413114,0.943151,3.043569
7.061084,5.156967,2.678730,3.611145,0.164610,0.470269
9.316795,6.573671,2.896090,3.207553,0.335428,0.979398
14.956446,10.258388,4.522266,3.079109,0.058243,2.347693
11.935226,8.517086,10.868252,13.162571,2.202214,8.349619
5.759038,4.204104,2.105781,2.488286,0.764325,1.716756
18.023846,13.219973,6.728101,4.587135,0.720856,1.339131
31.241304,15.681085,20.740088,25.917326,4.168259,13.876898
5.143963,2.922987,2.542922,3.800930,0.734041,0.268284
16.545519,12.046803,5.631889,7.258947,0.512864,0.985397
11.510871,8.403933,3.334436,7.050719,0.556408,0.254902
15.327992,11.053701,8.637232,14.552929,2.334931,4.440717
8.722681,6.445589,2.738929,5.713202,0.780725,1.592992
8.699307,6.268513,3.182361,0.360389,0.211685,1.829895
6.049603,4.677634,2.159103,0.340713,-0.478657,1.598009
10.944057,7.921835,3.164150,4.993370,0.425475,0.201211
9.796973,6.861430,2.619502,4.961889,0.648416,0.741011
4.135120,3.295961,1.820635,2.433646,-0.067721,1.896250
6.807200,5.029014,3.353345,3.393790,0.177416,1.535364
12.486877,8.604956,4.195980,3.283256,0.321051,0.924471
17.878103,12.347187,13.555666,19.970703,3.270695,5.007255
8.035585,5.849283,3.439429,4.416103,1.254672,0.721217
26.628620,18.847158,21.294653,26.570353,2.549631,4.464699
4.243757,3.096904,1.577393,2.368844,0.570938,1.021726
21.914042,16.050726,7.515236,11.624460,1.096495,1.851785
27.796404,19.316092,14.351376,16.418848,1.993417,5.454244
27.400370,18.259520,12.155612,17.554935,2.218619,5.063272
11.063403,7.784317,3.702240,4.154156,0.550968,1.525278
24.318825,16.913172,8.152334,9.699015,1.437898,1.508836
18.490725,13.253107,6.685927,9.968249,0.959437,5.271000
20.496048,14.869008,8.366170,9.566511,1.626073,3.628041
4.537030,3.503299,1.599420,1.264930,-0.158247,0.652708
8.659793,6.311786,2.729490,2.829451,0.736747,5.899597
13.696788,9.729347,7.125012,9.281964,1.285905,0.942251
10.959728,7.790594,3.261598,7.083914,0.769007,0.493958
13.859666,9.890866,6.147378,9.589411,0.969191,0.277573
32.303905,19.627310,51.201859,57.694916,10.973896,42.113613
38.012688,24.995266,19.987957,26.548525,4.064456,6.267267
41.011822,24.974941,34.768658,50.337803,6.253716,6.686143
35.768661,24.571209,9.218825,15.128287,1.510326,6.101279
35.950104,20.798798,28.104380,31.351328,3.441107,8.636375
4.276937,3.236923,1.607098,1.462461,-0.415602,0.219908
8.482276,6.176372,2.743986,2.509187,0.701586,0.567019
7.297884,5.376218,2.293222,0.937710,0.558542,0.920409
5.268019,3.902320,2.007666,3.326011,-0.718469,1.569894
22.110338,15.527103,7.444033,11.379892,1.397265,2.589595
13.686677,9.667541,8.270857,12.232459,1.379876,3.197620
12.227484,8.832196,3.526098,3.435539,0.890706,0.671779
9.788875,7.139420,3.699399,2.649650,0.760810,0.999364
19.761930,14.337073,5.179457,4.569149,1.039405,1.728680
4.273693,3.486042,1.477594,1.883169,0.173036,0.582085
8.436690,5.938057,1.681706,4.895152,0.789528,0.302110
7.241972,5.091529,2.406025,2.773743,0.482830,2.348204
4.504691,3.430603,2.119308,3.390390,0.429814,5.078596
9.471155,7.204160,2.702938,6.499973,0.296862,0.318577
8.231801,5.324658,3.243630,0.508496,0.622014,0.220436
10.634585,7.423584,3.172480,4.199644,0.277797,1.842296
11.502179,8.203285,3.131151,7.332248,0.386931,0.523392
5.180051,3.838872,1.767207,1.892564,0.308152,0.880501
7.601864,5.645614,2.690926,2.553916,0.234637,0.071961
24.363314,15.816949,7.906736,8.230923,1.501925,8.001944
7.206432,5.347894,2.378952,2.591429,0.380237,4.792979
14.473331,10.056941,10.447544,13.303029,2.511293,3.470369
5.644909,3.961292,1.881265,2.888231,0.227404,1.069197
7.130136,5.090638,2.180492,0.586225,1.093894,1.481801
20.419785,14.438419,5.887057,9.307272,0.274327,1.803207
10.213737,7.649224,2.421338,7.310604,0.102736,0.897196
33.568554,14.141554,13.689307,18.888577,2.775027,3.940847
22.947989,16.223822,8.924061,10.352309,1.597026,5.491465
5.662652,4.550461,2.990412,7.399399,0.601300,2.692060
5.046242,3.950206,1.571482,3.733858,0.385575,1.123051
16.345938,11.674106,4.972088,10.292465,1.420792,0.818228
8.995776,6.400950,3.044176,2.567426,0.418144,2.008806
15.498199,11.298967,3.800256,5.668471,0.901436,1.907169
13.402350,9.461383,5.059996,6.693271,1.087629,0.744263
16.056135,11.789565,4.814517,7.283204,1.234390,1.184703
8.052392,5.835608,2.654119,4.432569,0.702095,2.063462
42.262299,26.889729,22.704033,32.124252,5.144483,6.706149
12.938601,9.196449,3.524073,4.748664,0.453103,0.635827
10.530310,7.914967,4.529033,6.160071,0.283117,1.117723
10.578876,7.836835,3.980593,6.225356,0.439324,1.496381
24.214777,17.118479,11.165686,14.135972,1.414258,2.573254
12.927801,9.503735,2.926427,6.708130,0.485161,1.051260
4.386649,3.509672,1.723752,1.909638,0.060736,0.145735
6.520195,4.823028,2.001489,3.766181,0.312195,1.711130
23.104834,16.336565,8.179461,13.363445,1.449301,2.949839
21.683044,15.946179,5.542731,8.475467,0.978868,10.175617
18.268538,13.305716,5.134591,6.390638,0.537785,1.040177
5.729272,4.247439,2.141903,3.716778,0.165658,0.619917
19.378956,13.000570,25.758802,29.795347,4.703757,7.383987
70.467659,40.608753,21.483120,33.905510,4.515054,4.902265
40.172470,25.911507,38.962818,50.065159,6.451248,15.018814
14.035158,10.153948,6.045558,3.505637,0.552472,1.496951
22.462046,15.556423,7.858229,7.439531,0.979231,0.703634
4.806086,3.165024,1.836640,2.800755,-0.019552,0.386884
17.132303,11.674781,7.077249,10.972003,1.957709,7.902359
8.851954,6.423096,3.164327,5.319925,1.050180,1.030309
14.369688,10.180538,3.785098,5.714520,0.619646,1.935497
16.132511,11.909941,4.309405,5.620393,0.846261,1.177287
10.141906,7.414455,2.638496,5.525776,0.297335,0.512387
9.658309,6.841887,4.170170,4.694178,0.598298,0.806847
9.680735,7.162473,3.712535,4.928020,0.906239,0.503254
4.147420,3.185862,1.615204,1.964035,-0.022475,0.049756
7.328154,5.589087,2.697886,3.458403,1.082073,0.351038
11.394976,8.141773,3.027686,8.580369,0.944540,0.687084
4.676188,3.494596,1.868397,4.228960,-0.161511,1.123420
14.821152,7.065928,3.547248,3.681368,1.115605,-0.031881
15.994836,9.634215,3.413847,5.836319,1.183894,0.458849
35.178051,14.808059,20.507475,22.949224,3.471573,10.091212
36.804806,14.668266,20.852732,25.052891,3.561831,10.370587
19.583155,13.518451,5.699122,10.416014,1.612307,2.832952
8.878864,6.232448,2.663213,4.852261,0.472736,9.936464
4.777217,3.431895,1.865439,-0.133443,0.224235,-0.222972
28.246367,15.312742,12.182948,21.634621,1.783328,3.495396
45.646305,25.703297,53.311909,62.539337,8.580694,15.149561
81.995407,34.514404,61.081146,92.757164,12.934196,17.524017
4.870801,3.721284,1.574606,1.457172,0.765251,1.155397
12.338470,7.914449,3.505541,7.948649,1.478157,1.660903
16.402206,11.830567,6.008163,11.227466,0.863545,4.652575
13.641660,5.945346,4.930759,7.498053,0.617830,2.421362
12.768118,5.946659,4.686865,8.424741,0.945536,2.845105
14.491995,10.544177,3.724290,7.612796,0.472938,1.629618
45.917786,21.448450,23.436338,33.556198,4.038872,5.925545
45.774117,20.664448,22.732729,36.173702,4.323534,5.724163
6.205446,4.485044,2.605983,3.725351,0.188152,1.545462
4.525086,3.422570,1.736310,2.414246,0.912875,0.746013
13.183353,9.532178,5.385161,6.264776,1.356889,1.038538
12.613188,9.070086,3.113512,2.227638,1.491014,-0.186832
9.303673,6.679333,4.327679,5.226040,1.016382,0.151819
5.737384,4.224467,2.079068,2.707528,0.576231,0.090278
7.598852,5.120039,2.260243,4.030947,-0.075718,0.388621
17.868172,13.076154,7.535563,8.966488,0.762191,2.126925
9.041370,6.773936,2.570691,2.841513,0.591064,-1.206833
17.885427,12.022692,11.901821,12.261271,1.890443,2.230391
15.153039,10.862066,4.387033,6.205677,0.810075,0.362212
55.698956,30.819294,26.969936,49.264690,9.978251,17.681446
5.938070,4.425905,1.758936,4.950877,-0.206292,0.748923
7.015709,4.950004,2.425573,2.855623,0.230646,4.658700
11.864870,8.652936,3.494728,5.080790,0.595623,0.608651
6.715398,4.683239,4.033091,5.268391,0.188239,1.140022
44.397614,29.249319,15.738700,21.706947,3.074889,5.398123
22.532171,15.480965,6.234789,5.309702,1.068313,3.523800
8.684599,6.138129,2.463130,2.905187,-0.066694,1.177812
12.127975,8.590680,3.918843,5.353564,0.957837,1.176467
19.629864,13.793691,4.588226,7.752331,1.952304,1.678190
8.038494,5.812653,2.977512,4.835033,0.343166,1.044805
10.432524,7.252638,3.074069,5.114001,0.366734,0.269380
8.146353,6.080409,2.643409,1.968429,-0.002365,0.646966
9.066844,6.553474,2.473363,2.852938,0.741323,6.831075
12.442708,8.946214,7.022833,9.057502,1.547622,0.686047
7.911558,5.633811,2.575766,2.496185,0.671686,0.377989
10.765995,7.946458,2.792541,2.206115,0.228373,1.095111
8.476375,6.006762,2.459150,2.378431,0.117504,0.877273
8.237018,5.824624,2.869893,5.141335,0.690557,0.749259
8.462687,6.183082,2.601868,3.684440,0.039057,1.084070
13.505714,9.836709,4.572764,6.517375,0.340584,1.677938
4.756856,3.218351,2.508745,3.579039,0.270356,1.685449
39.753185,16.529850,14.761394,20.679838,2.175563,4.905571
7.776599,5.513449,2.238901,3.802984,0.270446,0.717571
8.327181,5.707720,3.667593,3.252650,0.719121,1.123254
6.117375,4.577695,2.232645,3.399875,0.468802,0.459083
21.825981,15.708199,9.238721,8.177628,2.026539,3.483691
21.339285,15.407990,7.648436,9.544203,0.849404,1.310657
7.754728,5.711890,3.052464,4.145538,0.565405,0.851728
24.928493,13.558767,7.542439,10.440395,1.242573,2.715718
64.465385,24.842407,22.227053,28.940575,4.056962,6.128548
27.842754,19.983027,14.035632,18.698416,2.977950,4.509486
3.935148,2.912632,2.215447,2.424672,-0.364706,0.729467
16.137798,11.590302,4.993679,5.580745,0.525682,2.535552
7.840802,5.548358,2.433174,2.143160,0.500996,1.285290
21.284744,14.708971,12.008192,13.187406,1.875698,3.047290
19.190487,13.729995,5.524996,7.587210,1.385174,0.466270
11.067984,7.682291,2.835850,5.648896,0.685134,0.187309
18.886292,13.502099,4.950490,9.182432,1.061528,1.720730
20.244915,14.797010,4.614450,4.354638,1.531321,0.850600
10.803871,7.977114,3.179302,2.871415,1.090251,2.101044
18.942799,11.520490,7.116149,6.833020,1.330135,2.015894
4.932929,3.334311,2.142735,2.644026,-0.001851,0.712934
11.315361,8.048526,3.084106,2.202262,0.524924,-0.338011
6.528596,4.570920,2.382039,2.265046,0.261634,0.570942
7.163909,5.563270,2.222589,6.722601,0.719200,1.521175
20.077036,14.836165,7.245832,10.817890,1.894622,6.323666
9.666108,6.804000,3.242361,4.416831,0.168264,1.493687
13.302573,9.795794,3.354008,6.716273,0.548686,2.179410
22.220007,16.213230,6.014993,10.036945,2.254789,9.739133
12.948868,9.151044,3.733465,4.867088,0.688076,0.306751
14.975233,10.749117,3.526908,7.073445,0.924016,2.014985
6.751829,5.080193,1.644343,5.014217,0.226682,3.906335
15.887795,11.046461,3.972369,4.123849,0.091774,2.030373
6.364982,4.628771,2.043737,3.316396,0.457176,0.838921
3.953479,2.938771,1.493472,2.369912,0.591642,0.088883
48.002171,30.381990,14.511557,15.954913,2.045648,5.588809
41.294163,27.488070,21.204628,18.696199,2.763027,5.120041
4.849636,3.577672,1.823649,3.821014,0.507657,0.061735
13.308568,9.277272,4.114306,3.044086,0.127532,1.011731
4.853196,3.310901,1.699224,1.423268,0.125366,1.436329
10.282144,7.021836,2.793508,3.009979,0.764459,0.615488
6.015916,4.155154,2.514228,-0.125570,0.094973,1.103893
10.453555,7.414252,6.145003,4.819852,1.451068,4.021582
9.414577,6.562659,4.438000,7.051717,0.439244,0.393252
21.937464,14.974478,6.568477,9.737911,0.498718,4.964315
8.981929,6.551335,2.488114,5.015307,-0.025984,-0.037319
16.881626,11.700212,4.608673,8.019504,1.645279,5.622618
9.564026,6.724534,4.680339,10.233299,1.513875,1.978916
4.811601,3.789918,1.758601,1.239336,0.506215,1.577384
26.605196,13.710194,16.013411,17.679760,2.857904,4.908916
29.644819,11.385026,29.742960,44.301689,6.684674,9.595843
20.513203,8.446260,20.062588,38.650906,4.977682,6.460144
20.236092,14.172664,6.100136,4.806287,0.572873,1.563601
34.940453,22.888384,12.348541,12.616751,1.778326,2.957190
10.726777,7.606047,3.197204,3.003716,0.602585,1.922853
5.500234,4.200584,1.575683,1.138100,0.475676,0.850416
5.154147,3.796865,1.776964,3.206765,0.753128,0.501023
8.751126,5.881880,4.896449,7.824703,0.627556,0.795135
10.499558,7.304114,2.276468,5.091354,0.742747,0.320952
17.810440,12.584772,4.826237,7.195575,0.340530,-0.210434
5.640206,3.968971,1.511572,2.044726,0.427068,-0.571210
6.529356,4.503250,2.111752,3.250335,0.174666,1.075858
20.258457,14.390064,4.933980,12.095909,1.068490,1.003195
10.810556,7.977895,3.566212,3.008199,0.593257,-0.323360
5.131594,3.726637,2.353529,4.135170,0.741857,3.901453
9.943915,6.949714,2.672287,6.887408,0.257258,0.684300
23.675901,16.773121,6.462990,5.744247,1.625419,2.725961
5.108162,3.689581,1.539789,2.860439,0.255043,0.642331
4.531840,3.296363,1.763365,2.206659,0.009065,0.250758
19.485542,13.434729,4.702269,10.922629,0.506774,0.653227
5.934153,3.917045,3.619333,3.920866,0.761721,0.381029
13.733126,9.847751,7.638347,8.952591,2.100763,0.423957
8.126157,6.183997,2.418535,4.551006,0.514224,-0.159390
4.618531,3.376616,1.894335,2.538902,-0.071823,2.224043
7.966351,5.335778,4.210032,7.354663,0.122658,0.679833
7.905292,5.606237,2.361800,5.515638,0.522479,0.117548
4.406244,3.137575,1.971364,3.140517,-0.066420,-0.180384
5.791102,4.161047,2.060408,3.134635,0.589828,1.091272
55.096474,32.320724,26.442072,35.701008,6.132288,13.279815
52.016743,23.687109,48.619347,80.926018,10.468018,14.560457
9.198132,6.625573,3.205061,2.541788,0.584648,2.037499
11.553737,7.912264,3.216933,3.283336,0.510336,3.341069
4.960600,3.854900,1.401617,3.071571,0.186168,0.402243
10.354793,7.741070,2.591972,5.323577,0.988721,1.262379
34.316563,22.076775,39.438141,46.573208,6.814253,22.282686
10.167667,7.517025,5.244734,6.581727,0.846683,3.228633
18.297424,12.860145,5.940678,7.896302,0.728476,3.969555
11.157575,7.754767,3.069810,2.953495,1.086518,1.821481
14.872730,8.080729,4.276226,6.888413,0.787065,1.282650
48.343639,29.955143,52.230057,79.795357,9.789439,9.257117
12.344543,8.906020,4.538266,5.905890,1.024532,4.005977
4.645965,3.066296,1.510761,0.632356,0.519967,-0.262529
15.077630,10.460907,3.959819,2.934938,0.963853,1.339793
6.762790,4.958636,11.548083,9.219428,1.980021,2.945488
10.479082,7.959506,3.398053,7.053433,0.307065,2.898210
19.994350,10.804921,7.576426,10.715391,0.949812,2.962628
21.231441,15.123634,19.239756,22.956030,3.464369,7.757663
5.927573,4.111579,2.305874,1.627547,0.407400,-0.695606
4.357987,3.103153,2.065884,1.641555,0.276100,0.955158
10.937492,7.743055,3.542948,2.931878,-0.082864,1.570557
45.554607,27.991865,22.788788,30.203037,3.007732,7.067316
9.381770,6.610276,2.663359,2.891524,0.008847,0.381929
68.093765,42.946346,24.007101,28.373308,38.203415,2722.322754
12.152613,8.664194,3.519210,4.775532,0.408734,1.889869
7.565282,5.228929,7.380460,8.437474,1.461646,7.693879
4.946302,3.382110,1.923806,3.918536,-0.517033,2.166836
23.821354,16.794535,7.248054,8.910518,1.073257,1.945588
12.137564,9.071353,3.097933,4.546418,0.158268,0.157222
6.674253,4.714488,2.102933,2.684842,0.589786,0.805253
55.688828,21.629578,14.660561,20.502592,1.757443,8.851435
53.437069,21.675303,14.457116,20.849287,1.929253,8.037045
13.511818,9.802231,3.643853,5.361238,0.408085,1.787906
27.694672,19.484495,7.988498,13.494035,1.879273,2.273915
9.959518,7.214942,3.203916,2.098030,-0.009749,0.954290
14.762217,10.420785,3.720958,4.994820,0.811981,1.035284
18.176741,12.816388,8.223886,15.366714,2.035532,2.117978
10.315576,7.179673,2.922430,2.745566,0.691462,0.422295
13.363074,9.415251,3.575006,8.709994,1.361744,3.639110
25.016817,17.577715,9.561326,13.695434,1.909195,3.587065
14.632910,9.262731,4.332682,6.269406,0.959965,0.845788
8.155685,5.492335,2.426226,1.736962,0.710871,1.126526
6.338047,4.625441,5.526641,5.593032,0.876989,0.705507
4.606588,3.663482,2.046203,2.629346,0.414100,3.013457
6.561758,4.862957,1.673983,1.782010,1.154363,0.557531
15.643010,11.154515,4.251856,3.026606,0.254604,0.722498
29.389503,20.180298,8.381739,7.238392,1.682011,3.252499
22.141912,15.045671,8.267251,9.726593,1.482463,3.382871
8.013791,5.535506,2.995421,2.558435,0.493183,1.204779
5.097318,3.552190,2.025355,1.139814,0.424944,2.370984
9.123973,6.889662,2.762635,1.987889,0.729861,2.020719
3.882664,3.097070,1.729024,2.755455,0.264962,1.882156
19.214092,13.919558,4.689989,7.321259,0.755654,1.903068
8.996673,6.341991,3.034937,3.664284,0.259782,0.439009
14.831571,10.891978,4.443003,4.367778,0.555055,1.800654
25.137512,17.617544,7.829675,10.855043,0.926973,4.122497
15.116943,10.224452,5.046478,6.466241,1.238779,11.347963
21.629904,12.869421,22.795429,20.628912,3.544810,11.328018
30.022383,17.314327,40.630501,43.952213,6.498980,15.470728
37.390030,23.307856,23.568705,46.041130,5.235947,11.218846
15.042774,10.830740,4.324461,5.074448,1.033500,1.770830
10.369163,7.498217,3.675059,5.887678,0.461000,0.412154
9.457884,6.741340,4.255609,4.657996,0.265665,1.204301
10.647610,7.463059,3.641477,4.272357,0.975466,1.257709
27.822762,19.848436,7.721695,12.400140,1.540706,0.495750
15.615941,11.140993,3.842651,5.759353,1.198159,2.217372
4.736333,3.444746,1.959587,-1.385356,0.142713,0.744236
12.939568,8.956099,4.150023,6.430757,0.728971,0.580692
20.112785,11.651264,14.545907,17.303442,2.642290,4.826160
5.279738,4.152880,1.898648,0.593168,0.240450,0.544625
26.587948,15.698237,13.894098,15.040064,2.169776,2.067256
18.270939,12.302501,24.691446,30.416634,3.773542,6.033903
6.374228,4.798553,2.184889,4.226471,0.505678,0.946409
13.917655,9.550451,11.926429,12.160896,1.856890,2.891508
8.977923,6.885238,3.796011,5.157791,0.791387,2.088540
4.838665,3.549603,1.632139,1.599680,0.105243,0.339795
9.227570,6.523966,3.816136,6.052161,1.019152,0.717417
21.619234,15.270876,8.254404,6.993019,0.764363,3.198716
16.455725,12.157312,4.493840,6.497177,0.859944,1.066524
9.174868,6.726672,2.613820,3.936277,0.440117,0.364861
48.389427,30.952066,23.333237,29.451939,4.693645,9.588666
7.245050,4.835191,5.307806,3.459913,0.807280,0.017253
6.033442,4.526840,2.943163,3.927379,0.089998,1.169176
8.357254,5.997783,2.431856,0.320011,-0.293621,1.504669
5.860662,4.397851,3.717287,5.649494,0.639437,3.377255
6.420310,5.035080,3.838844,2.334332,1.161571,2.932514
5.109033,3.747199,2.632266,2.985433,0.534039,1.154568
5.750191,4.249273,2.447097,3.166721,0.393414,0.923082
15.212149,6.883700,6.403910,6.713089,0.661490,2.023756
15.122391,6.746642,6.871509,6.238769,1.107420,1.980317
12.445524,8.909680,3.520294,1.672330,0.152426,0.478981
6.870054,5.195566,1.799289,2.558809,0.561077,5.284054
6.650083,4.753977,2.258282,-0.406421,0.841013,0.483649
6.027198,4.380348,2.047275,2.380243,0.313890,0.370268
7.446856,5.497806,2.350574,3.958839,0.271959,-0.300516
12.470621,9.120550,3.952345,3.321553,0.198449,4.632389
6.406150,4.727624,2.395613,0.600295,0.186073,0.595167
9.112727,6.501481,2.642708,1.352750,0.254552,1.244990
11.079342,8.256967,3.098160,4.347106,0.239247,0.448715
5.640408,3.909762,1.602636,1.519029,0.191688,0.256026
7.045977,4.972226,2.240201,1.855296,-0.102595,0.856752
8.815052,6.433316,3.330406,-0.687279,0.399911,0.054142
17.603155,11.976127,24.469011,41.961491,5.213891,6.991865
9.759365,4.819200,3.843577,1.636729,0.004665,0.781607
4.409907,3.412160,1.627945,-1.230017,0.057967,-0.098421
6.984684,5.311403,2.019473,2.299026,0.602370,1.435683
12.942659,9.428694,4.340762,4.265563,0.764161,4.535707
32.586864,18.946163,14.625649,20.225321,2.645921,15.324263
24.598293,10.208802,13.060603,22.154219,2.038946,14.002556
12.787807,9.778337,6.075180,7.150034,1.182682,1.455526
15.006697,10.634151,3.685238,3.198174,0.361103,3.809719
13.608445,10.072462,3.605091,5.169907,-0.311022,15.515087
53.241604,26.563759,20.059006,39.009624,4.963310,6.169883
52.756062,26.610859,20.335659,41.258766,4.854351,6.298904
7.839073,5.976406,3.114342,1.559521,0.351174,1.472224
9.602360,6.758067,3.056262,4.042581,0.253457,1.347013
7.770909,5.868234,2.181217,-0.061292,0.532318,0.802155
21.797846,15.791803,5.930784,4.419099,1.234504,0.765704
7.202625,5.317349,2.679422,2.297542,1.190774,0.080069
60.717033,24.274626,18.155392,23.593174,2.716885,8.039210
59.537464,27.099161,20.754963,36.858227,3.232333,7.946142
10.902407,7.545096,3.144206,2.105145,0.716372,0.993859
6.625115,4.983605,8.771296,7.135957,0.725078,0.797014
8.518476,5.869311,3.026989,3.796718,-0.100615,2.342412
50.668957,26.098875,20.721670,20.937967,3.232129,9.095051
13.967141,10.196952,3.865484,5.690234,0.376228,0.981009
14.978071,11.157576,16.104660,13.063530,1.685283,2.742664
12.368423,8.884693,3.093204,2.387474,-0.092383,0.057211
24.672882,16.876961,14.159792,14.965229,1.407356,4.593820
5.211326,3.828585,2.089351,0.350739,0.470127,0.675893
31.325098,15.161041,17.231245,26.565144,3.296570,10.721031
4.339490,3.187164,1.560807,2.005247,-0.311240,-0.596251
10.768888,7.790781,3.018583,3.771467,0.241034,4.333037
10.492278,7.808654,2.681961,0.948704,-0.125366,1.477286
5.612604,4.160356,3.123656,1.533711,0.404814,-0.001031
8.215330,6.126296,3.490519,2.696551,0.469887,1.003256
9.302521,6.497497,2.451107,3.494593,0.219392,1.472378
6.726532,5.045958,2.875142,2.017127,0.157295,-0.090869
50.768574,24.162197,15.797482,19.557093,1.969380,4.412054
51.774967,20.169649,25.421638,26.969427,4.142672,10.806808
28.551792,16.734722,44.081131,50.701653,7.725297,18.084661
12.364071,9.220765,4.029703,4.159897,0.839079,0.323503
12.405841,8.953213,3.725534,4.891094,0.407530,0.610795
27.599995,15.836026,7.540956,11.131841,0.825874,3.271722
6.214348,4.420398,2.218068,4.389987,-0.484526,0.766283
6.057692,4.179848,2.224881,0.239847,-0.054278,0.082309
21.238348,14.015666,6.857574,8.787960,1.295559,2.948083
11.711120,8.489158,3.031755,6.247543,0.644884,0.579888
7.286266,5.226992,2.382386,6.364466,-0.609228,0.835839
7.808001,5.962387,2.604450,5.909855,0.152889,0.037188
19.346779,13.543300,5.780070,8.460849,1.582031,0.802327
10.318940,7.047846,3.406023,3.050679,0.433824,1.843501
26.360233,19.154413,6.070803,15.800929,1.312062,1.710956
53.700592,22.146185,43.751804,55.139690,6.739275,14.782293
47.503342,18.295551,37.737614,64.747475,7.016421,11.471768
4.194894,3.121107,2.087880,4.506289,0.543996,1.302755
9.677716,5.886935,2.366133,2.159153,0.732090,1.834657
12.361337,7.615125,4.004725,7.609616,1.203251,4.760257
14.112489,7.960572,4.282576,5.857788,1.245862,1.024306
13.177419,9.379252,6.427244,10.503572,1.381021,1.326959
6.041249,4.420357,3.678134,8.836279,1.105753,1.671244
4.441837,3.211693,1.711737,8.599951,1.377827,1.848661
73.146568,25.623501,92.282661,131.429504,19.626822,55.534466
67.081596,23.103725,94.380096,158.934052,19.535183,38.941654
23.245481,10.729803,11.707348,24.850250,4.126414,23.981607
57.389996,27.606466,39.891151,58.736828,9.235250,14.606530
9.776493,6.500001,2.951125,19.239153,3.134388,3.032097
67.247864,34.798584,85.660820,125.142784,19.111532,46.711205
43.373833,25.543983,41.048016,70.285164,9.000379,9.301468
53.222790,20.499390,55.879269,85.931564,11.353986,20.763041
46.377823,19.356190,49.888412,94.502899,11.613554,18.698168
103.074570,39.192680,104.823257,151.869995,24.622181,33.641251
146.958618,41.139679,153.230850,225.469803,34.243084,46.876827
94.941086,34.591785,107.402763,177.172058,25.392969,39.464375
24.585611,11.166528,25.182520,56.148548,6.393949,12.180310
24.751932,11.161406,25.223915,64.755066,7.566535,12.130169
128.330444,36.159409,120.389046,217.348282,31.649672,46.489929
160.453003,44.369450,231.075714,370.777740,48.589340,67.973022
122.294037,32.122257,179.683273,297.720062,35.515842,65.692963
128.069412,39.788891,160.450745,226.768433,33.987782,115.285477
141.695816,34.290836,206.834015,295.907593,41.088551,65.814247
161.796921,45.114952,229.124298,334.199615,44.305496,82.654671
149.888290,40.269787,169.500198,277.267151,34.003151,49.592937
179.872772,63.847496,157.587250,249.566711,37.668495,90.690498
207.448853,63.789875,187.016418,305.784607,42.544842,113.446701
128.398224,44.848766,134.991714,215.396210,30.512897,87.499748
150.835312,39.100727,395.986359,505.787079,67.152985,143.987045
128.751740,60.226059,92.883286,146.946609,20.636585,45.393719
147.637817,47.327518,225.297867,321.017090,43.212585,66.061729
246.274887,74.225113,221.736313,328.499756,44.982708,89.307449
227.114166,60.376980,149.779648,223.113373,33.731846,54.114895
184.451981,48.161156,168.453857,249.196411,35.348591,62.176460
193.682449,51.361637,275.232117,365.386719,54.553181,117.096390
294.470947,69.370293,624.572693,881.601685,145.742157,371.672058
247.775589,68.589134,568.976013,876.246826,145.513351,369.872070
263.833221,70.013397,496.489563,704.230591,96.081322,207.603607
253.817581,70.018929,411.644531,595.645325,85.385391,171.675735
171.890564,40.776089,229.186020,352.597870,48.198872,92.688156
203.125305,55.960274,272.348907,390.700592,56.705780,137.221497
229.921783,65.332100,416.852997,581.425720,75.202126,157.945511
139.091156,38.172901,330.253143,461.391998,64.918976,146.719055
67.660263,21.759312,40.516319,83.562614,12.839951,13.568118
51.470459,21.668777,34.110725,76.897713,10.270655,12.282115
65.624939,30.348757,52.192165,111.418983,15.017674,15.592265
43.871639,28.289082,67.882584,139.731827,17.286261,18.497171
24.500183,9.678404,17.297457,39.387009,5.131864,5.580047
23.614828,9.842919,17.866228,41.754944,4.822305,4.643381
6.552271,4.795485,2.331230,13.947536,2.022140,1.020555
9.323891,6.671577,2.674044,15.712228,2.864354,2.593517
17.615421,12.481074,36.742031,72.576744,8.237575,8.111989
17.987835,12.946428,4.835307,25.240438,3.056278,4.308733
214.733109,53.577263,390.525513,490.606018,66.992310,121.830498
158.574249,49.552433,173.214493,272.406677,40.532681,80.181366
91.295944,29.127668,168.629745,252.647400,33.169209,53.228214
67.114082,28.822462,50.989899,114.561424,12.311435,16.956320
106.284790,35.833691,93.277153,130.986008,21.818476,46.691998
117.867882,38.098091,120.586578,180.503723,27.380053,56.206467
148.448120,36.628433,377.573639,491.378754,69.005798,145.148987
140.361526,36.351585,215.306610,326.499939,50.712406,117.672218
183.717453,47.554893,346.769470,482.802307,67.780235,158.509079
260.387177,61.111450,353.611664,489.792755,62.575863,175.691742
221.506378,66.983971,338.585693,542.015747,71.681732,109.752304
180.476135,50.036774,305.773804,526.394165,66.926483,99.631798
216.225098,59.295246,331.086090,434.908813,64.883224,116.239708
111.199112,33.999878,96.673637,161.211502,23.495134,37.780289
116.431808,38.434483,128.415787,196.017441,25.276836,48.511093
137.759659,46.685135,132.617722,197.811996,25.108055,47.738781
106.112549,52.305199,149.160477,212.097351,27.233034,47.433430
11.365025,8.328233,3.394294,10.827994,1.658012,2.224569
10.773818,7.817960,3.139745,7.595860,0.881558,2.633817
17.485392,12.281305,5.662209,7.309258,1.234300,2.431595
12.276277,6.837535,3.801214,6.654562,0.362473,1.881796
38.121193,14.649911,19.168142,27.971540,3.523592,7.142813
11.401806,8.308933,3.589595,9.280557,0.684228,2.031832
10.893342,8.080065,3.090066,6.161265,0.442584,1.459356
24.714897,17.737583,8.932612,14.466229,1.683268,3.032728
12.835737,9.266127,3.504363,6.822766,0.693434,1.970081
6.174753,4.485229,2.695930,2.954277,0.753918,0.320206
10.208494,7.698917,3.228461,2.823036,0.225535,2.128783
7.670167,5.199537,2.923270,4.342338,0.468186,0.692537
22.005777,9.688827,9.237223,15.069842,2.723686,4.485950
9.213091,6.520407,3.280271,4.107348,0.616070,0.706463
8.195245,5.933461,2.340321,2.693134,0.550904,1.675733
11.092689,8.022324,3.767275,3.938905,0.840475,1.653145
12.736015,9.354333,3.188438,5.637422,0.009741,2.909051
5.587098,4.255324,2.805935,0.458821,0.293229,-1.116513
5.632862,4.057836,2.374341,0.991068,0.305631,1.474214
21.504957,14.717612,6.800838,10.016342,1.354923,0.720960
18.399698,13.521483,4.948632,8.276376,0.470362,1.384975
4.919605,3.585510,1.807514,3.840098,0.131327,-0.179358
9.299232,6.594076,3.072912,1.576110,-0.064088,0.278201
10.660480,7.531370,3.337861,3.587413,1.320410,1.953170
7.371156,5.424077,2.748379,4.191534,0.295924,-0.077559
14.307014,9.903013,3.237026,4.096551,0.861166,0.692368
12.463558,8.795501,3.367887,3.796553,0.688465,1.588913
18.163685,13.119412,5.601198,7.547772,1.599628,0.973834
5.958226,4.427670,2.023959,1.334904,-0.325470,3.106144
27.880022,17.818058,18.736347,30.950609,2.226482,3.359726
12.049463,9.444310,4.342385,6.427297,0.758759,2.982058
5.274426,3.586982,1.835210,1.147103,0.335312,-0.448374
6.909480,4.887347,2.288584,4.194893,0.439501,1.051919
18.393965,13.137657,6.164241,5.391435,0.640608,2.583339
36.097317,23.795391,11.642911,15.527558,2.320281,3.226356
9.009694,6.788536,2.490479,0.609837,-0.166735,0.506440
11.644398,8.773473,4.104018,6.855200,1.733102,4.403543
12.368201,8.501015,3.204795,5.555436,0.844661,4.260582
10.118033,7.221472,3.649058,10.188683,0.844041,0.124830
28.653502,15.143601,8.913159,10.274257,1.920549,3.415785
6.116619,4.802463,2.186578,3.354109,0.363256,1.635341
14.451253,10.347629,3.507879,7.779708,0.641648,0.798199
5.390902,3.659057,3.207536,2.818515,1.045133,1.696808
6.578789,4.430121,2.231388,0.631321,0.810755,1.130403
5.204264,4.085710,1.739135,-0.032497,0.099478,0.856823
7.401939,5.409290,2.157255,5.272140,1.059031,0.038769
13.386192,9.727398,5.693684,6.950011,0.492094,-0.232464
10.127927,7.592717,2.867622,4.393078,0.881535,1.529942
6.155260,4.504235,2.776573,1.631553,0.370283,0.164176
22.769041,15.844757,5.784421,7.523267,1.770018,1.221469
16.429306,11.500263,4.165707,7.500631,1.047099,1.239239
8.164022,5.912892,2.568053,4.357482,1.227996,1.112211
5.781515,4.068776,1.722818,0.667415,0.731613,0.246154
9.223771,6.634235,3.417153,8.024231,0.449756,1.123440
10.275984,7.294780,3.353210,3.992054,-0.492082,1.036396
30.789686,20.123434,20.414450,27.297232,3.878556,9.202419
13.185109,9.543821,3.424752,4.745853,1.229169,0.380494
6.557181,4.685798,2.323905,3.896882,1.172501,0.370489
16.281130,11.898664,8.450475,15.493760,1.380861,3.599411
4.040818,2.989337,1.458066,6.810809,0.556511,-0.212659
27.332388,19.086960,9.561842,14.016868,2.048764,2.793438
3.967365,3.226242,1.541279,2.763984,0.912677,-0.046811
10.177547,7.824066,3.190223,2.981255,1.182289,2.714532
19.351456,13.795523,10.974645,11.554643,2.316421,2.382958
15.292596,11.383121,5.269759,7.419386,0.661706,2.319909
4.522317,3.453581,1.796988,2.064458,0.499655,0.000585
8.936707,6.584228,5.093335,7.797830,1.144511,4.449388
8.456519,6.363756,2.518167,4.139674,0.650188,0.508182
9.682860,7.353539,2.497310,4.997903,0.522684,-0.435573
4.481000,3.323549,1.704641,3.437025,0.976910,-0.405351
5.650974,3.950379,2.187597,4.302330,0.736548,0.599257
18.124723,12.448186,4.624940,7.475867,0.612213,1.131230
14.156414,10.020444,4.515571,6.756773,0.785123,0.565221
4.324481,3.313560,1.460981,3.104933,0.827361,0.441439
10.924768,7.711974,4.541249,8.280595,1.440311,0.533990
10.628520,7.502058,3.672117,3.834528,1.306320,1.450392
14.110709,9.175654,17.102762,23.579224,2.879000,8.283243
8.210959,5.819514,2.836604,3.252232,0.319641,2.229253
13.673264,9.411708,3.740715,5.654830,1.241954,2.898088
13.641145,9.911325,4.473063,10.331809,1.580284,4.109163
7.407859,5.077055,3.956866,4.690241,0.883400,1.704827
11.698042,8.723394,3.767165,4.549516,1.347174,0.313941
8.812267,6.245528,2.372618,4.938313,-0.128565,0.844706
5.323417,4.188252,2.263275,2.933948,0.813388,0.647543
33.354218,19.997480,22.244337,25.008129,3.725433,18.743282
33.526199,12.680993,14.914684,24.952791,2.341411,7.242257
34.035610,12.674053,15.099369,25.160349,2.279282,6.097536
16.247553,11.715423,4.450138,6.499669,1.074414,2.522920
10.719356,8.010779,2.424668,4.058898,0.715036,0.115360
33.529125,23.572525,8.851045,13.212993,1.860201,4.020347
32.903557,21.054111,15.390390,16.251875,2.294009,4.706430
13.161790,9.278002,3.917470,6.042858,0.870604,13.927862
7.937214,5.772515,4.997180,7.440514,0.654682,2.380822
21.647987,12.490947,6.708611,8.853433,1.643935,2.087444
22.495195,12.493512,7.107037,9.230511,1.206327,1.433851
22.604174,16.112232,6.374135,5.472982,1.721736,1.534203
12.191173,8.811070,3.260072,6.605337,0.613905,0.384729
12.366995,8.774302,4.578705,6.396028,1.243727,7.023464
19.730665,14.081225,5.903048,8.130423,1.017232,0.934711
18.818138,10.962882,5.478221,6.258631,0.969202,1.718427
19.227785,10.942021,5.911184,8.675514,1.042616,1.396532
9.983940,7.240482,3.005582,6.824840,0.601006,0.827243
5.131748,3.676741,2.782912,4.195072,0.678916,0.363460
7.417350,5.189117,2.300627,2.109120,0.917192,5.101045
4.806396,3.333743,2.076322,3.555515,0.906571,0.016153
12.753181,9.121166,3.280583,7.471306,0.335953,0.271006
17.984016,12.758918,4.274867,8.526392,1.398833,1.381865
18.034527,12.578059,8.315074,11.371037,1.245334,2.542751
10.426781,7.278895,3.081118,4.203145,0.227626,1.562984
4.186612,3.088459,1.595287,2.777045,0.369861,0.935248
17.775434,12.416527,4.293286,8.070203,0.710816,0.495135
36.057377,20.311701,11.065924,13.040634,2.651012,18.164980
95.383652,39.263237,56.615788,85.216736,18.011248,60.241837
56.289211,22.229876,36.351971,70.357056,10.300327,20.811995
18.233881,12.567374,3.744318,9.929308,1.908607,2.319834
6.906565,4.871278,1.799560,3.380046,-0.196802,-0.566596
8.411107,5.757208,2.127285,3.034501,0.722512,1.176919
7.430569,5.496756,2.448113,3.790921,0.515176,0.668818
51.671501,30.416162,40.179043,59.762096,7.937897,17.064741
25.534275,15.175419,19.781391,22.979856,3.736022,6.757819
25.270645,14.869680,15.894556,22.636597,2.733815,3.768796
8.512251,6.123890,2.557016,4.799994,0.935084,2.691401
12.591824,9.114698,4.038544,6.312205,0.839784,3.226189
8.494666,5.876007,2.692342,2.923100,-0.203949,0.685582
10.255590,7.691094,2.765482,4.416129,0.747557,2.015920
4.427007,3.133593,2.069210,1.963272,0.352184,-0.809758
40.956516,20.435469,35.892841,43.673386,5.913774,11.664536
72.457489,28.562275,71.893486,99.023872,14.227375,22.305481
61.364048,28.435848,64.826820,96.585739,13.016539,18.899851
49.322163,29.033236,25.998676,44.396130,5.867846,15.693741
15.027932,10.663183,4.416725,8.375318,1.091574,0.741591
8.948936,6.707026,2.951841,5.280384,0.942129,1.153456
51.343571,22.896990,30.904989,46.452744,5.874008,12.686517
136.724915,44.609398,166.526459,203.260986,31.796307,126.068039
68.907402,28.783779,53.556046,94.136536,12.044728,18.708864
119.169586,52.130592,56.931263,69.188293,10.439547,18.480782
50.423206,25.099419,22.988892,38.871662,5.314526,6.303457
8.180758,5.577853,1.229388,5.410716,1.092538,0.157249
6.116185,4.399101,2.328140,2.792247,0.354619,0.527345
5.102518,3.723879,1.761193,1.604157,0.498318,-0.340803
10.258107,6.289245,3.685142,2.603889,0.540379,1.319317
12.851687,8.855072,3.413681,5.993138,0.253325,0.140352
19.426867,13.963767,5.358237,6.531484,1.364078,3.895081
8.046778,5.805122,2.833495,4.289741,0.648597,3.189226
5.826025,4.206542,1.715914,3.115119,0.969130,1.708283
22.375862,15.712746,11.364441,13.076559,2.352458,6.642247
8.439878,5.769870,2.367044,3.993923,0.114605,2.278521
31.773195,21.690718,17.068081,18.144247,3.568419,10.060871
5.833819,4.412217,2.188266,1.932008,0.484057,1.125843
31.024761,18.617680,8.008848,13.002632,1.191398,6.905452
9.760030,7.170130,3.205162,6.858792,1.219538,1.614985
26.851036,17.622644,9.200142,11.752666,1.138625,2.492611
11.270185,8.329389,3.710312,3.726745,1.081031,1.428851
13.692266,10.119605,3.278568,8.892305,0.990841,0.803818
8.456904,6.033407,2.432945,4.508974,0.194102,5.099626
5.209832,3.839518,2.021983,1.149512,0.688360,1.371006
6.603747,4.728721,2.668142,2.542147,0.632159,0.927110
14.261333,10.380256,2.390644,6.380863,0.421515,1.095718
14.348083,10.313042,4.821659,6.174040,0.939855,4.106342
10.213213,7.121802,8.650641,13.887585,2.638336,3.123565
13.550250,10.002679,3.909320,6.431153,1.505109,5.258184
7.358237,5.106048,2.041651,3.532225,0.061906,1.245483
11.380994,7.800857,3.843611,8.023391,0.751321,5.267932
22.764109,15.960340,6.805544,6.299951,1.046734,3.700012
5.922363,4.230429,1.915148,1.680004,1.251060,3.137287
16.834578,12.090137,4.319741,7.168476,0.889041,1.087339
10.681573,7.246050,2.783545,5.955687,0.816170,1.176304
23.807199,16.653959,6.702148,7.609707,1.484179,2.105061
50.258072,22.103748,25.286327,44.415150,11.636922,30.363758
49.745628,22.084511,25.641092,46.919701,11.669288,26.983980
5.480029,3.979264,1.758803,3.420187,1.039964,2.172880
7.974048,5.980960,2.345985,3.138573,0.352886,3.634755
48.229115,28.274290,34.781628,41.672707,6.092116,16.970177
66.177345,30.695593,70.898827,93.812759,11.891562,26.116589
21.529833,14.558469,26.580355,30.292618,3.739559,13.338395
6.340059,4.348214,2.061074,1.034032,-0.264280,0.795741
13.999304,9.784760,3.947918,4.461423,0.033347,1.545180
4.393619,3.268698,1.845543,2.433073,-0.224216,-0.189099
19.166119,13.890224,5.050515,6.661613,1.186626,8.322562
13.922131,9.965865,6.300976,11.670192,0.949263,2.513153
8.016808,5.418765,2.749463,4.857562,1.328465,2.928868
13.288237,9.393871,4.608926,4.240750,1.696160,-0.007513
6.373250,4.568707,2.066074,1.689441,0.046970,0.098092
10.589357,7.382590,3.047840,3.282236,0.790670,-0.404147
4.899015,3.743973,1.721786,4.612998,0.546623,0.530148
9.920806,6.958005,6.773284,11.556455,0.984097,2.414544
17.533480,12.343551,5.838144,8.964886,0.531801,1.806577
13.663900,9.639791,3.789403,5.244751,1.157055,0.805237
8.811382,6.765440,2.846732,5.165551,0.739977,2.016616
5.010068,3.803293,1.648138,0.902456,0.119131,-0.271905
12.528375,8.747543,4.298078,4.836733,0.845756,2.602762
8.841399,6.065509,5.805911,5.523984,0.623234,4.766072
12.050688,8.713071,2.393970,6.537773,0.673527,0.427115
12.886106,9.337311,4.278112,5.028028,1.309123,1.657706
5.168944,3.645433,1.862360,1.969645,0.058761,1.212857
25.037231,17.047365,12.427096,17.390944,1.788443,2.920055
16.368073,11.606274,4.857022,4.833350,0.640355,2.115572
11.630682,8.693423,3.063134,4.213593,0.775706,2.156430
23.608253,17.351686,7.719709,8.337041,1.092340,4.594562
12.604416,8.772378,3.578260,5.802059,0.773009,0.710365
8.959804,6.756752,2.279867,4.199147,0.362120,0.424848
20.162197,13.286088,16.297680,21.273600,3.997247,7.048538
124.306099,37.390778,154.919815,175.668045,25.571629,80.281403
12.402443,8.675405,4.397795,3.352228,0.501762,1.139672
5.990098,4.433477,2.231034,1.929909,-0.153310,0.825812
13.021365,9.229280,4.351203,5.600980,0.082330,1.199282
7.710722,5.540177,3.196909,2.700806,0.334085,1.118482
13.081188,7.448476,4.630662,5.262057,0.283227,0.563823
9.778069,6.880032,2.895734,2.844066,0.426814,0.852044
16.004478,11.470184,7.510682,13.577729,1.603913,2.560693
62.831894,22.073849,41.521778,54.831432,9.568112,18.535707
48.144661,20.977453,29.190559,45.310719,7.194766,12.928910
9.458554,6.933073,4.097945,4.977900,0.930642,2.833667
17.948841,12.591269,4.578343,5.853802,1.298653,2.740613
57.736012,26.586161,77.571182,88.427032,19.557417,64.958817
9.596218,7.194886,4.460007,4.628277,1.244602,1.702723
10.538666,7.259520,3.562016,6.198341,0.503810,-0.075075
42.777092,19.340229,28.258055,40.966469,4.611613,9.990565
9.265456,6.989264,3.256031,4.555987,0.293025,1.482167
6.019142,4.310372,1.948334,6.259675,0.369884,5.268113
11.270679,8.126000,3.483133,3.075930,0.145415,1.190833
14.295913,10.474648,3.761620,3.490006,0.885507,2.264665
13.183866,9.614115,4.092145,4.534654,1.137888,-0.129835
14.763967,10.642536,5.175653,4.916085,0.825541,1.512918
10.127457,7.362718,2.353380,4.413424,1.467936,0.148040
9.936068,7.252037,3.133663,5.160967,0.983441,1.430094
21.486135,15.012758,5.364222,10.059578,1.585706,24.047489
12.028307,8.384309,3.227515,7.627790,0.773347,0.797897
9.581125,5.766839,3.346510,2.593331,0.349359,0.802060
5.674207,4.023700,2.335217,3.438948,0.220886,2.556018
6.913662,4.911680,2.432546,1.726115,0.675710,-0.194412
15.631320,9.573471,8.834164,8.411927,0.887552,2.822484
25.449202,17.369719,16.661705,21.854650,3.969260,5.954668
17.851442,11.798855,6.018404,9.625504,1.208906,2.803479
23.987951,16.875029,9.709256,11.664653,1.881011,2.571152
9.114799,6.538675,3.002981,3.133896,0.454708,1.012128
10.336498,7.065554,3.157392,4.994169,0.583616,1.606663
15.907700,11.405968,11.474939,17.363369,1.484849,3.479017
22.282293,15.689789,13.902000,18.418715,2.129126,19.075556
6.394223,4.296333,2.194345,3.455697,1.094786,0.758684
60.535294,27.277119,23.853949,32.614365,5.489375,14.116219
6.639701,4.965198,5.239071,13.056944,1.266360,6.987879
7.769808,5.415429,2.445339,3.707858,0.735094,1.120726
38.163994,24.929838,23.902712,25.391356,3.782096,7.495980
6.001892,4.114501,2.511528,0.388336,-0.521782,0.786755
17.230932,11.998805,4.196322,6.845899,0.767580,2.351107
8.787638,6.405818,2.986292,4.843932,0.964619,0.847133
5.875505,4.689117,2.645418,2.574398,0.243534,0.927845
11.145911,7.880459,3.451463,5.913215,0.911194,1.339992
6.066816,4.522511,2.162880,3.655723,0.261097,0.563283
9.262684,6.778003,2.581576,4.327340,0.007942,0.619157
5.167675,3.786669,1.770719,1.905112,0.337557,0.903077
4.274496,3.124581,1.589268,1.435405,0.909277,0.464682
37.132572,17.263105,21.689545,26.078888,3.364380,10.378414
21.952934,10.113136,11.784680,15.271680,3.143310,32.397224
13.079680,9.360912,3.812670,2.651131,0.572071,1.630979
18.854996,13.081365,4.686598,5.132459,0.470774,1.873382
9.795462,6.814068,3.151240,2.611390,1.258763,1.958868
6.270144,4.278312,1.898297,1.958163,0.265035,2.081776
14.758130,10.508431,4.519263,6.039003,0.829397,2.381994
10.233977,6.921776,3.020710,3.603344,0.342656,0.655458
9.225062,6.028521,2.763551,4.295908,0.845447,4.747725
70.311546,30.467798,25.444771,33.641308,4.722413,11.326289
26.613890,16.577721,7.180968,9.592017,1.904528,1.346993
9.302826,6.808208,2.980506,5.574463,0.119549,1.974485
5.164745,3.294609,1.654913,2.156932,-0.039306,0.244050
12.401107,9.312408,3.286504,7.258693,0.769157,1.443296
30.590424,20.205967,12.772108,24.077883,2.196413,2.124255
17.442450,12.611756,8.100153,9.859435,1.620669,14.106252
25.414619,12.829340,33.274490,51.182953,6.493757,12.589803
56.423515,31.292885,36.749607,49.468971,6.957839,13.040457
11.309365,7.945158,2.719493,3.581362,0.659454,0.321185
11.453646,8.138819,3.217558,4.542249,1.496088,1.668429
55.973808,26.670700,67.021515,89.953529,10.178959,14.462811
8.746379,6.100633,2.579660,3.962907,0.525807,-0.879201
7.112782,5.154747,2.443918,3.007086,1.405895,0.729083
4.433855,3.228841,1.222807,3.658380,-0.020248,0.169714
5.547840,4.029708,1.863886,1.259200,0.422094,3.193711
32.362652,22.057474,13.383818,10.965878,2.362379,2.604440
10.014077,7.253416,4.255441,2.264459,0.856737,0.905709
9.792149,7.069002,3.658360,3.135497,0.581374,5.434378
8.423966,5.825913,2.862239,1.197324,0.467673,2.976111
25.041592,13.916229,29.451733,54.165607,7.847305,25.472692
16.509960,11.966348,7.045717,12.635311,1.722970,3.533054
10.628131,7.520472,10.951540,16.257978,2.965624,2.354225
13.728058,9.956011,4.292268,5.348537,1.255576,0.385908
9.639488,7.158826,3.636984,7.649282,0.957233,0.604906
8.324718,5.755755,3.471712,4.077925,0.657349,1.168285
7.222014,5.428549,2.521028,1.511123,0.141802,0.052397
11.884313,8.511140,4.114769,6.528140,0.456709,0.737717
8.569995,6.282719,2.235529,0.826773,0.630930,1.430436
12.777286,9.489720,4.416549,6.934690,1.434765,3.578545
8.221142,6.077487,3.027569,3.076343,0.556792,3.552964
16.637655,12.100203,4.799417,5.236185,0.073056,2.243757
4.328019,3.277009,1.542176,0.283913,0.750545,-0.131078
5.414310,3.934704,2.153234,3.552795,-0.024631,0.622549
19.790682,13.683843,7.791952,8.800755,1.263144,3.814550
21.903717,15.079519,14.644839,13.624624,2.385333,3.439770
6.717584,4.777813,1.750967,3.125369,0.263550,1.901485
20.829113,14.378256,19.632896,21.699629,3.916428,7.694080
9.239633,6.684111,2.590764,9.731109,1.598788,1.043970
6.277638,4.391891,1.736728,1.506066,1.027899,0.530449
9.861912,7.053216,4.357769,5.944515,0.844666,0.941960
9.995927,7.307982,3.223909,4.182522,0.295039,1.232842
11.960069,8.301268,3.482844,4.471241,1.281286,0.833398
9.182640,6.311646,2.861926,3.275929,0.527758,1.254699
15.249747,10.836362,3.613005,6.931891,0.884822,1.118254
5.475033,4.264585,2.342519,1.098566,0.463263,-0.441240
4.694098,3.502792,2.212311,1.610847,0.256020,0.120689
7.980691,6.156709,3.441905,7.506938,0.301177,4.460248
17.479610,12.473953,4.774185,4.917646,0.449268,0.452356
26.641344,12.976029,6.986504,7.445066,1.216803,0.775978
11.378591,8.118783,3.705746,6.857818,0.588458,0.988200
10.668118,7.663554,3.690398,3.864801,0.686859,0.379003
29.659756,20.867336,9.640795,10.059720,1.348341,2.873213
19.559105,13.674241,7.646531,9.753595,0.916641,2.553125
9.374173,6.726877,2.882213,2.667601,0.702541,1.297125
6.934062,5.276707,2.340945,5.553817,-0.044349,0.103891
14.583788,10.528551,3.795762,8.695776,0.656320,0.816718
4.385285,3.209664,2.482591,3.408000,0.711223,1.546429
6.444615,4.848220,2.288510,1.690560,0.237062,0.808031
7.552410,5.475645,2.523370,2.040558,0.895206,0.442567
14.110026,10.103173,3.996126,4.711587,1.216016,1.716300
9.095681,6.425671,3.090784,2.567602,0.184720,1.595554
6.699532,5.068738,2.030282,1.721262,0.005343,5.494183
7.625749,5.800193,2.277055,1.304833,-0.303556,0.300930
16.968849,12.195367,4.982243,4.235976,0.597887,0.060374
16.951580,12.337897,4.474833,3.502265,0.930162,1.865026
23.241581,10.666980,9.285418,9.043862,2.258641,4.312143
19.199644,8.725072,7.774605,10.523475,2.144092,4.921772
7.023914,4.902786,2.464619,2.678128,0.418393,-0.101929
12.115575,8.915227,4.982157,5.900300,0.836721,2.283916
12.549321,8.765598,3.643256,6.835835,0.450233,1.058687
22.178087,14.518496,5.461526,11.163001,0.863589,1.356946
7.114552,5.031857,2.279138,3.631264,0.233446,0.727614
8.566053,5.936080,2.818908,4.049481,0.181073,2.102844
21.475910,15.354444,7.479136,11.759873,2.165906,3.222012
13.032218,9.368127,5.188673,6.879787,1.313778,1.528896
8.805926,6.166327,2.962825,5.627478,0.322865,0.556756
10.501003,6.099560,3.352760,6.532679,0.679925,0.873328
7.059885,3.113533,2.747566,4.945917,0.437899,0.703997
13.249588,9.592064,3.505765,3.686837,0.510254,1.084412
13.213552,9.570443,4.047811,3.785798,0.323276,1.194758
21.132727,15.361365,5.796257,8.807970,1.205306,2.125390
12.485744,8.789693,3.699749,5.605480,1.408268,0.304496
5.694090,4.432681,2.277325,2.637430,0.668785,1.536334
13.348094,8.315786,12.971108,16.968962,1.851341,5.850317
8.763999,6.106154,2.094880,3.931336,0.776442,1.063238
7.944955,5.586239,2.771973,-0.147849,0.197856,0.890398
7.746733,5.701696,2.698456,4.356728,0.482538,2.086010
5.772090,4.436164,1.909375,5.907305,0.657110,0.413198
8.752979,6.016591,2.820707,5.877207,0.463004,1.246782
11.808401,8.512286,3.163522,4.718663,0.061162,1.641886
23.776478,17.017630,5.344374,9.787474,1.130890,1.128567
11.301712,8.108295,3.096414,5.777689,0.655781,9.943912
15.038337,11.120854,4.103909,6.162491,0.736292,3.129500
8.142083,5.725336,3.615215,2.366196,0.755724,13.637392
41.701347,16.927315,31.737644,27.691938,4.974173,18.230143
52.940945,17.074430,39.602543,42.570824,6.734034,19.307831
6.132966,4.637765,1.821522,3.419849,1.284992,0.676532
14.359166,10.082802,4.793042,7.619600,1.375389,4.531743
6.734079,4.846027,2.740054,1.554817,0.323121,3.840222
9.395478,6.526043,3.378368,1.131203,0.352862,1.579396
3.789128,2.897656,1.939997,-2.097895,-0.205080,-0.354917
29.653154,20.541769,11.040084,7.554346,1.358694,3.416028
35.438316,21.516872,13.261231,13.097867,1.469078,4.114951
13.212900,8.637384,3.821936,6.058558,0.389173,0.903945
8.525658,5.084911,3.239785,5.741396,0.145523,1.083464
10.966392,5.858641,3.200418,5.611358,1.090158,6.535213
10.022043,6.359712,2.833891,7.906107,0.577647,2.301055
6.323174,4.875448,2.405254,2.416232,0.388174,1.319992
14.154122,10.185574,7.981521,8.066806,1.930572,3.941419
6.595150,4.836450,2.779088,1.736853,0.308474,3.493050
12.990794,9.304359,6.819207,9.363668,1.777377,5.846726
15.568197,11.164614,6.999457,9.042880,1.447202,2.508344
13.265138,7.664742,4.285166,5.490127,0.255547,-0.656036
6.030948,4.592833,2.265918,2.020360,0.421508,-0.222108
5.014895,3.736175,1.992340,-0.193757,-0.111693,0.586548
9.314637,6.752591,2.830033,1.781462,0.214634,1.142803
5.477375,3.900849,2.159240,0.822283,0.516803,1.767261
19.346947,13.843127,5.547600,7.136440,1.636787,0.835636
19.608521,13.455123,6.187790,10.148346,1.428956,7.537013
7.047879,4.851330,2.610772,4.661307,1.235428,0.631431
10.812078,7.570884,3.478263,6.468328,0.830525,0.539990
33.404598,14.096395,9.825460,11.638561,1.502204,2.409399
25.144558,16.858400,26.143673,34.802036,4.777569,6.655395
12.284151,9.058424,3.860914,3.952312,0.959055,1.292285
5.013667,4.000446,1.899364,0.694804,0.362777,0.226690
10.594149,7.639801,4.251788,2.779240,0.539184,0.406476
9.144461,6.366358,5.597848,7.418396,1.315920,1.478795
15.890149,11.802897,4.591449,5.941217,0.299097,1.935727
45.791592,24.762754,24.238905,37.347832,5.001132,6.260794
28.316441,12.581023,13.022829,23.571934,2.712587,3.456238
10.432104,7.516584,3.645824,1.984918,0.140138,1.117556
10.168998,7.772830,3.329948,4.153177,0.445645,1.087808
5.544430,4.037570,2.981728,6.641383,0.762194,1.239329
12.861320,9.279455,3.491482,5.447905,1.038255,1.477025
3.939964,3.042614,1.768230,2.590630,0.722281,1.215866
12.691480,9.041279,4.988864,6.442297,0.423173,0.313650
7.328436,5.048977,3.108395,3.990639,0.576060,0.468516
41.701809,19.919226,13.771357,22.714073,2.467377,7.264668
49.519192,19.356924,25.779133,36.223686,4.647817,8.791694
24.627613,11.288322,19.466015,30.454630,3.638188,4.721835
10.721147,7.816394,3.230115,3.573436,0.324900,2.471776
14.750411,10.595945,4.498098,5.718511,0.421624,1.285558
40.560162,22.814247,16.692631,19.441540,2.365646,8.139703
50.209507,21.477869,20.668371,22.789295,2.739186,7.291941
45.827930,18.484333,21.080143,26.630545,2.615693,6.075579
11.566360,8.763530,4.222578,8.259719,0.338040,0.617448
5.722051,4.264640,2.203646,-0.320092,0.436026,0.291745
34.911686,14.364964,18.576088,21.633129,3.701352,7.146573
32.157940,12.640067,16.759733,22.407846,3.166621,4.908783
5.097757,3.492010,1.861027,1.546467,0.230370,-0.216427
14.727032,10.375592,3.845657,4.499584,0.274417,0.578949
50.414104,30.450344,19.024315,27.122995,3.494715,6.978862
14.964496,10.325579,5.876068,9.722388,0.969289,1.032071
67.725525,30.009720,82.959167,111.352821,13.761407,23.612457
27.264578,10.688873,6.538080,9.153456,0.950347,4.646954
52.423660,29.439075,17.510490,22.321014,2.157744,8.131914
4.400121,3.084725,1.882152,0.741810,0.297911,4.876216
14.255317,10.165178,4.294039,6.152143,0.360836,3.927030
29.208891,19.468206,10.524325,12.863951,1.856817,2.129939
13.015093,9.643233,3.971642,4.294216,0.477219,1.913184
8.665287,6.703894,3.127624,2.915588,0.322436,2.591911
17.755310,12.341982,5.527924,5.893765,0.940312,1.755468
7.501673,5.106693,2.188471,1.437459,0.821706,0.346102
8.892433,6.196642,2.582011,6.431322,1.299885,0.092422
9.046086,6.699925,3.137653,1.378883,0.631240,1.064415
4.268984,3.171806,1.801895,3.473926,0.604503,2.508842
5.725034,4.328455,1.821100,2.231735,0.000887,-0.144891
11.736214,8.520004,3.625789,4.535523,1.125992,1.505015
100.287422,35.915249,55.863533,74.066879,9.964941,21.391369
97.200706,35.785091,54.676586,75.972656,10.298755,18.778606
31.962563,20.678932,23.556137,36.128345,6.145156,31.382267
8.805788,6.137853,3.025674,3.689105,0.513526,1.890342
6.243208,4.286027,2.130936,1.349154,0.452202,0.181213
4.949074,3.668131,2.352011,1.050758,-0.075614,0.484294
11.961896,8.175194,5.197753,4.131795,-0.059443,1.484246
15.255528,11.016820,3.561341,4.092667,0.330081,2.114793
5.248951,3.910663,1.811477,3.811945,-0.440146,0.493143
4.621166,3.474121,1.839448,3.290857,-0.315322,0.655132
5.711389,4.328176,1.977076,2.263850,0.199081,-0.716894
22.968899,15.196202,10.853070,13.735630,2.219999,2.696498
36.041252,22.974337,10.647735,14.047555,2.849767,4.290685
23.764898,14.187405,13.962047,25.098259,3.484454,4.554912
9.800479,7.361017,4.878607,4.520848,0.530367,7.611608
40.261612,19.034115,13.067379,19.624033,2.891490,2.724792
38.891098,18.985966,12.969319,19.958677,2.602234,2.327043
19.548681,14.401205,5.767236,5.163943,0.951693,1.799967
8.978168,6.598527,3.296420,3.211704,0.159536,0.708054
18.626535,8.687925,5.218929,7.762952,1.802738,1.014023
15.246094,6.477813,4.878653,8.747471,1.295965,2.194404
11.863349,8.610616,7.028917,10.173489,2.060335,10.010954
22.480717,15.507654,6.781992,10.371200,1.044612,3.400844
8.838607,6.961854,2.068863,5.889086,0.450582,-0.039851
16.615463,6.571102,8.428159,6.934607,1.861860,5.929085
24.926624,15.620476,23.183258,25.371796,4.712782,9.797441
8.550696,6.501135,3.124949,1.825783,0.222966,1.053794
15.436093,11.299239,4.184916,7.686866,0.664177,0.549178
6.867408,4.971322,2.243176,3.198246,0.586166,1.775421
24.526161,18.148958,7.453349,11.029639,2.008944,7.933806
59.671688,29.630354,56.390213,72.339996,9.547540,13.938365
10.917574,7.562269,4.222314,13.120588,1.842836,4.024829
60.383945,33.911560,66.064705,98.712067,13.204420,43.036617
115.781471,39.452568,67.313835,109.339218,14.071147,21.712793
35.158852,16.432756,15.082721,27.257816,4.854994,7.692759
49.872002,16.348843,33.048073,40.333031,7.631003,12.830050
100.594040,31.811275,122.473854,170.363861,23.458128,35.971489
71.891182,27.546579,53.605968,102.567932,12.775599,24.320732
177.590988,51.901997,237.828033,314.423981,44.113415,82.782829
241.988922,65.609856,248.130997,341.926025,47.313190,103.642418
201.187927,57.344105,343.388519,428.764191,58.572792,85.441429
231.835464,54.334511,412.935364,543.792236,67.004990,97.143387
174.041336,42.633312,219.277832,265.687927,37.031353,58.390152
204.854141,62.083359,262.274292,352.782104,45.691830,79.639557
152.889130,47.764328,151.526505,216.995911,28.101734,45.496639
138.893250,55.665623,155.077469,214.343552,26.308407,43.937252
27.526632,12.652459,40.830051,78.044807,11.395178,30.510969
28.765999,18.435699,14.214432,41.801689,6.054404,8.483551
26.816191,16.632029,19.411556,41.043491,6.056027,14.406138
144.667282,47.564209,279.581848,413.430573,63.433468,164.051956
83.331955,35.270084,69.560760,153.855850,24.874153,75.451828
66.163658,36.561024,42.123894,72.524590,9.341058,11.213189
58.395359,22.364822,39.341961,69.212852,9.999061,12.699715
48.247093,15.311771,96.330093,147.257248,22.100941,28.804970
69.519363,22.758398,76.987396,148.981308,20.110674,22.822174
107.537125,30.579321,62.188946,121.883377,14.585750,21.917183
12.748614,9.067711,3.385339,6.069704,1.006584,0.695378
6.097960,4.520923,4.919937,4.487388,1.472954,2.068941
12.675783,9.380525,3.393773,5.800038,0.575697,0.773723
4.282142,3.313595,1.406084,3.786524,0.536288,0.142214
8.325448,5.768494,2.975072,1.550267,0.496011,0.443166
17.325783,12.317986,5.738030,11.793415,1.106329,1.112572
6.946424,5.055459,1.888795,6.713236,0.145245,0.042967
5.251259,3.887866,2.100473,1.545442,0.694271,1.102222
13.815307,9.952487,4.017594,6.740451,1.107305,6.403671
11.183333,7.965423,3.689989,6.574992,0.416698,1.819661
7.083249,5.171203,2.143522,3.631030,0.596726,-0.260363
11.623137,8.302617,3.408806,2.669001,0.505661,0.959282
7.543883,5.564672,2.475198,3.319137,0.876962,2.385664
54.846436,25.399202,20.480995,24.280426,3.395394,9.922045
6.658269,4.987562,2.617034,5.734129,0.084947,1.107932
8.937976,6.653166,2.869262,1.504301,0.072092,2.677300
5.515006,4.427886,2.280474,3.869415,0.606639,0.921028
4.166737,3.151829,1.506337,3.822950,0.265198,0.559127
8.403877,5.962463,2.474824,2.884693,0.476271,-0.024178
9.358872,6.532878,2.687809,3.838151,1.159610,2.586558
14.206224,10.259955,4.680122,21.122585,3.035026,3.454810
111.249672,37.640533,201.787033,284.482269,38.512035,70.177254
82.897926,32.141567,128.251846,203.560669,24.903873,37.184036
28.824495,14.698748,26.581570,40.335411,6.481499,19.299177
71.783424,26.531446,107.786224,152.954742,23.448435,52.417183
92.761032,40.189514,120.355438,202.555023,27.764219,49.158627
125.031487,42.334988,256.879974,463.750214,104.314926,366.186401
53.273129,25.459921,54.102615,86.416237,13.489172,19.148922
119.137199,37.308071,179.165955,240.338257,39.756306,86.564468
111.764023,37.428658,208.560944,298.593201,42.753777,90.138206
104.595810,38.337116,175.890762,231.149460,29.224812,50.466640
142.994385,49.901459,198.111664,275.657623,35.260983,50.253525
160.153732,51.634602,208.946854,304.601196,41.846195,70.575722
174.378220,51.576736,202.349014,296.602295,38.784378,66.857010
60.081032,23.980764,53.235645,103.802567,11.975041,20.759659
89.114235,28.125143,257.861023,346.185791,44.117279,73.663124
55.261654,19.530657,54.855183,108.399673,14.264954,23.745144
48.135941,24.622463,30.146677,56.525684,9.431351,33.937809
57.584633,19.954607,69.964653,119.215477,14.589005,33.809742
66.288651,19.826910,71.106766,125.347855,14.113415,30.689022
82.830200,46.961334,119.556908,158.720840,20.116533,32.064522
24.667553,15.547016,23.178009,45.954094,5.894077,11.743060
45.867264,22.249563,31.179977,59.115303,9.274130,29.769831
99.024544,40.337189,76.108543,98.885742,15.938487,23.033392
93.554863,42.448421,80.580101,114.315910,15.665589,19.281221
53.119431,27.840811,40.719715,79.687317,10.271009,10.995522
24.331955,10.262041,19.129858,52.869171,5.527452,4.947535
48.761459,26.970510,39.945221,71.558266,9.222551,9.020727
16.912029,12.184239,5.804051,16.933743,2.250142,2.515032
47.008926,25.104197,70.295044,105.099846,12.798463,21.193998
43.077610,25.730064,29.104197,45.652935,5.835107,9.440432
4.596287,3.452076,2.053213,7.405568,1.802449,0.604571
8.371656,6.091469,1.956905,8.711372,0.812640,2.911788
4.796401,3.740286,1.762975,0.699841,0.441130,0.897426
7.593284,5.600765,2.373446,3.910260,-0.470562,0.877102
8.443287,6.281416,5.004819,5.987281,1.072785,1.968119
6.354839,4.650841,4.851822,5.939355,0.590847,0.300966
10.329105,7.225313,3.399544,4.253927,0.545542,0.505462
14.191150,10.195600,5.183283,3.788029,-0.116719,1.484806
9.963393,7.232635,3.352050,5.664024,0.067059,0.668011
6.603807,4.837720,2.142113,2.757589,0.516538,0.686206
6.604457,4.735427,2.420482,2.856106,0.969838,0.005929
19.564009,13.955096,5.008778,11.317768,0.808991,1.532749
23.271463,15.831005,7.516149,15.081032,2.562280,18.817648
15.839387,11.590785,3.979968,6.694340,1.227188,1.969924
4.354063,3.264743,1.818365,1.859681,0.096309,-0.654083
18.240770,13.174170,4.210033,6.796595,1.137177,2.053925
24.383080,17.092722,10.329723,15.529606,0.946655,11.985204
10.698666,7.859586,2.993211,6.937150,0.384063,1.837685
8.763359,6.595544,2.667733,1.813746,0.166294,-0.065656
6.944595,4.827597,2.654319,1.855632,0.482544,0.624638
12.374940,8.909198,2.706009,6.422190,0.619987,0.365177
18.044086,13.214787,5.142317,10.300858,1.041292,2.621429
4.676456,3.312939,1.559309,2.610328,-0.154751,0.141570
21.278002,15.309466,8.513249,11.514421,1.337057,4.030523
6.661987,4.620791,2.478238,2.454015,0.362206,0.444115
39.085976,25.309616,20.755379,32.395279,5.094237,7.062027
9.692893,6.606568,2.731249,5.271951,0.365189,2.032128
21.043562,15.159436,4.891432,10.017760,0.634089,1.690466
11.242744,8.323651,3.974690,5.353061,0.617364,1.185510
10.900114,7.893817,3.263396,4.523784,0.601672,4.742767
5.683127,4.204515,1.702454,4.472070,0.857437,0.377042
13.592845,9.422323,12.366547,16.437437,2.622130,10.357697
18.348295,12.989882,5.479019,3.278958,0.974832,3.064367
5.414449,4.104713,3.464008,3.437594,0.206581,2.429841
43.866722,18.835018,17.759441,27.316736,4.213366,5.616191
47.977406,24.244171,18.681496,35.009708,4.620779,6.656836
7.402973,5.245861,2.307033,4.925925,0.326013,0.917634
14.755778,10.308101,15.400549,12.014401,1.467275,2.099296
5.835500,4.149945,1.850255,3.776753,0.994725,0.797312
4.788141,3.519624,1.659947,1.256694,0.582055,0.447775
6.990582,4.790842,2.664839,1.406576,1.319481,-0.445680
8.910262,6.410515,2.509290,3.330742,0.793428,1.172563
20.136129,14.743835,5.542806,7.949889,1.316607,1.515604
5.723691,3.983446,2.204674,2.216329,0.166155,3.736703
14.004887,9.970616,4.570278,8.006713,0.863721,2.229632
12.467484,7.253874,3.281315,2.763861,0.043423,0.172893
33.468140,22.715961,9.264226,8.781445,1.612545,6.450049
16.443344,11.607970,4.273425,6.191974,1.484364,2.307935
11.473578,8.620461,3.008262,6.576938,1.309208,5.291943
8.284911,5.425212,2.568657,3.226617,0.639244,2.214367
17.727392,12.665462,3.679034,6.564034,0.777331,0.266506
12.546050,8.860470,5.029358,7.489048,0.486064,2.250700
14.512733,10.632109,3.242894,4.548962,0.838199,1.146994
25.676489,18.216602,8.359487,5.820977,1.560018,3.426682
21.833210,15.827116,5.565227,10.172619,2.295745,0.964504
25.289621,13.964546,6.738383,11.863597,1.425834,3.506310
36.655460,21.741083,17.164185,26.581804,3.107192,4.104067
56.209858,33.145947,16.425419,23.144041,4.509096,20.530243
18.427280,10.610838,8.967322,19.744503,3.290262,5.979274
15.100972,10.478716,5.204006,11.350794,2.404492,5.142058
19.606754,10.473156,9.994540,16.467995,1.754997,3.436665
5.659770,4.199535,2.198507,2.940161,0.327604,0.579613
9.892631,7.386510,4.329494,5.824103,1.236813,1.357718
17.288481,12.265821,5.764678,8.321596,1.229635,1.658061
14.508983,9.697171,5.714302,6.429089,0.928649,1.635210
27.379742,18.713999,7.933208,9.253443,1.219661,2.525983
28.023134,13.240712,7.953703,12.808694,1.523667,1.679577
8.883843,6.191560,3.381191,5.736516,0.708315,1.348342
14.089894,10.631137,4.533112,5.671297,0.321894,1.476956
11.414155,8.421425,6.039953,9.965681,1.117326,0.907852
6.494391,4.615967,2.012203,1.692381,0.770004,1.240926
9.438390,6.564769,2.618873,4.621283,1.144777,0.653222
46.775803,32.002098,10.901395,16.707439,1.600693,2.594115
10.956497,7.621052,3.443801,6.373577,0.623775,1.045869
23.825006,15.673924,35.308380,59.715221,9.535137,23.376768
4.376374,3.231929,1.732681,3.811074,1.015349,-0.499581
25.262468,17.319365,8.311719,10.223365,0.768760,2.062902
10.273887,7.679113,3.680652,3.210375,0.680886,0.460388
10.736932,7.429154,3.095356,4.830807,0.462323,1.564079
7.592965,5.364363,2.378980,4.653917,0.334584,1.307029
4.610763,3.684468,1.602505,1.701328,1.210589,0.491326
19.318916,14.241666,7.744780,6.030423,1.260596,7.360625
41.859970,26.185375,30.287458,38.056625,5.791543,15.639041
39.398083,18.754156,14.076682,16.031660,3.115623,3.964313
46.970112,22.163010,19.884212,30.320362,4.713162,4.135206
5.206098,3.851679,1.933947,2.351970,0.647317,0.805734
9.793579,7.232754,3.352159,5.118036,1.050339,3.165278
28.540400,19.407116,18.443760,19.602135,2.401363,2.830208
16.493963,11.594683,4.648452,6.358359,0.720384,1.908719
14.154729,10.477111,4.571795,5.465824,1.120220,1.016945
8.275425,5.592784,2.379308,3.797015,0.365349,0.474983
14.493868,10.634277,3.980096,5.070900,0.438718,0.044805
13.770964,9.348194,4.414408,8.862145,0.454963,1.768272
5.990676,4.253252,2.693558,3.175926,0.734696,0.060443
8.423411,5.907525,2.373202,2.873087,0.084084,-0.099340
9.256833,6.489637,2.900417,4.565896,0.279884,0.818234
11.909504,8.234679,3.270873,6.636752,0.274134,0.027755
17.305401,12.106092,4.361691,8.733470,1.180868,0.560517
4.656675,3.421236,1.423706,3.627479,0.235519,1.100287
4.050557,2.973505,1.397645,2.436179,0.519165,-0.247512
5.509657,3.920499,1.727478,1.897838,0.545685,-0.150756
15.318612,10.870926,4.336868,5.181902,1.692374,11.712075
7.762781,5.776193,3.499867,5.449938,0.548762,0.770928
18.218214,13.470345,4.599856,6.847367,0.451962,2.680845
15.414105,10.989376,3.879075,8.600165,1.426553,1.335556
6.336925,4.427823,1.692023,3.604740,0.700237,1.126507
11.117048,7.874513,3.895162,3.607286,1.268112,0.682620
8.683189,5.968577,4.826993,7.517369,1.173386,2.981124
6.795856,5.026552,2.614737,6.741228,0.603328,0.620996
27.746880,18.974541,8.062550,6.920528,1.015086,1.181090
12.385842,9.049663,12.285360,17.661486,2.671817,17.848557
16.922573,12.249970,6.353570,7.340766,1.124780,0.542476
18.032381,12.835254,4.465237,4.770931,0.723812,1.595753
5.415017,4.062091,2.069607,2.150000,-0.264581,1.504994
6.092844,4.361617,2.209051,2.504056,-0.129726,1.722072
14.149527,10.183820,3.973602,1.783097,0.892401,2.856425
16.771851,12.079108,5.314582,3.951894,1.757620,1.954412
23.561403,13.772366,5.857440,7.893406,1.083041,2.439014
25.949368,16.360994,7.672250,10.152765,2.636736,11.782484
16.102552,11.600726,4.511029,2.469598,0.825360,0.797959
5.127698,3.843075,1.823976,3.658278,0.170693,-0.251532
10.474381,7.352304,3.574288,4.767190,0.363413,0.202448
12.631963,9.064972,3.209000,3.881384,0.464470,1.855097
3.937488,3.143042,1.815963,3.040736,0.508303,0.271581
14.729207,10.777995,5.011218,5.488883,0.462571,0.806656
12.479949,8.918338,3.396379,7.683006,1.138947,1.961549
21.431267,15.471832,5.928877,9.909708,1.398354,1.944745
8.325453,6.033757,2.583618,4.432897,-0.400219,-0.253108
9.080448,6.782758,3.128001,2.855274,-0.330795,0.809517
20.815035,15.132270,7.162763,11.581196,0.878240,3.752935
24.545420,16.018789,15.887901,25.338717,3.890701,18.006527
9.727031,7.073659,3.043365,5.239633,1.168648,0.901194
4.723183,3.102662,7.304915,10.084066,1.351905,2.678410
7.724023,5.749563,2.678043,3.068527,0.086137,1.920347
14.671976,10.810714,4.333429,6.423036,0.823101,0.730576
13.095213,9.675363,3.786222,5.547221,0.754417,1.135556
12.719090,8.978568,4.971097,12.441756,1.068374,2.042691
4.691618,3.657435,1.656105,1.506949,0.240920,-0.234945
6.607928,4.887959,1.789741,2.994766,1.172017,-0.473300
7.394426,5.357357,2.790464,2.982242,0.360050,0.492817
6.592194,4.638604,2.414899,2.704379,0.476981,1.555477
22.222189,15.513386,6.704327,8.810078,0.910617,1.245518
15.804074,11.507643,4.407059,8.404926,0.949783,2.491675
33.614445,23.236160,9.907230,8.748157,1.361129,4.387931
4.876244,3.617215,1.640144,0.554448,-0.011986,1.945682
66.664391,29.928719,79.956505,121.620819,14.193225,20.888161
7.658710,5.461026,2.848948,2.532171,0.202628,1.498092
8.383407,6.104822,6.493207,9.907918,1.866377,3.371591
6.953800,4.693397,2.441264,4.435242,0.700327,-0.308557
4.292836,3.444892,1.970744,2.650929,0.408679,0.642086
5.668833,4.206713,2.201499,4.716461,0.347376,1.725135
7.813457,5.878061,2.528411,6.724216,-0.159462,0.243379
4.170984,3.189541,1.695687,0.261859,0.944875,-0.394867
16.132387,11.470780,4.923934,11.533792,0.746203,1.129429
16.467449,11.362936,4.469385,4.982534,1.105586,1.202552
16.547356,11.630814,4.199235,4.362604,1.041145,0.314811
4.752776,3.544103,3.264712,4.387603,0.555418,4.241718
6.800963,5.031086,2.729409,2.352340,0.800406,1.057582
6.289899,4.501099,2.171896,2.943160,-0.271805,0.862246
12.815220,5.846266,4.129955,8.134474,0.769045,9.292310
11.850002,5.877867,4.218007,6.772640,0.871355,7.855855
9.154086,6.387982,2.844835,5.651277,1.394349,2.174537
9.778499,6.890015,2.700389,6.341265,0.585338,0.899860
6.084429,4.479045,1.923029,6.163905,0.524740,1.920750
5.338947,3.982880,1.997470,5.672972,0.920090,1.356648
73.395065,40.330261,64.788757,75.624695,13.154371,83.025681
67.161629,25.675514,37.199417,58.498318,9.434261,26.482521
43.015396,19.178539,30.693151,49.094585,8.615493,17.289328
5.322657,4.183093,1.907136,12.496035,2.296864,1.836505
104.440231,42.112785,242.060013,298.754456,40.757504,95.786339
155.843597,57.558239,192.231903,292.790924,41.069527,67.794662
145.208664,51.827717,309.760162,406.368835,54.637383,175.886230
99.570030,44.352413,171.967712,225.207993,29.903793,57.632095
89.737663,22.272629,92.728577,147.884232,22.102016,29.116453
94.789963,24.242382,107.279556,161.404205,22.591917,36.682518
125.468460,50.653053,121.959816,182.326111,24.158607,50.568069
151.594864,52.821430,158.271713,232.385452,31.486645,67.033417
169.393585,63.217087,184.006485,291.029510,37.636253,56.210960
7.995623,4.603437,3.075632,32.485397,5.099623,3.484453
91.346977,37.032932,149.829254,206.243347,32.248089,112.336517
124.203789,34.833828,112.063156,182.209412,27.585857,66.141937
94.130959,34.822433,81.492058,138.492371,21.577993,38.903385
55.551529,21.997698,23.268270,44.379280,5.890564,11.950830
122.002960,43.795609,97.441734,160.924301,25.239283,64.554092
30.157316,17.934732,23.500784,58.905872,8.352223,7.662591
36.490242,19.001099,23.210876,54.608681,7.999240,13.456770
58.673599,32.803997,35.733852,66.030098,9.871960,32.686401
58.333714,25.047016,70.298790,112.614517,16.395100,78.965118
117.006439,43.539345,95.913292,130.634293,16.645697,26.570663
16.621054,6.342014,9.894294,36.290325,4.275119,2.544969
4.387758,3.196479,2.863418,9.836543,1.903564,0.877801
15.049669,10.371692,7.407926,15.706610,2.221341,2.139771
11.105905,7.868622,3.455581,10.465155,1.479718,2.297747
22.526562,14.832971,12.665158,18.788227,3.941285,4.451721
13.732069,9.603015,3.237523,5.719748,0.797731,1.042967
7.424490,5.170518,3.104553,5.393275,1.233453,1.771516
10.958926,7.909317,3.885516,9.151142,1.093333,1.279591
7.444139,5.668681,2.939962,1.642308,1.520591,5.827991
11.702726,8.931363,4.353089,2.927557,0.228002,2.034642
19.998896,13.962286,5.544818,8.042161,1.484397,1.106140
16.240805,11.020680,4.835513,4.227578,1.029742,0.236157
12.113009,8.634000,3.148406,2.426816,1.160043,2.100791
39.506355,23.964628,24.605513,38.794292,5.118193,9.702760
8.727212,6.057254,2.245111,6.996408,0.813971,0.927873
15.140207,10.914804,4.078713,26.466267,11.084813,40.639946
21.495333,15.596872,7.268465,13.794085,2.226281,1.792324
12.039271,8.493268,3.534341,6.285737,1.222342,2.796741
18.417793,13.492276,10.027327,12.739156,1.564217,2.620797
7.857698,5.565062,3.649302,7.238042,1.339212,0.416817
8.970215,6.208666,16.867764,13.993322,2.163709,6.570453
14.207122,10.238584,4.628057,6.948420,0.744905,3.362184
8.554040,5.995253,2.373188,0.396688,0.347167,-0.150620
11.812623,8.357750,3.210655,4.766109,0.682857,0.382965
34.306469,22.673780,11.343141,14.309503,2.546312,11.908391
11.863008,8.278999,5.106677,6.141159,0.203858,14.613100
5.076738,4.033972,1.529534,2.299517,0.171689,0.492011
16.079792,11.462256,5.221090,8.957954,0.462227,1.910375
12.560300,9.037104,3.536957,6.228168,0.793348,1.636984
12.825012,9.130043,3.411347,7.525656,1.714231,2.005632
14.265710,10.276961,8.934860,10.535421,1.597276,4.199098
32.065178,21.470821,8.506968,13.834020,2.083284,2.071246
9.604568,6.962265,3.115393,2.885186,0.511183,0.639438
3.959566,3.134430,2.112733,4.677362,0.408333,4.873269
34.137703,24.151604,9.414604,12.540648,3.186072,8.802706
17.256016,11.961884,4.958785,8.039894,0.656673,2.190393
6.801464,4.758655,2.366804,2.209819,0.432156,2.618720
6.534534,4.672825,3.216954,5.558451,0.952866,1.972348
14.979677,10.560062,4.122720,7.446369,1.476938,2.390855
8.932166,5.911130,8.114389,10.455901,2.252942,5.892326
14.472807,9.975550,4.113043,5.612973,0.448734,0.808787
23.331869,16.105303,9.799775,16.401501,2.034078,1.350999
18.212667,12.978715,5.278421,8.248237,1.624930,1.635485
51.545746,28.604113,17.122259,26.708391,3.427744,8.196029
11.223958,7.185315,5.153597,4.767016,0.749570,1.625013
25.702662,18.814350,8.343534,11.505885,1.493537,5.078887
13.331190,9.285246,3.293062,6.300554,0.647305,0.697812
41.473324,25.199686,29.762228,33.102551,5.549567,7.796607
5.939997,4.594773,2.279727,6.153536,1.205683,1.251345
15.438548,10.881956,3.741972,3.546569,0.304983,2.218999
65.254616,34.503223,54.798431,77.247063,10.442186,22.587702
35.785557,20.869329,40.908344,64.673912,9.019534,8.672838
19.559177,14.264343,10.061782,19.065052,2.984943,3.120840
22.472143,10.567562,11.915368,13.901844,3.089326,13.541242
16.253111,8.068162,8.738894,14.552849,2.448887,5.656446
11.943071,8.380003,3.355014,7.290318,1.199300,1.765516
8.620578,6.417386,2.786337,1.952119,0.394014,2.061421
11.537129,7.934067,3.298379,7.085562,1.175679,4.768295
7.136361,5.046459,4.036007,7.844329,1.483692,5.987939
6.872497,5.192016,1.947942,3.620748,0.640634,1.421991
8.489181,6.350944,2.733147,4.046985,-0.217095,0.669370
47.808563,30.408030,22.156919,32.601036,4.617299,6.495904
5.021164,3.616672,2.004219,2.059222,1.001468,-0.031612
11.038729,8.152308,3.407553,6.487381,0.633836,3.260712
8.818193,6.043128,2.867422,1.469994,0.519163,1.591467
5.648570,4.209302,2.069164,3.320603,0.143770,0.656978
7.999074,5.400249,2.535532,5.181501,1.206714,1.995881
30.320467,21.101515,7.133412,9.828647,0.711081,3.193176
11.436516,8.030564,2.776973,6.100907,0.678103,2.082142
18.847511,13.440452,4.449572,6.704210,0.564774,1.149827
38.609390,24.711287,38.445366,59.348705,8.587604,9.984601
32.756371,22.577232,14.186378,19.568760,2.081245,7.162241
26.717064,17.783463,5.709375,12.141012,1.010879,1.267606
19.471197,14.002167,4.413075,9.599708,1.422307,1.020932
4.794391,3.305790,1.716425,3.108757,0.139800,1.688617
9.193601,6.482245,3.011460,5.843339,0.642683,1.215595
14.307504,10.542573,4.863222,7.029186,1.060870,1.008487
6.014904,4.313771,1.941170,3.348369,-0.193530,0.995672
10.756255,7.715745,4.013628,4.526482,1.269254,0.090151
13.042429,9.371758,4.894456,7.791409,0.961340,3.023475
5.076761,4.061046,1.175551,2.352421,0.483804,0.237108
5.791256,4.196257,1.780520,2.128208,0.825659,0.592834
4.412572,3.027496,1.461545,1.888166,0.089714,0.679978
13.034202,9.571845,3.393801,7.217059,0.635204,1.135885
9.872622,7.236856,3.115871,2.677486,1.059585,1.422197
5.172711,4.122492,1.560973,2.389778,0.811148,1.579529
4.623825,3.543241,1.932486,4.309072,0.153459,1.007490
47.225807,31.990070,18.687935,25.709452,2.801350,4.406348
10.696134,7.538680,3.823773,8.380800,0.624053,2.053690
25.138899,12.056285,8.145260,10.959961,1.528221,1.998025
21.954363,12.089725,7.707625,10.055303,1.314422,2.857147
12.961943,9.257656,4.375171,6.200269,1.072384,1.650923
10.071357,7.095943,3.475887,5.186489,0.815371,-0.461166
11.072840,8.216442,3.009495,4.577295,0.789059,2.172351
12.278300,8.149880,7.349251,8.230080,1.843990,7.161504
14.562081,6.945463,5.327857,7.258821,0.290003,-0.004884
4.865554,3.233180,1.566390,2.641960,-0.021929,0.501934
16.954290,11.881331,3.464855,8.136707,0.840695,1.976472
23.135582,15.874062,18.948072,21.131193,3.403346,7.327604
4.316836,3.144290,1.698867,1.501503,0.432256,2.095747
9.509171,6.618400,3.526101,6.116980,1.543478,1.047994
19.818192,14.285732,7.009983,8.025970,0.936494,5.196069
14.911232,10.179859,4.450869,5.305507,1.365945,2.573730
9.031664,6.347414,2.863352,5.486515,0.854495,10.932179
6.881450,4.760693,3.339369,2.769111,0.498458,1.350648
10.915824,6.851149,3.897491,7.257080,2.032550,9.215998
5.741113,3.516653,2.419481,5.629172,1.037085,1.272108
21.010786,14.739371,5.411552,3.906540,0.979839,1.849576
4.680170,3.676043,1.539790,1.697670,0.765775,0.574466
9.350514,6.699899,3.022898,8.293790,0.579277,1.589663
13.490251,9.639313,3.805801,5.119150,0.615651,2.319250
5.555471,3.685764,1.719457,2.507425,0.920194,1.839257
24.231251,10.994528,6.848624,9.952544,1.630207,1.608072
12.335363,8.715635,8.452773,12.972798,1.118118,2.595906
10.338183,7.192273,2.977762,4.575608,0.328656,1.086724
15.478532,11.090544,6.156122,8.030792,1.349739,-0.376981
15.935165,10.934661,4.487678,7.737244,1.055712,1.861588
8.709924,6.392227,3.750547,8.282791,1.252489,0.528300
3.544001,3.061013,1.514149,4.252651,0.207777,-0.520831
38.681362,18.038193,15.154655,20.372192,4.164081,6.251275
50.834351,27.400274,23.333113,32.227394,4.595109,7.582951
8.440971,6.102095,3.136625,3.938006,0.268624,1.052347
8.833003,6.640984,3.632363,7.339736,0.344454,1.181684
5.561339,4.050698,2.150586,2.844407,0.370489,0.418026
8.552261,6.387933,4.077634,5.927888,0.404674,1.261394
5.465861,3.925959,1.878068,3.350975,0.963194,1.031368
18.534100,12.805312,12.635392,15.181247,2.652076,2.534507
15.305442,10.820515,5.261350,7.907218,0.810418,2.477385
4.236414,3.190205,1.472772,0.693725,0.741801,1.190025
7.513081,5.567875,2.150333,2.760320,0.058979,0.838696
6.758976,4.958020,1.987933,1.915657,0.568530,0.991995
6.265954,4.234129,2.685523,3.275083,0.275964,0.433340
34.313038,22.194479,17.617521,16.773085,2.273097,3.566175
4.282467,3.032373,1.800634,3.702598,0.286143,2.092013
6.330643,4.356591,2.633096,2.138297,0.169272,1.786628
11.452016,8.273346,3.537877,2.841265,0.685769,2.846861
9.517610,6.687354,2.809425,10.142296,-0.050574,-0.357385
6.709213,4.511883,3.282906,3.799201,0.494353,0.292378
10.127558,7.387926,3.203345,4.112493,0.778868,3.784739
4.546095,3.164931,1.734810,0.414047,0.055488,0.192944
12.925680,9.340512,4.478045,3.207588,0.454806,1.640188
8.784392,6.374701,1.916581,2.625214,0.954170,0.332421
9.279594,6.935176,2.986038,4.048635,-0.545308,2.428306
10.356082,7.593806,3.379875,5.756321,0.232859,1.522382
9.025361,6.384435,3.316984,3.962876,0.157146,1.305995
4.116486,3.117954,1.884403,0.081500,0.636392,0.182286
10.027531,7.452587,2.573980,6.449003,0.910521,1.220153
7.413075,5.578560,2.819033,2.573187,1.251541,1.793867
9.002859,6.424819,2.481688,0.935782,0.517911,-0.324309
18.777925,13.263273,6.597499,8.452944,1.168471,11.772390
14.298765,10.031357,4.346705,6.896056,0.701226,1.676001
11.590375,8.378918,4.013565,1.424930,1.030643,2.244718
5.253730,3.516530,3.626288,4.677565,0.998098,1.909563
5.462625,4.265156,1.728658,0.169430,0.589276,0.571344
10.288887,7.500924,2.643383,5.127486,0.190488,0.931618
20.234753,14.302644,5.541428,4.216558,0.899773,5.311028
23.452356,16.889473,11.256427,12.949069,2.835760,28.010330
6.644949,4.684678,2.405100,2.573647,0.408624,0.688762
4.741692,3.520136,1.955304,0.890505,0.298601,0.580225
8.814894,6.154352,2.849074,0.669399,0.648024,2.255502
7.607403,5.395300,3.346989,11.080192,0.671830,0.620959
6.523126,4.650386,2.423461,-0.444440,0.921695,2.165665
13.993876,10.078846,5.998567,8.675735,0.833879,3.337190
7.875920,5.799580,2.641567,2.868596,0.306547,0.688864
23.538532,16.198582,10.859946,20.913567,2.171210,5.969307
17.937096,12.798513,5.598295,3.656569,0.716485,1.774111
22.892069,15.935203,6.927565,7.906476,1.694078,0.356243
9.423848,6.501987,2.886191,1.304195,0.219305,1.555765
9.461149,6.866571,2.620555,5.378394,0.719076,0.233555
20.345510,14.182419,6.166466,5.203063,-0.097950,2.358440
13.633916,7.466682,4.630554,5.772607,0.939727,0.484869
5.880955,4.231581,1.931155,1.842198,0.492023,-0.577880
9.370453,6.673073,2.238298,7.883576,0.274946,0.192804
21.068642,15.381196,8.423218,8.584497,1.042562,3.073898
23.562090,15.515331,17.142998,43.140774,10.269970,37.614689
9.384924,6.695590,2.578990,2.199898,0.188927,1.539772
12.833329,9.084743,3.603144,6.900798,0.965068,1.210107
8.746536,6.583377,6.150638,8.364182,1.473065,1.553316
16.054611,11.844732,6.403053,4.723015,0.952279,0.311016
12.699931,9.002878,3.789610,2.671051,-0.121282,0.123059
19.321054,13.360500,8.587078,8.142533,0.841387,1.569308
18.385269,12.913449,5.184700,5.667281,1.131850,1.709359
5.509648,4.422139,1.786577,3.528982,0.497966,3.130835
8.178467,5.964525,6.051610,7.900015,0.508595,1.409834
9.418633,7.047476,2.797204,2.707824,0.342995,0.663786
20.806980,8.369490,17.492298,18.598389,3.157261,3.456767
18.463089,8.397664,14.544514,18.427464,2.397670,2.147327
26.125072,19.047586,6.236258,8.976794,1.355916,1.789312
6.119577,4.270805,1.863612,4.794294,0.111665,1.351087
6.487877,4.439136,2.210910,1.995127,-0.067411,1.436206
4.484025,3.185053,1.646762,5.200733,-0.121178,-0.402666
34.689835,17.485268,21.281240,25.599382,2.257353,10.263089
48.950756,27.372530,36.975666,52.121498,5.007193,8.733097
8.330053,4.170674,2.646569,2.757417,0.034031,3.720913
7.569222,4.025034,3.125409,5.261355,0.172787,6.150052
8.460022,6.385403,2.753963,2.804840,1.036618,1.247041
4.127073,3.103043,1.711550,3.777108,0.981045,-0.458376
16.597702,11.951028,4.405669,5.570684,1.370683,0.608384
9.197404,6.857841,4.336783,3.428237,1.425717,-0.090666
5.917141,4.376011,2.250201,2.194517,0.681760,0.446516
47.737095,26.181461,16.920105,18.812292,2.250781,4.563683
6.727877,4.760392,2.178421,4.531925,0.682885,-0.030799
4.227948,3.158219,1.809420,1.400033,0.492792,0.834644
8.781186,6.221766,2.960057,2.464486,0.485318,0.530922
17.288206,12.256473,6.478811,9.971240,1.692435,2.009181
7.693583,5.427949,2.309474,0.399529,-0.346605,-0.346248
4.680251,3.711560,1.396365,2.788073,0.675290,0.242406
4.787897,3.542109,1.670919,3.368433,0.778055,1.684533
8.242047,5.985926,2.333147,4.764409,0.623141,0.246568
21.361752,11.714531,6.495387,5.680675,0.961885,1.059232
7.561506,5.540568,3.987007,4.578050,0.740606,2.214147
5.235388,3.964514,1.919748,3.061482,0.698236,0.242422
6.147689,4.384167,1.727320,3.576817,0.575116,1.605183
6.525727,4.608725,3.503889,8.080790,0.814805,0.329474
20.299366,14.113722,5.181544,5.579146,1.283887,2.287724
50.555496,24.958292,22.736095,30.763733,5.365651,6.249992
5.576228,4.011003,1.966339,3.334687,0.193341,0.005813
8.740689,5.962600,2.620412,3.196228,0.122749,0.280527
7.502268,5.480955,1.989858,2.837592,0.245168,-0.020368
5.043355,3.634330,1.537252,4.566738,0.282726,0.570703
9.807594,6.803105,4.148528,2.768405,0.453431,1.883244
4.846342,3.544328,1.342841,1.254542,0.193989,0.401368
5.659502,3.926304,1.931194,0.291910,0.070169,1.684349
6.950019,4.919616,2.219518,3.073275,0.647167,-0.733198
4.464180,3.459112,1.768123,3.437901,0.227503,4.825244
9.220089,7.146625,4.299283,6.881285,0.929322,0.584697
14.261948,10.046906,3.503889,4.339533,1.703438,2.814993
7.584684,4.960172,2.361631,2.445318,0.454511,0.631599
6.161387,4.538287,2.270289,1.895269,1.078366,4.727386
13.815876,9.825701,4.739102,8.762115,0.426032,2.049419
5.763264,3.865776,1.675141,3.011935,0.307971,-0.855656
4.333279,3.146646,1.364123,3.192888,-0.136587,0.285966
6.722534,4.980122,2.185933,-0.090681,0.331444,1.483786
13.694911,9.354481,3.921563,7.296624,0.981615,-0.022582
16.182234,11.613849,4.217076,6.377174,0.142867,0.876006
7.000100,4.970197,2.671476,3.475947,0.590187,1.487052
15.601993,11.185883,3.932712,3.305196,1.601700,-0.040310
39.580795,21.297623,12.119419,17.614962,1.713771,5.643272
7.620029,5.506169,2.527440,4.095863,0.513112,-0.298792
6.930128,4.630752,2.693741,1.736826,0.462767,1.283141
25.646164,9.760387,15.327028,17.854492,3.596912,17.221840
101.607498,41.883923,76.608292,114.708153,15.286347,43.620228
86.257568,35.674538,47.490902,74.107330,10.264664,27.177435
52.609802,23.951754,46.791080,65.497261,8.597525,18.275305
9.551009,6.958911,4.757042,8.222213,1.331243,1.576775
10.131973,7.016448,3.639146,1.464868,0.028033,0.668901
16.434486,11.692513,4.091402,14.023542,0.702190,2.121084
11.352959,8.075863,4.916202,9.677930,1.422198,1.011088
5.173422,3.535547,1.884502,5.526674,0.863353,1.678343
6.967906,4.741873,3.265347,7.650148,0.501570,0.036183
13.983424,10.276972,3.753801,3.724005,0.407116,2.814050
11.086977,7.890120,3.254490,5.646674,0.708987,0.787297
4.085959,3.125480,1.705252,0.547687,0.117806,0.829010
6.175706,4.283674,2.603835,4.214990,0.130993,0.372979
5.916975,4.342534,3.110110,5.219657,1.026031,2.453749
16.015680,11.201050,23.242346,28.759676,4.704950,9.988657
14.201562,9.945874,3.573242,4.339484,1.232282,2.126406
11.408875,8.005122,4.413332,3.805307,0.777030,1.272957
6.796576,4.617843,2.512574,3.841223,0.241419,0.739931
27.021074,18.430723,7.319894,8.078067,1.339214,3.352171
12.375774,9.101422,3.317818,0.266263,-0.051498,2.666306
21.911413,15.226754,6.250622,8.598172,1.167610,2.054812
17.092649,11.927761,4.181414,7.265137,0.639562,8.588067
12.854012,8.956803,2.200062,6.994257,1.195656,2.198876
5.269821,3.778166,1.861332,4.063153,0.706268,1.218519
15.889252,11.350120,4.031372,10.697703,1.169690,0.345146
8.447248,6.048192,3.469181,1.472086,-0.031779,3.425755
9.267431,6.529854,3.459870,0.680886,0.410488,0.720288
11.046359,8.046214,3.106421,2.960818,0.425063,1.537277
16.538147,11.287621,6.530674,10.305693,1.127644,2.866401
4.496681,3.270164,1.704739,1.306521,-0.311832,-1.114348
7.272092,5.313734,2.043143,2.185088,0.639145,-0.043619
8.340086,6.248303,2.373484,4.718910,0.583603,2.371635
25.828257,18.285563,7.075628,6.618889,0.780082,2.248232
6.222645,4.719443,1.937661,4.274039,0.486185,1.666072
5.596320,4.269390,4.030983,4.695560,0.707161,0.872369
7.550437,5.625090,3.547354,1.751646,0.588640,1.417418
5.792134,4.345706,2.025919,2.972518,0.237014,1.721029
74.245018,32.324268,53.059002,73.243202,10.785420,19.378382
54.626968,21.624464,30.445843,56.650780,7.701873,8.477546
33.445915,14.320104,12.661692,23.293463,3.953633,5.423735
43.844463,26.605459,20.835463,34.695736,4.560109,7.438958
6.602078,4.365077,2.214210,2.824942,0.534342,0.593773
8.278235,5.589268,2.709198,4.113544,0.510336,0.888320
13.869390,10.113101,3.309280,4.923917,0.778564,1.383488
6.884409,4.785971,2.210211,3.519231,0.982748,6.049968
8.074708,5.668950,2.157033,1.698968,-0.435837,0.791459
17.305399,8.576604,5.428584,5.112875,0.294647,0.698180
14.530764,5.916726,5.001746,5.271396,0.664665,1.155246
7.413976,5.057747,2.033969,5.472114,0.025461,2.422299
21.710514,15.244320,6.159018,9.910336,0.994995,1.418606
7.545885,5.569651,2.887648,4.086235,0.390552,0.851292
10.174818,7.068696,1.852370,4.257404,0.450988,2.342878
4.936569,4.003920,2.071395,3.349995,1.241765,3.590303
6.825818,5.329501,1.659663,4.814421,-0.013210,0.232558
7.637772,5.709762,1.828533,1.340924,0.846913,1.481473
22.383755,15.681153,7.929564,11.657115,1.263989,3.092387
27.650158,17.659481,9.008275,11.590873,1.682237,4.919062
5.393157,3.780777,2.168020,-0.295018,0.043071,0.528131
5.479417,3.784464,1.883046,1.225305,0.071927,2.890944
15.308160,11.229533,3.951483,3.327270,0.970697,11.813305
7.955084,5.799516,2.755476,5.362831,0.927411,0.358276
5.551003,4.020909,2.029256,2.272514,-0.204710,0.875142
8.746366,6.304312,2.991687,1.476135,-0.242715,1.378319
16.572336,11.270826,10.464597,18.448833,2.719882,1.295009
18.622440,9.680738,6.959524,8.939717,2.057344,5.138494
23.366329,16.396669,8.220945,10.508597,0.844675,1.560527
12.157639,8.723847,3.841053,8.894256,0.900715,2.384759
13.315435,9.724506,3.504967,3.815758,0.502602,1.527262
7.725756,5.501718,1.843126,3.340695,0.256677,-0.326950
5.007341,3.551143,2.137989,3.331331,0.751311,0.003732
11.575302,8.161014,8.945599,13.339933,1.509803,2.468456
7.013624,4.810545,2.230816,3.807619,0.548049,0.671054
6.638886,3.079355,2.270459,1.652931,0.784045,0.440091
5.825088,4.195297,2.183578,0.018230,0.548500,0.141900
5.939054,4.594603,2.688582,2.480333,0.684540,-0.257337
6.271049,4.127366,2.603948,4.325960,0.113019,1.330732
14.579719,8.178479,5.304350,2.657092,0.750318,1.438097
9.153680,4.925678,3.991868,2.253594,0.307163,0.953080
20.214762,13.914671,4.743058,7.410931,1.598989,4.812526
11.633803,8.073342,2.843101,2.531954,0.807858,1.750010
25.942337,17.308441,6.684285,14.257744,1.899641,19.611998
5.285217,3.408990,1.786741,1.459548,0.384996,1.665120
27.481377,19.427845,6.964036,8.240081,0.412403,2.926877
8.128179,5.952947,2.416230,2.930889,0.879496,0.579637
24.608784,17.421597,6.818119,9.486423,0.513711,3.359024
7.405200,5.425781,2.689590,2.977388,0.428424,1.416095
10.712138,7.698318,4.635427,4.898459,0.842922,0.817375
90.167892,47.682259,66.599007,83.025604,11.029696,18.758879
10.166098,7.233702,3.912863,8.661390,0.974759,0.076657
9.947369,6.917343,2.868300,6.393875,0.290214,1.360506
7.552979,5.090546,2.333441,3.140392,1.227941,1.532755
55.452282,19.902020,29.913031,36.825890,5.120072,10.023196
62.070038,28.237616,39.785938,61.040550,6.242336,11.295134
39.841923,19.721483,31.240780,53.523861,6.027500,8.442942
14.134743,9.986751,4.172391,4.062003,0.432638,0.277470
8.906778,6.792315,2.422637,2.187254,-0.273369,0.634203
8.582516,6.582275,2.395809,4.240096,0.223923,2.332162
6.541754,4.464172,1.927233,2.183870,-0.048070,0.967758
13.585891,9.627324,5.662467,8.524852,1.495991,2.655284
15.703440,10.877682,4.224314,8.412943,1.183565,3.585358
9.632900,6.601774,3.112934,2.492506,0.118714,1.117545
4.072160,3.347855,1.771531,2.250503,0.316489,0.726355
11.060568,7.650819,3.685001,1.800971,0.652767,1.020132
7.331496,5.396430,2.632851,1.994627,0.509172,0.823500
15.571486,11.066687,4.247907,6.836675,1.341410,7.136992
11.744533,8.179906,3.916988,5.129157,1.385600,-0.153041
6.346385,4.557339,2.939341,3.347128,0.834917,1.331304
14.658802,10.479466,4.044295,3.179957,0.735439,2.345817
16.526529,11.928373,4.552503,6.033340,0.634524,0.900531
10.013697,6.691964,2.820618,3.734940,1.211194,0.065627
5.752877,2.986974,2.170531,3.336135,0.153679,0.977836
15.132451,11.154598,4.998011,5.814345,1.063137,1.078036
9.973204,7.057271,2.718118,3.263382,0.733272,1.158037
12.257450,9.187673,3.791254,2.857889,0.463866,0.095705
13.679191,7.924275,6.274374,8.772099,1.217261,3.230397
6.169699,4.742930,2.227902,0.513837,1.186018,0.931520
11.701307,8.692825,3.149714,4.528971,0.715845,1.090016
10.238167,7.372304,2.342286,2.975684,0.710550,-0.315821
26.211905,18.317829,10.193712,9.643487,2.154883,2.716082
9.056529,6.618927,3.651024,1.950879,1.023539,1.030329
18.689537,11.495172,6.615832,9.168815,0.863297,4.951834
6.677299,5.150578,2.216529,-0.230522,-0.541673,0.179457
8.044082,5.995324,3.278121,7.048418,0.445448,2.866366
45.062870,21.812408,20.718277,27.728649,4.305652,31.249096
11.619118,8.490946,4.870296,3.458834,0.405903,0.636340
18.080357,13.118766,6.849569,57.012215,21.371325,71.111130
14.880300,10.947648,3.650445,7.290021,0.530184,3.689840
15.443550,10.861300,4.560110,6.555245,0.933370,1.101191
19.926653,13.730350,13.184883,18.759920,2.394579,5.298783
6.107908,4.570592,2.294062,3.146140,0.619640,0.834307
16.610493,12.081754,4.689179,6.223721,0.581084,1.973794
6.775747,4.982855,2.218173,3.650558,0.803947,1.405387
14.512973,10.555313,3.485699,5.401834,0.790172,1.291764
4.549198,3.102358,1.769745,3.718054,0.362148,-0.143013
7.174507,5.286788,2.243554,0.080941,0.384657,2.690219
6.015640,4.205020,1.340704,1.673540,0.286127,-0.033508
5.503272,3.856936,1.911053,2.139369,-0.018982,0.381771
8.530973,6.400837,2.608757,3.544473,1.173042,3.844789
14.344408,9.705468,5.401784,5.752526,0.912713,1.016275
10.481630,7.569144,3.464875,4.441172,0.447372,1.181838
20.158001,10.339223,4.993545,8.881100,2.079893,1.881115
5.878907,4.268682,2.778260,7.349235,1.447332,2.415604
24.422655,16.881645,9.060811,10.524529,1.528872,3.035315
10.401278,7.452716,2.986126,4.200914,0.143847,0.837445
7.137007,4.896171,2.418123,2.528628,0.551192,1.193452
6.726559,5.084980,3.601120,4.689294,0.554266,2.651329
4.749133,3.878611,1.755448,0.900670,0.328207,0.150339
5.618936,4.164777,2.188229,-0.211336,0.391766,-0.472376
14.987663,10.715346,4.715076,7.014431,0.325031,1.764671
35.995651,22.207228,15.945021,25.553823,3.583601,4.388607
11.846333,8.611538,4.252218,5.655107,1.193957,2.591007
16.130646,11.589249,4.619891,6.072690,0.857292,1.508314
12.586477,9.171483,6.050573,9.438013,1.271824,13.649397
4.760555,3.678990,1.903006,4.098287,1.322008,0.517858
16.716490,7.294223,10.100399,16.171633,2.355236,3.149127
16.120760,7.301787,10.042423,17.572004,2.290414,3.195473
15.348689,10.729691,4.368393,3.253896,1.717383,8.633895
13.805197,9.680487,5.974764,8.406704,1.066074,2.280017
18.943144,13.692208,3.992639,9.486505,0.790139,0.996389
4.208739,3.467307,1.757511,2.370295,0.550040,0.106309
17.455147,12.368461,3.689532,8.898949,1.264609,1.398622
10.253451,7.313736,4.151237,2.965345,0.326150,1.400837
8.309227,6.070193,2.763831,4.323810,-0.407222,0.256515
12.090303,9.000159,3.233315,6.941109,0.365450,0.339138
23.772444,16.017435,15.123189,21.805511,2.411360,4.692684
15.528726,10.738727,4.843829,4.264830,0.847920,1.400940
9.709486,6.808965,2.761325,1.300059,0.495424,0.141967
7.108348,5.252894,2.573055,2.289780,0.683052,-0.197926
5.524613,3.969004,1.970894,4.710822,0.485132,0.309007
12.767353,9.146162,3.980724,3.745984,1.160638,0.870114
6.729520,4.520572,3.832081,5.274014,0.086353,3.145095
15.621297,11.331754,4.262511,4.313337,0.821342,1.970349
13.012633,9.533793,5.164449,6.965532,0.570000,0.688449
22.155365,9.247055,7.007384,7.134602,1.035310,2.112656
21.896906,9.288248,7.091277,5.920566,1.259100,2.534268
11.583567,7.957973,3.482145,3.321262,0.532945,0.085136
10.274718,7.777540,3.506176,4.737956,1.360041,-0.496960
4.439966,3.211000,1.725990,2.239886,0.648031,0.938350
16.725512,11.653916,7.750001,9.398237,1.280879,2.891813
9.318935,6.982048,2.573126,4.745631,1.086745,0.996191
6.560273,4.657714,1.805361,2.216092,0.659487,6.012615
6.778747,5.124973,2.146397,2.270100,0.448997,0.204601
21.626801,15.407804,5.366971,6.826350,1.489897,2.971620
17.515673,13.020896,6.508570,12.005579,0.921940,2.515027
4.234139,3.009803,1.686956,2.493069,0.702720,-0.053140
6.135371,4.210746,2.114468,3.467770,0.299213,0.515777
47.008919,26.447096,14.254740,17.275558,3.093473,6.590858
9.066005,4.878245,2.764876,7.154304,1.027979,3.837465
13.420721,9.678778,4.187387,9.119713,0.990815,1.276439
10.190366,7.069757,3.745161,6.581919,0.475793,1.201896
16.449562,11.669077,4.217957,6.353557,0.819443,3.520638
4.743120,3.653182,1.469992,1.007720,0.197259,-0.319508
10.866829,7.593762,3.613147,6.971204,0.940726,0.183169
17.039875,12.223988,5.234986,5.422277,1.108716,3.006662
13.380483,9.626730,3.745867,6.146512,0.902991,2.677001
5.262336,3.683705,1.953385,3.804993,0.237604,0.124106
13.964968,9.813825,4.235199,7.215684,1.158127,1.319867
7.577921,5.262540,2.929782,5.333451,-0.087754,0.381654
7.280242,5.358444,2.381591,3.412050,1.151562,0.761594
13.605721,9.774203,4.519212,5.281218,0.982589,3.166157
6.223962,4.556765,2.681509,4.898245,0.741941,2.758235
19.550859,13.946127,4.899982,9.910286,1.394900,2.783835
12.648700,9.322202,3.413969,6.328763,0.832251,3.392008
12.657081,9.222299,4.885683,6.522505,0.872341,5.117987
8.281121,5.760029,3.869601,5.097473,0.952032,1.041487
34.823929,13.613898,9.793222,12.807509,2.491498,5.994518
51.218182,29.049496,17.905293,33.780014,4.749259,7.203098
31.463362,20.545012,9.700086,15.311851,2.270808,12.309238
8.421749,6.180144,2.539465,0.888669,0.036195,1.731757
8.054519,5.980928,2.341857,4.914514,0.538589,1.909020
47.859921,20.425192,32.398911,38.831333,5.396240,11.273008
13.018213,9.019135,3.663323,4.636274,0.596398,1.070623
48.039692,25.888506,63.535900,91.618126,13.311248,28.977966
9.056528,4.093493,3.108068,5.455129,0.819956,0.695232
13.449107,9.842547,5.258007,4.751285,0.685007,2.503118
6.559704,4.815603,2.246481,3.109116,0.933791,1.282150
15.989434,10.871197,3.748027,5.820570,0.463007,0.113140
6.373055,4.556707,3.690456,12.491058,5.075891,14.960031
24.647270,17.711361,6.613390,10.731149,1.126014,1.418275
9.675365,6.887075,3.480157,6.522320,0.029560,1.209053
7.705534,5.480891,2.902738,3.086812,0.436491,0.709339
8.346507,5.793678,2.482899,3.030050,0.398452,0.043134
6.731951,5.175849,2.544804,3.827110,0.693891,-0.601094
10.739965,7.677504,3.297354,4.042236,0.430325,1.576331
31.950130,21.504330,8.029379,14.546962,0.950833,0.406873
14.656961,10.153598,6.634309,8.178537,0.484842,2.193691
11.296269,8.244628,4.457619,3.694497,0.850827,1.782784
11.182597,7.781369,3.665310,4.314106,0.866042,-0.376785
17.466188,12.287874,5.919816,4.534534,0.640464,2.454175
8.733017,5.562688,3.069761,2.812650,-0.158018,2.290661
20.685658,14.900963,7.011862,10.401904,0.962852,4.121583
15.676290,10.994505,6.960284,12.381068,1.895133,2.135847
7.242849,5.320148,3.744612,5.007030,0.714012,0.340832
10.313521,7.808331,3.372783,5.952870,0.330620,0.251484
5.920327,4.407054,2.090456,2.674391,0.585583,-0.076559
16.192150,11.717966,4.742295,8.276536,0.910846,2.298655
10.474609,7.285717,3.055435,6.178568,0.139086,0.662233
21.200737,14.852460,6.083265,11.886138,1.622564,1.050543
6.466382,4.698708,2.516978,3.632048,-0.005089,0.627857
17.327246,12.205253,8.337831,12.376697,2.370289,7.923679
12.250645,8.379737,6.986387,12.119319,1.253414,1.443020
7.068230,5.190524,4.776981,5.584921,0.841795,1.122199
15.222749,11.314663,10.447636,10.618505,1.710827,2.730689
4.935564,3.582144,1.736961,2.578354,0.268473,1.103915
14.744103,7.859713,4.972560,4.582273,1.128166,3.826226
14.599521,10.543584,4.490859,8.361320,0.745844,3.087855
9.527146,6.667129,2.477857,4.620193,0.104776,0.128353
11.965183,8.709534,3.830554,3.046014,0.489010,1.640506
6.456220,4.736154,2.285151,-0.030187,0.164590,1.012498
19.155539,13.345256,5.198399,10.096548,1.618402,3.435669
18.244747,9.337876,4.028818,3.918510,1.381833,1.488650
17.128906,10.234942,4.546449,7.763579,0.969419,0.987008
11.450827,7.926992,7.238647,5.574041,0.959828,1.777039
10.211200,7.698137,3.608165,5.858221,1.173732,3.583335
6.908535,4.973915,2.417480,1.740351,0.423982,0.646277
4.537235,3.536047,1.952968,2.517107,0.304984,0.876570
6.326693,3.308686,1.848921,2.693644,0.960460,0.612819
11.380017,8.116975,3.459078,5.254310,1.178977,0.780198
5.305008,4.181667,1.704866,2.929569,0.222561,0.289165
17.381411,12.660593,4.107220,5.694698,0.929182,2.074800
9.813251,6.699229,3.297159,5.631958,0.827529,1.805061
11.841368,8.631745,3.572403,3.659087,0.779522,0.214350
5.915060,4.005161,2.424093,4.044057,-0.318497,0.641823
7.249211,5.351110,2.670193,1.798180,0.319265,1.138240
8.812212,6.418534,2.529524,6.171978,0.786563,1.090846
18.549637,13.345243,5.033295,10.950823,0.360408,-0.038608
8.118410,5.505595,1.861812,3.035882,0.798181,1.158632
24.260939,16.266521,10.151402,16.721754,2.769297,15.812196
4.869212,3.617115,1.757704,4.491946,0.290131,1.399382
13.727043,9.248597,4.397818,3.802871,0.241527,2.707607
7.300556,5.248696,1.535911,3.134830,0.381801,1.201652
7.208487,4.706162,3.784840,5.105701,0.131414,1.707743
11.921939,8.471984,3.200356,5.871634,0.022096,0.233284
11.262189,7.921866,3.680017,4.145200,0.996590,1.069156
26.877634,15.004214,11.072644,14.091836,1.749034,4.117478
11.054667,6.966768,4.628058,7.086389,0.548598,1.538163
20.957556,15.026004,5.215503,6.866639,0.931660,1.605350
7.324240,5.568557,2.675578,5.320076,0.261674,0.088967
10.572426,7.382901,3.504530,2.547662,0.347215,2.603773
7.752590,5.234336,2.615563,5.047792,0.980172,1.194160
4.314887,3.106329,1.516215,3.889817,0.015294,0.072240
14.097514,6.193683,4.408249,5.139490,0.660294,0.763337
18.337332,11.676417,7.811438,8.200443,1.639318,0.186467
13.008389,9.166095,3.423320,2.754198,0.704081,2.109689
5.817261,3.837586,2.036860,2.012066,0.434546,1.512290
28.836826,12.577500,9.029874,8.487320,1.743709,9.950098
27.202703,14.975378,14.160530,16.007282,3.311411,5.755284
7.936711,5.984266,2.785128,4.634514,0.077493,1.349753
9.819295,7.027291,2.748311,5.358057,0.521357,0.321309
15.015404,10.637880,3.668773,6.515322,1.195889,2.316023
5.508840,4.139950,1.723383,1.748369,0.120871,1.360749
8.875999,6.629626,2.390369,3.449309,0.091039,1.260934
10.176708,7.114846,2.963449,6.498935,1.237026,1.701102
10.540697,7.253983,6.451252,9.256613,1.250436,2.633684
202.236206,48.181755,370.354858,432.805756,56.482346,187.557785
53.682304,27.974476,59.856716,90.232124,13.974352,33.918983
29.553267,18.939392,20.655430,39.245071,5.195566,11.031161
35.639332,22.949829,25.911129,41.434361,5.567003,9.726149
20.324606,14.120334,4.744533,11.379537,1.425113,4.674430
13.505092,9.556627,15.048511,22.549009,2.838220,5.844447
4.702136,3.175222,1.786151,1.174476,0.494252,0.168392
10.631978,7.429019,4.217849,9.070756,0.889774,1.102573
19.168924,13.598037,5.594160,7.538402,0.655636,0.987158
15.014755,10.693565,7.849251,9.405075,2.165861,4.624109
7.980024,5.463287,2.252889,1.990226,0.653196,1.315950
10.868421,8.073096,5.223094,7.254599,0.619683,2.013515
36.523003,24.116655,10.987588,13.991294,1.925444,1.847216
18.026548,12.574347,5.357705,6.898850,0.361958,4.033935
15.210605,10.557723,4.444578,4.586287,1.149082,2.022098
6.864234,5.074958,1.976917,0.906322,0.730174,0.038049
5.683754,3.941603,1.868612,1.847279,0.585537,0.958097
12.957190,9.025581,6.636178,6.981865,0.284188,2.299479
4.924515,3.307822,2.296427,1.925926,0.240155,-0.330252
31.136179,20.815050,12.388084,8.166206,1.947968,2.475973
14.136551,10.403595,3.462349,6.009409,0.355126,0.940741
9.777534,6.716600,3.352234,6.011359,1.175473,-0.217200
14.326648,10.377934,8.100962,10.319036,1.731222,5.278586
9.070865,6.575857,2.979545,3.532233,0.401433,0.429261
4.880117,3.617685,1.557550,1.845448,0.829141,0.236301
14.683304,10.129932,6.691172,7.640698,1.196880,2.060236
4.503509,3.403598,1.742310,-0.315166,-0.011613,1.126928
11.029720,8.213719,3.237604,4.419995,0.751752,1.433459
7.477022,5.384688,2.239560,2.750093,0.490770,0.819477
24.458529,16.657009,14.071254,18.044611,2.144863,5.146176
16.912340,11.832614,5.032690,4.033861,1.603650,0.981328
15.884237,11.728554,3.790910,4.758885,0.968235,0.169478
16.765959,9.239873,12.663746,11.841270,1.434901,2.006447
7.892392,5.769252,2.554711,1.824865,0.435833,1.358568
5.387158,3.907089,2.189855,4.005038,1.229969,0.940272
18.006090,12.774077,5.303751,5.482351,0.663497,0.692513
7.611248,5.894796,2.492528,3.029566,0.515986,1.344588
12.960165,9.323428,3.735866,3.748585,0.681585,4.104535
12.723990,9.070125,4.242486,5.334211,0.909249,2.608347
6.199166,4.365273,2.281350,4.055221,0.233545,2.078324
7.458420,5.148394,3.885352,5.310960,0.618514,1.873169
18.134510,12.906074,5.227548,6.844254,1.208540,1.108853
23.511398,16.923635,7.070156,7.630901,1.390025,2.643130
12.723252,8.983483,5.357928,6.329766,1.245615,2.880053
21.563675,14.684923,8.065006,7.867299,0.798053,2.944528
15.043406,5.779789,7.319473,9.156760,1.313035,4.729754
14.807721,5.858023,7.167650,9.620376,1.525059,4.283424
13.613917,9.792021,6.014718,8.133383,0.622456,1.196744
15.432024,10.695113,15.277719,22.541000,3.730913,6.897352
18.075115,12.774349,7.946723,10.508379,1.404165,2.062710
9.949301,5.788029,3.786359,3.009604,0.166359,1.028705
27.686722,18.260851,9.710153,10.216942,1.233971,2.379292
5.122810,3.632522,2.086082,0.724327,0.866112,1.310142
7.850352,5.476798,2.758966,0.713064,1.060417,4.626193
15.804423,11.359415,4.555751,4.240942,1.023332,1.544662
31.439644,17.029993,12.481682,13.676475,2.665623,18.672052
17.953245,10.710563,32.963852,44.825977,4.999745,9.552445
8.287872,5.633183,3.434469,5.559399,0.491210,1.055653
7.513492,5.345388,2.548413,3.885237,0.189271,1.467434
8.962411,5.329755,2.448027,1.783263,-0.211375,0.804023
29.130161,14.136367,8.841217,11.793470,1.065600,4.022993
28.936243,14.162473,9.188619,14.721354,1.159250,4.419294
7.694739,5.448529,4.733558,5.696460,0.584572,1.834767
5.477898,3.900536,1.792169,3.128260,0.446954,0.785514
8.471835,5.836771,2.928224,4.828718,1.026078,0.044189
15.249752,11.191889,5.048503,8.474042,1.336120,0.447635
24.789932,13.426991,7.263578,8.185252,0.815369,3.174978
7.245065,5.100628,2.470995,4.913979,0.536329,-0.243526
17.946945,12.386855,4.536064,7.125499,0.304662,1.971332
13.483182,9.663892,3.765549,5.346240,0.581448,1.208320
10.906080,7.822263,5.042877,4.697320,0.980809,7.846398
10.884191,7.633171,4.434281,3.229938,0.975683,0.883534
13.306415,9.760287,4.576659,9.075575,0.907497,2.570739
15.156973,10.886589,4.198018,3.265979,0.517877,2.529003
7.390835,4.992135,2.731246,3.563112,0.621740,1.898187
8.028082,5.597190,2.737666,6.054518,0.367053,1.715198
4.695252,3.483012,1.771315,0.380558,0.187093,-0.141117
14.041786,9.944889,4.445804,0.183945,0.627609,0.781610
14.870680,10.598175,3.642665,5.434736,0.620775,0.972655
13.377580,9.506002,4.520665,5.073390,0.648514,1.352938
12.906610,9.161997,3.269300,4.806667,0.947647,1.062598
29.419685,13.422564,9.529907,9.888985,1.801955,5.729744
27.785267,13.439252,9.719082,12.790559,2.181112,5.824583
15.720555,11.058376,4.357229,5.385873,0.850181,1.422389
6.266448,4.494690,2.195662,0.267800,0.469082,-0.187565
9.693789,7.115593,3.244975,5.513184,0.957354,1.219321
8.318632,6.226900,2.776232,3.452955,1.160417,0.514245
5.852710,4.368009,2.949757,1.888249,0.281801,0.221047
6.501991,4.456909,3.713180,3.494989,0.995946,1.538984
5.053741,3.897322,1.732666,4.014128,0.254523,0.962204
8.877372,6.338771,2.872158,2.653774,0.447138,5.491837
4.257622,3.079031,1.814766,2.661928,0.354375,1.092677
5.327351,3.564235,1.922231,1.953301,0.297984,0.935109
12.701838,8.786123,4.036034,4.587812,0.854362,2.241821
26.994551,18.593225,11.001681,15.196402,3.270544,4.116360
4.387414,3.272400,1.659825,1.991294,0.150434,0.271964
10.965031,7.639977,3.155347,6.447276,0.867159,0.820125
9.829548,6.733178,3.409199,2.560814,0.656762,1.382962
18.349642,12.859112,10.227047,9.278230,1.482188,3.777383
18.933321,12.013411,6.226501,10.823688,1.200942,1.793157
8.158420,5.497717,3.218746,4.734714,0.305494,2.371608
18.203903,13.297506,5.819443,7.473467,0.758129,0.781650
10.375433,7.722482,3.223321,6.322358,0.837866,0.212949
37.911503,24.483521,11.167480,12.749892,1.741689,11.919422
16.124519,11.646057,4.112230,1.578961,0.929154,2.444025
4.328269,3.215635,1.777006,0.623288,1.005187,-0.739170
11.226466,8.042542,2.830836,7.671793,1.046725,-0.243743
10.719854,7.484155,3.487862,0.827725,0.646303,0.953134
26.935991,18.997263,12.106711,12.908383,1.547630,14.027056
53.126308,19.284676,44.380074,59.484924,7.341183,12.913167
48.613506,19.244265,41.961227,61.605774,7.452475,10.933171
18.852966,13.134347,10.853244,10.739245,2.983190,10.205316
68.899292,35.572609,43.885365,54.705986,7.395038,19.260033
17.582483,12.657998,6.330612,10.516241,2.055035,6.046924
23.318205,16.364008,5.087281,5.594667,0.944436,1.226060
12.360329,8.617187,3.284838,4.283801,0.052883,-0.408585
10.618948,8.083247,3.059267,4.293873,0.197960,0.583372
14.341048,10.303167,4.119065,5.056077,0.239640,-0.307138
11.919449,8.468459,3.633455,9.316544,0.684473,1.902951
21.196436,13.794044,14.854439,20.143450,2.330919,4.666080
11.566230,8.422107,3.409041,4.990238,0.875914,1.190671
11.873132,8.115563,3.427166,7.305555,0.445300,1.043980
21.648397,14.334419,12.214979,17.155649,1.876608,4.173758
8.808476,6.374855,2.896887,4.638009,0.125834,1.080956
10.789874,7.421720,4.198638,3.398229,1.450164,1.874646
26.330837,17.327707,8.716846,17.377487,2.882396,5.456189
16.069118,11.495994,6.898118,6.717352,0.834714,1.826645
6.072506,4.073122,3.611139,3.995578,1.434687,0.764832
8.833088,6.017800,4.287331,4.153040,0.665259,-0.201982
17.217194,12.464706,3.290818,7.384354,0.952298,1.614243
7.649834,5.347032,2.680145,6.698430,0.795237,-0.287139
12.724754,9.372229,4.584227,7.540215,0.426437,0.513256
7.592966,5.558017,2.533871,3.814221,0.764553,0.869823
8.277369,5.877664,3.492669,1.928788,0.285927,1.814562
12.640249,8.900573,3.267369,6.878774,1.101316,0.809571
11.722427,8.218122,3.360895,2.710673,0.717594,2.748146
32.524586,14.411122,14.228514,23.848633,3.253845,3.095753
9.098478,6.404467,6.127405,4.425270,0.730698,4.688530
11.217339,8.017182,8.430386,11.950659,1.152704,1.555200
5.573616,3.642549,1.914034,5.302479,-0.293380,0.769673
14.810113,6.948192,6.562103,9.655796,1.815756,1.990039
12.856817,6.810570,6.317366,9.704275,1.485929,1.213500
16.778311,11.683439,4.770414,7.717268,0.900088,1.560213
42.425545,28.434162,12.936443,11.649774,2.577061,8.758198
7.430709,5.190344,2.783074,2.842051,0.577369,1.024566
9.226898,6.688781,2.969705,2.985239,1.115783,0.289663
7.094538,4.804572,2.344157,3.235130,0.367229,0.183623
4.473733,3.299860,2.076064,2.143318,-0.262900,0.753867
17.418463,12.441694,5.429230,5.034576,0.464955,0.865838
5.813879,4.406047,2.696930,1.857332,0.124430,1.041752
4.092416,3.080875,1.394578,-0.109336,1.189018,0.230625
17.012636,11.885215,9.258051,15.496081,2.011734,8.538135
29.510231,19.834805,10.093771,11.695650,1.643977,1.698845
10.754519,7.624628,5.098883,4.897866,0.957721,1.198128
7.485598,5.158865,2.691117,4.593617,0.128760,0.307854
23.173058,15.984707,15.883379,21.724886,3.555793,8.175211
19.305391,13.045873,9.994375,15.360627,1.974974,1.864291
25.838789,18.169044,11.084432,12.363866,1.928543,6.455514
12.762183,9.391395,5.504947,11.980445,1.355168,1.853414
7.291787,5.286088,2.250032,2.626258,1.257558,9.492155
8.855683,6.662741,2.792031,4.928509,0.916316,0.593143
9.656528,7.085487,3.146263,4.009049,-0.419418,1.072483
5.341030,3.887765,1.341219,1.923030,0.356869,-0.301426
11.635208,7.924069,11.161959,13.325405,2.220274,2.589485
8.821431,6.182387,2.515530,4.994010,0.844382,1.807957
5.582133,4.186087,2.683481,2.370896,-0.133130,0.559263
20.069357,14.146531,5.026777,9.435090,1.132631,10.928163
11.277953,8.140094,5.674991,4.570893,0.826958,1.535609
5.341186,3.883717,1.756217,1.345121,-0.279325,0.500435
22.351358,15.432839,4.526634,8.757066,1.744067,3.525226
8.063309,5.571684,2.748183,3.211126,0.725905,3.014337
7.953884,5.916148,2.851856,3.312654,1.058950,0.826292
10.827748,8.052790,3.343956,2.775587,1.083296,0.660573
10.321947,7.286077,3.326418,3.376101,0.516296,2.448419
5.592329,4.098711,1.796367,1.056931,0.589648,1.924821
38.972195,26.451115,11.053974,14.111069,2.055012,2.072399
12.058104,8.635223,3.817136,6.559581,-0.228900,2.035710
71.112282,21.090775,23.321609,25.691458,4.523270,16.413000
65.402100,27.699854,20.391848,30.555731,3.594689,6.572961
24.191431,12.808106,11.373392,24.612400,2.517640,1.503718
9.020941,6.788660,3.080396,5.539199,0.835268,1.134205
6.230585,4.145444,1.933397,3.448857,0.124887,0.451053
18.842070,11.028345,6.392842,10.019373,1.417213,1.343238
6.637161,5.043332,1.943733,3.076590,0.177834,0.846269
16.150919,12.150963,5.460304,6.201068,0.897240,5.543700
12.628421,8.722242,8.271955,8.770020,0.852988,0.614327
5.054340,3.851419,1.862067,1.888497,0.349095,1.159401
18.473879,13.012553,5.596693,10.607092,1.109899,0.314570
12.198443,9.073718,3.913904,6.335457,0.778384,0.863154
14.270585,10.043760,3.950682,5.003589,0.490381,0.625441
15.272249,10.674079,4.800142,5.173845,0.372216,0.754474
11.125261,8.226805,3.700308,2.949262,0.233925,2.135936
29.540504,20.316889,21.935566,30.548716,4.666608,10.448655
10.373386,7.185151,3.897401,2.747283,0.457617,2.054592
9.790095,6.836381,3.243723,4.519333,0.514740,1.247202
14.892951,10.605073,5.919866,5.536301,0.538964,1.123780
33.422897,14.502603,14.599661,20.516735,2.768358,4.529301
32.327076,14.625627,14.809941,21.779888,3.291183,3.869529
4.775476,3.740107,2.035424,-1.235712,0.184614,0.928006
16.914598,12.148134,4.753109,10.089933,1.329033,0.029202
15.524099,10.856959,4.390542,8.486029,1.961007,0.942211
14.217747,9.682722,4.128506,6.898606,0.334747,1.516818
11.810366,8.918398,4.950607,5.946488,1.239267,1.155152
8.566421,6.156602,2.545134,2.140675,0.155977,0.960764
9.280223,6.185444,2.895956,1.424872,-0.137431,0.392803
5.400517,4.032423,2.123778,-1.145350,1.089965,-0.687258
9.074350,6.510072,3.882795,0.848517,0.616116,1.293671
4.404126,3.478185,1.754298,0.586583,-0.217579,0.787249
13.901764,10.270473,3.720081,6.032938,0.940440,0.914086
21.197914,14.851558,9.337490,15.012057,1.876251,4.293219
22.377430,13.806785,7.349878,7.939069,1.490928,4.993498
5.788141,4.183161,2.150901,2.264879,-0.118835,-0.397846
4.360447,3.233835,2.037161,1.846354,0.486769,1.069775
14.264848,10.635808,3.939832,6.566760,1.067667,2.041139
5.046226,3.901964,2.304554,1.429565,0.488509,1.655695
12.968383,8.733782,3.420222,4.972792,0.635494,1.076942
68.444153,28.789337,74.955658,96.499268,14.957212,46.206951
82.105415,23.742716,85.566635,129.276184,19.253355,41.705265
50.658607,19.847776,48.213043,89.136070,12.915291,22.848116
20.918398,12.739656,5.393614,8.650755,0.445560,3.399685
9.639643,3.482320,3.466978,4.965502,-0.166387,2.076383
22.788319,9.354413,10.211135,13.174329,1.140125,5.768768
21.423155,9.242600,10.335971,13.398843,1.582188,5.157454
4.550159,3.051561,1.825534,3.433311,0.618217,0.144538
7.113801,4.877380,3.976790,4.930067,0.993876,4.661514
11.275764,7.923059,10.239317,11.478682,0.943875,4.012636
10.185893,7.060296,2.973849,2.608463,0.898592,1.372059
9.765788,7.274962,2.767277,3.876844,0.638463,1.608795
10.941739,7.772763,4.875508,6.839260,0.655264,0.959885
14.941513,10.953247,4.114690,7.417027,1.128476,0.943081
5.600394,4.307433,1.712378,1.978992,-0.002426,1.105126
33.241058,17.515879,24.847507,27.629309,4.482750,10.036250
55.449871,31.650715,65.309967,95.186378,11.954378,15.039234
12.475815,8.921096,3.756671,2.873745,0.635209,2.025459
13.961198,9.861353,3.969998,7.595060,1.070265,1.072093
16.401850,11.232084,7.054653,12.674688,1.100285,3.426353
5.872684,4.214643,1.843312,3.320766,0.216896,-0.333403
9.813652,7.360747,5.184715,6.092986,0.409496,1.071683
9.277031,7.039697,2.601580,5.477265,0.481422,1.357186
37.546143,21.794224,9.889616,14.412644,2.338356,3.497212
7.877351,5.705175,2.768393,3.482250,0.624975,0.487463
19.710381,13.886866,8.953671,11.666850,1.488800,5.342957
7.126523,5.081933,2.422382,0.989286,0.212707,1.769963
6.084480,4.707377,2.277188,2.220177,-0.260864,1.608599
12.372197,8.890916,4.140106,6.434070,0.535316,6.049547
7.886814,5.772933,4.190482,7.145091,0.512034,1.235654
21.565222,15.413247,6.266683,4.040071,1.760968,5.327946
5.612363,4.238082,2.185773,2.091707,0.979590,3.228972
13.529822,9.859067,3.774416,2.485693,0.794317,0.776382
6.388562,4.355016,2.495367,1.793571,0.595359,-0.049745
4.525047,3.412400,1.825815,1.428875,-0.033180,1.185048
6.810516,5.094432,3.791679,4.993315,0.438157,2.064384
13.658520,9.809775,3.973660,9.031119,0.706936,1.489497
7.698486,5.565623,2.572836,1.999328,0.260700,0.336423
5.891517,4.441468,3.842792,5.657876,1.159263,6.665941
8.660219,6.050838,2.744083,3.026218,0.337023,-0.743996
4.360607,3.443379,1.630164,3.077288,-0.193481,0.574789
13.399356,9.618410,3.919604,6.787901,0.976227,1.369640
7.959962,5.499117,3.016805,3.640234,0.662531,1.812730
93.173927,38.439953,56.620918,88.260117,13.589400,58.064331
7.135172,4.939612,2.647142,4.269572,-0.290242,0.724835
6.184713,4.743122,2.166068,3.077661,0.049504,0.304944
9.589511,6.661402,3.326039,3.354299,-0.030014,0.659422
11.311537,7.892838,3.466742,4.378685,0.506411,0.658124
7.861800,5.523394,2.469570,4.298024,0.204698,1.208447
4.405080,3.310705,1.538980,1.483186,0.713755,0.557101
13.918356,9.772679,3.606615,5.486597,1.087001,1.272436
9.561512,6.855809,4.388798,5.185637,0.543586,1.128212
4.755965,3.236355,2.069876,1.979777,0.251059,0.745345
9.354263,6.921039,2.705435,3.530993,0.110722,1.596654
17.145432,11.817030,5.793086,7.112277,1.284289,3.633670
5.960165,4.046299,1.719685,2.726551,0.895977,2.272990
7.436234,5.049087,2.464568,2.086329,0.447212,1.662046
11.209971,8.319355,3.378983,4.639909,0.383820,-0.323739
7.232992,5.300870,2.106091,1.815563,0.159754,-0.753850
16.251429,11.859817,5.466748,5.664757,0.321155,1.475839
7.193417,4.955651,5.489912,6.862240,1.750713,7.630530
10.445583,7.895174,5.547803,8.644346,0.654455,9.311183
23.689423,14.207938,8.410217,7.730251,1.486230,3.448877
18.199234,13.271613,5.974036,8.466959,1.029215,2.449510
11.160852,5.346232,5.272707,3.445654,0.389618,2.842287
8.421952,5.807137,2.991237,2.057024,-0.344611,0.362827
7.596862,5.616499,2.547424,2.344075,0.307682,0.154720
16.902443,11.754424,8.303952,10.864165,1.965035,19.533621
9.477233,6.447338,2.567758,5.166819,0.416662,0.879560
11.383917,8.441728,3.790678,6.521847,0.805914,-0.088836
10.460790,7.385541,3.169365,3.957994,0.168084,2.549837
18.384790,12.810153,4.397416,7.804070,0.815894,3.500809
6.907084,4.732519,2.600145,3.360800,0.318358,1.375541
10.583452,7.613215,3.296476,1.695582,0.195904,1.124324
4.701600,3.311871,1.912681,2.818143,-0.127740,1.589830
22.265341,15.863024,6.419907,6.751966,1.198932,2.516394
9.465755,6.474861,3.411503,4.042200,0.452375,1.450562
4.978688,3.582747,2.252128,0.428951,0.503055,0.326340
7.197054,5.317165,2.261348,3.098580,0.741397,3.361853
18.439125,13.222724,7.645196,10.911751,1.555374,6.150506
17.675877,12.104552,11.631445,12.989894,1.610916,5.731787
17.370083,12.413226,5.726368,4.697849,1.243081,1.177811
22.838577,15.819909,6.928390,7.600955,0.858824,1.528519
30.214180,19.686605,8.359768,10.525987,1.162676,3.642636
17.508081,12.689075,11.973690,17.285622,2.997339,4.492208
18.127459,12.592167,4.663567,4.619193,1.054085,0.139276
18.312729,12.828523,3.959400,4.446965,0.853872,6.869036
7.471291,5.626382,3.192522,4.609486,0.423809,0.399778
5.073615,3.734746,2.177819,1.123768,0.134295,0.886403
6.386602,4.962661,3.036220,3.072833,0.491750,1.214899
12.154448,9.070498,3.552727,4.742074,0.011097,1.319384
5.561476,3.995304,1.682619,4.321442,0.194921,0.588708
7.905237,5.645171,2.906467,7.655251,0.562340,1.884484
8.953111,6.493297,2.719278,3.335249,1.250002,0.725189
22.168293,15.724944,7.256720,12.757084,2.095083,0.635953
4.370644,3.065058,1.587579,1.231895,0.279892,0.938071
10.911894,7.825144,2.877659,6.769639,-0.028328,0.089885
18.391523,12.987363,4.557737,6.090623,0.490222,1.693760
7.472431,5.697423,2.479047,3.792155,0.166511,0.141119
4.969566,3.625972,3.011616,2.257191,0.205792,2.384031
6.272655,4.360297,6.179172,9.308353,0.613038,2.418364
46.179424,30.610735,15.733977,19.548443,2.329882,16.561428
10.623297,4.901042,3.839995,6.320976,0.543530,5.923195
13.634325,9.753209,4.326062,5.692624,0.614954,0.605259
9.652872,6.638123,2.984710,3.433808,1.022146,0.823273
6.132530,4.541740,2.033526,2.514515,0.250989,1.536184
9.237030,6.859900,3.646107,3.018982,0.577973,0.730092
27.120159,18.581053,16.418324,23.498539,3.049990,3.077681
14.674260,10.576801,7.630994,7.457603,0.911360,1.684034
7.729005,5.664299,2.526397,1.654770,0.463531,-0.089327
14.658422,10.207581,5.913679,8.935266,0.712581,3.676627
15.146811,10.719225,4.900200,7.861905,0.586694,7.821486
23.477232,16.711065,7.102799,13.158909,0.970890,1.627598
5.771006,4.183664,1.988294,1.167876,-0.244945,0.326326
21.841717,15.377633,9.204510,10.145225,1.168459,1.981007
18.066427,7.628022,7.048960,8.159381,0.507419,5.253603
18.025801,7.530628,7.069342,9.801405,0.262780,6.092990
5.909597,4.150727,2.181329,3.402552,0.034914,0.074071
4.644927,3.639222,1.337608,2.967104,0.288512,0.375110
7.365189,5.066663,2.608103,6.933262,0.216234,0.444746
11.226352,8.366577,4.433012,3.566422,1.548041,2.075280
15.009233,10.340116,5.756281,3.497037,0.924145,2.087194
11.365652,8.070067,2.568485,5.479231,0.190696,0.351294
13.811894,9.956395,3.744709,1.958001,0.150295,2.298871
41.700096,22.489756,17.554455,27.474236,4.005580,6.366213
11.416224,8.058054,3.616482,5.597002,0.324348,0.839710
4.136451,3.282068,1.328789,2.880587,-0.102391,0.332598
6.442176,4.401981,2.342512,2.531233,0.703623,0.231262
8.836722,6.625839,2.143924,4.535673,0.974407,1.568922
18.065701,12.825736,4.343799,6.123418,0.965097,3.857078
5.864259,4.605989,2.555295,3.154886,0.291178,1.311266
10.907278,7.485004,2.997145,6.045842,0.467717,0.624264
7.006953,4.947457,2.380543,1.895602,-0.021209,0.159538
4.946422,3.774600,1.669953,1.450125,-0.046221,1.496889
8.101624,6.005202,2.914197,0.444587,0.371418,0.302042
11.872859,8.452724,3.861646,8.929733,0.501089,0.404555
7.821192,5.775787,3.951313,5.136877,0.908224,3.164129
8.968657,5.915277,2.409992,5.155653,0.565247,0.319160
12.941413,9.101183,4.796117,6.570100,0.648645,2.938640
9.298480,6.554325,2.910373,3.590416,0.686225,1.446824
23.375793,15.945190,26.858435,33.510059,6.087236,15.177341
8.931503,6.488191,1.517918,4.824139,0.550718,2.254702
5.557142,3.923142,2.826457,2.789905,0.191977,0.944938
14.227357,10.293088,3.138378,6.829726,1.351200,1.369784
20.730747,14.488650,6.592587,6.499604,1.170334,1.023138
16.366024,11.635776,4.648476,3.523337,0.496806,2.695989
21.307913,15.090048,8.574676,6.367417,1.940308,11.201873
41.906845,17.244572,11.529365,15.806493,2.419526,3.570620
39.211536,17.306734,11.207281,17.466240,2.480030,4.100119
8.748706,6.453678,2.576931,6.440848,-0.357032,0.991764
6.560606,4.445987,2.724230,6.372896,1.005332,0.539439
5.698499,4.159601,2.015297,3.754680,0.434777,2.276732
6.350937,4.776867,2.257507,1.319933,0.294075,1.760937
16.676033,11.138616,5.586758,7.415282,1.885533,6.663233
20.380135,12.298430,8.191069,12.687645,2.197507,7.250671
12.237375,8.547684,3.469721,4.101569,0.801950,1.146404
7.543263,5.797300,2.490703,3.438893,0.163338,1.821774
5.285580,3.709440,2.010125,2.002427,-0.227795,1.401683
7.936667,5.759382,4.045436,5.572008,0.635625,2.891474
12.367364,8.940631,3.525106,4.007592,1.085019,-0.078110
15.567800,10.986454,3.468619,5.011006,0.925575,2.108572
9.145926,6.773993,2.968724,4.760096,0.077520,3.171457
16.733858,11.497788,31.157866,48.902302,6.379307,9.535595
43.478477,19.714716,16.788414,22.479996,2.872526,8.831176
40.564972,21.934256,24.164476,40.119366,4.818347,6.681127
8.925849,6.649530,3.169920,6.543765,0.466331,0.913592
8.735707,6.587913,3.674945,5.417192,0.440281,12.510803
38.092583,24.570665,16.110996,25.039598,3.034949,4.462630
11.174829,8.060386,3.142720,5.734378,1.508164,14.094975
8.052581,6.010800,2.553823,2.595801,0.536476,0.172404
6.534110,4.702161,2.055545,0.812347,0.267980,1.635184
17.606068,12.747125,5.133881,4.784157,0.913820,2.144728
12.813387,9.341659,4.127586,4.053740,0.670982,2.768181
4.191074,3.328703,1.382984,0.825208,0.216197,0.919444
8.206979,6.133777,3.462013,2.256308,0.255698,1.118486
5.489384,3.792593,1.767467,3.456610,0.449809,0.024237
7.741138,5.436140,2.516754,2.720290,0.295183,1.529997
14.161126,10.170313,2.707784,6.966251,0.669346,0.688206
21.650700,15.460440,6.139503,9.069193,1.534652,1.119561
4.331048,3.162847,1.397071,4.485238,0.214090,2.149475
31.844847,18.215143,11.919243,16.767765,1.881752,2.767997
3.945362,2.928065,1.144943,5.184597,0.595751,0.092818
9.085187,6.462666,2.737755,2.701010,1.204085,1.116106
4.196245,3.271391,2.357561,3.324161,1.314254,1.549798
10.059361,7.260479,3.040601,4.792005,0.981441,1.260777
14.639028,10.281526,3.815367,4.884878,1.066611,0.630251
9.353142,7.187257,2.114682,4.944759,1.141466,0.954236
11.914525,8.849815,3.528477,5.326457,1.083593,0.757470
9.486840,6.756290,2.782184,2.759118,1.300368,1.612657
17.234285,12.461158,4.343752,8.451084,0.432338,0.737189
12.573996,8.802200,3.884825,5.001573,0.385151,3.621301
15.386285,11.158452,4.208007,7.458187,1.368452,1.303772
26.647667,18.138908,18.199038,25.316147,3.367586,5.006079
11.267562,8.047356,3.477520,1.604336,1.027489,1.502288
9.358384,7.157728,3.283627,4.375447,0.421454,0.731031
63.698509,28.375103,25.162718,37.379322,5.221942,13.039406
12.543110,8.226042,4.097403,4.594263,1.114174,1.445603
23.287449,16.672571,5.306432,7.349545,0.802773,3.247574
16.805140,12.321917,8.323688,14.538323,2.412123,6.453503
12.646153,8.995329,3.219413,8.101120,0.190559,0.889450
9.317740,6.714844,2.867568,4.475382,0.370232,1.678390
12.258525,9.312714,3.141522,3.925384,0.435031,0.323360
15.315842,10.995498,16.054289,16.059708,1.624105,2.875519
9.650109,6.812973,2.923810,8.539231,0.759155,1.858430
9.989966,7.225175,3.189081,5.091442,0.429340,2.729262
16.237680,11.643918,10.223077,12.752973,2.429204,6.056347
6.479459,4.610245,2.296963,4.980043,0.112236,-0.515824
4.527770,3.395710,1.398839,2.024944,0.088774,1.370290
19.195539,13.445064,6.024430,5.530326,1.146705,1.942101
11.552502,7.949991,5.143567,7.292806,0.656359,1.928873
10.931999,7.820757,3.109493,3.640358,0.991834,1.478286
14.788345,10.681209,4.146022,5.992085,0.597527,0.836438
15.375303,10.608913,10.026011,8.354250,1.777446,5.096025
11.782751,8.019496,3.836115,4.792516,0.317019,1.486016
15.415941,8.815893,5.836892,6.493227,0.414327,0.439591
18.127342,13.108130,7.360898,9.592798,1.002576,2.983218
16.618805,11.734174,5.074481,4.899302,0.748765,1.934862
13.530844,10.280497,5.757210,2.693477,0.650880,7.654418
11.037766,7.791978,3.208683,6.549289,0.519650,0.694660
11.023607,8.025259,3.707401,0.671372,1.006926,0.907419
14.916905,9.440427,4.400750,4.409434,0.867570,1.191487
18.554394,11.165363,6.494660,2.472707,1.533456,8.634668
11.513751,7.754996,3.866280,4.532125,0.421897,1.127354
7.695014,5.507597,3.231980,3.609285,0.694923,1.315169
25.035069,17.380989,9.063574,11.566681,1.562299,2.109353
15.128716,10.886072,5.837062,10.805947,1.532513,5.500134
7.839094,5.640627,3.785787,4.455137,0.419886,2.139521
9.344899,6.603606,2.223230,0.390129,1.189168,0.140103
22.673990,14.515067,6.366410,10.721555,1.836884,2.353612
8.334189,5.908192,2.767228,5.298345,0.627070,0.394052
12.794211,8.988269,3.362689,1.483534,0.497123,-0.643105
7.801680,5.379268,2.307395,1.999389,0.284474,0.856948
6.342349,4.261931,1.950506,3.997138,0.343522,0.453991
20.513588,14.366237,8.131884,7.208274,0.807963,3.708428
5.813032,4.012364,1.631407,-0.139677,-0.055841,0.966742
21.658974,14.830202,19.341635,29.951082,3.429658,6.834675
8.605971,6.069304,3.868028,6.123233,0.357681,1.311277
9.692934,6.718091,2.829151,3.174745,0.665942,0.950561
16.936342,7.102895,4.185209,5.844799,0.143342,1.298391
16.319969,10.126839,4.236475,7.281532,0.709754,1.285438
31.987150,16.366312,10.549068,11.861170,1.561472,3.278300
27.432154,15.828777,9.965837,10.667227,1.431839,2.128691
5.188922,3.664781,7.796241,7.501369,1.907100,2.206189
22.865852,13.863336,6.182095,10.133793,1.616099,4.610996
13.332632,9.498378,3.870462,6.485410,0.848886,1.802571
25.792196,17.115639,8.573417,8.661549,1.727566,9.316320
11.105478,8.234775,3.211694,4.859079,0.130667,2.178106
9.539532,6.851398,2.907555,2.009624,0.296661,0.498053
13.067242,9.092348,4.995985,10.484095,1.115952,1.688740
16.706463,11.836836,4.217548,5.103422,1.224505,1.286295
8.589538,6.171726,2.564764,3.418288,0.349827,-0.114051
7.104457,4.886406,2.803441,1.730139,0.829551,0.240986
12.676745,8.949296,3.027540,4.951553,0.377923,1.745975
10.698346,7.931818,3.202828,4.332803,0.515397,-0.316332
7.326334,5.319513,2.350869,1.621059,0.572471,7.103978
5.305172,3.793589,1.823253,-0.015979,0.103019,-0.001293
8.092914,5.493197,2.533836,4.213497,-0.013869,0.200783
10.991117,7.891809,3.236956,1.598024,0.548511,0.047985
36.968884,23.771595,35.147854,52.714802,7.688787,11.339257
6.851545,4.803648,2.108535,5.479100,0.442780,0.427911
8.393901,5.959085,2.453968,3.691761,0.267035,1.163354
7.710478,5.429625,2.458292,2.332944,-0.246908,1.070979
13.710104,10.173105,3.343165,4.540967,0.625811,1.353194
24.595629,17.235460,9.846029,10.875644,1.205723,9.288648
33.238235,24.069593,9.653354,9.714683,1.344699,2.531709
5.876770,4.169355,2.046493,1.698375,0.554146,1.576080
37.074055,17.277761,10.827517,13.721408,1.410123,7.842489
37.700092,17.270432,11.458245,14.316983,1.679661,7.135208
27.818901,16.282112,18.241613,17.175577,2.462514,5.216814
19.229572,13.663001,12.648373,9.288391,0.803428,2.768171
7.207325,4.823475,1.950170,2.472406,0.224790,0.042842
20.629835,13.445995,12.768373,19.038940,3.159775,27.507942
25.872654,15.291811,13.524807,18.631178,2.260387,6.974017
9.905061,7.035786,2.997448,2.613220,0.222407,1.071088
4.862586,3.615273,1.972374,0.045987,-0.232170,0.118552
5.722882,4.185838,2.324376,2.163140,0.830399,-0.563810
14.362444,10.450166,4.648549,3.463486,0.339841,2.540866
17.805689,12.664737,4.789342,7.168161,0.648377,1.339937
10.015552,7.525348,3.874470,4.432661,0.587557,1.297169
16.412563,11.418011,5.365211,4.748030,0.072867,1.380236
17.303617,11.815802,23.164679,36.069523,5.323142,6.577056
9.589728,6.775693,3.084685,3.747388,0.651125,3.364740
9.175765,6.500627,2.994452,3.634236,0.334348,0.848552
12.254218,9.142133,2.946640,2.057122,0.748381,1.212510
11.514650,8.184151,3.865948,3.646538,0.887325,0.663248
7.226599,5.224772,3.162626,2.514186,-0.124328,0.709653
29.728737,10.933684,7.213688,7.942693,1.179692,0.243167
39.099903,10.871614,9.818103,14.386959,1.387596,1.331484
27.134682,10.239621,6.780318,9.480798,1.180080,0.250181
5.355606,3.867840,2.147939,2.176059,0.033182,-0.328653
18.535692,12.938934,4.873165,7.909294,0.698734,0.787124
9.304605,6.855501,3.214076,1.201134,0.137702,0.799029
12.226889,8.777234,3.911995,5.440055,0.575240,-0.023909
6.165809,4.424994,2.895379,0.929262,-0.305196,2.237095
6.397276,4.604673,3.612267,2.229922,0.650136,2.860857
7.756057,5.332070,3.151021,2.791686,0.756508,0.771822
12.829192,9.711913,3.519310,4.416000,0.628240,0.322542
14.921899,11.083196,4.395814,5.727967,0.223445,1.597962
4.394135,3.312967,1.812564,3.633457,0.969356,1.364605
7.482574,5.456697,2.479286,1.525320,0.549068,1.793369
4.987503,3.672868,3.765207,3.035743,0.011253,2.551973
17.455349,12.260284,4.510543,6.509530,1.607207,0.937679
5.043854,3.509763,2.068912,1.112644,0.097135,0.251439
5.698709,4.081206,1.883631,1.580657,1.091292,2.934320
4.993929,3.578772,1.955925,0.889385,0.370091,1.524618
19.672302,12.704014,5.231954,9.767196,1.222921,2.221549
5.326820,3.696532,3.022676,6.278950,1.287727,2.089372
23.666418,17.278889,7.036275,8.703246,2.325305,4.317166
6.902630,4.964570,2.425822,4.375590,-0.103878,1.043908
5.037266,3.667142,2.140873,2.660590,0.093590,0.946789
12.736884,8.978958,3.406155,5.837361,0.888094,0.387729
27.536978,19.078072,8.188169,12.414590,1.930540,2.663500
17.544241,12.489396,11.689287,16.418152,1.983514,5.054933
10.213490,7.475319,3.077550,4.159657,0.490582,-0.185580
7.253517,5.155288,1.988284,3.722576,-0.082319,1.747815
4.683383,3.214509,2.430007,1.037970,0.141460,0.138585
12.630807,9.291824,3.454545,4.863606,0.649338,0.482037
10.283585,7.279304,6.031876,9.457046,0.932184,0.565013
4.896010,3.669380,1.961586,2.719854,0.513180,2.492296
28.431555,19.990091,9.491532,10.971855,1.377507,3.747385
12.984235,9.174289,5.418614,5.347783,0.638221,1.210062
9.351772,6.608975,2.360438,2.444389,0.102105,0.815515
7.823871,5.445206,2.206373,2.783307,0.327462,0.387805
16.199280,11.759325,4.258217,4.511464,0.771035,2.402316
9.955370,7.272351,3.138402,3.706632,0.345762,1.187325
6.647839,4.551778,3.105029,3.850966,1.116967,0.260960
4.942775,3.834500,1.882785,3.435734,-0.133192,1.747790
4.017228,3.137509,1.784267,1.734082,-0.056024,0.638296
13.722803,9.590053,4.227718,5.513516,0.506584,0.744474
14.665963,10.325933,3.697005,7.024720,0.797514,6.236271
7.933056,6.263484,2.931658,1.395388,0.609047,0.205560
18.848276,13.851446,5.656497,10.932926,1.048160,1.224499
11.074145,7.870880,3.654720,3.832475,1.036753,1.179304
6.736872,4.750822,2.394774,5.742682,0.564958,1.509307
11.586480,8.281077,5.401479,6.150706,0.384485,1.972260
5.361484,4.030292,1.885760,3.430606,0.831086,2.525021
14.147617,10.019661,4.810820,10.492952,1.477934,0.791994
35.440086,25.272617,16.729885,24.787739,4.352342,11.069139
57.404945,19.455833,25.224688,47.297924,7.660699,11.322762
76.403214,31.134827,44.573784,77.763550,11.088332,32.748199
11.676889,7.987270,10.273920,28.261658,3.959060,7.848690
110.813026,57.472012,120.887924,146.427689,22.433439,34.719471
143.741653,57.505470,214.697662,298.528351,39.239197,48.366188
33.063194,17.114626,27.183956,44.267212,5.581377,12.319790
209.533020,61.005951,340.627716,485.713837,66.012840,115.011749
149.714722,51.826950,254.529892,423.139496,56.248699,114.529259
66.045509,25.926144,144.092010,236.602859,30.051952,58.563747
102.681702,47.426086,155.041687,218.762253,29.892286,59.007793
40.045517,24.482523,29.988878,81.401070,8.954330,9.087828
39.533684,25.205160,41.858372,61.333107,9.173175,38.841675
96.221191,31.523262,112.226097,144.342712,22.985243,122.037895
97.687416,37.679966,90.275932,146.963028,19.056599,66.525871
61.149414,23.458609,147.607773,234.965546,38.146698,99.531067
54.411190,28.324331,48.667328,73.910614,11.344331,29.513247
16.008202,7.030055,6.976728,25.517138,3.357303,7.135440
62.237812,30.853388,115.714104,147.316010,21.038830,99.999252
16.132187,10.658534,5.168613,29.337873,3.734964,3.419556
18.698622,13.701575,5.352175,20.792637,2.476910,3.176432
5.080194,3.858287,1.894112,21.045284,2.946342,2.943450
34.819386,12.634038,60.823746,102.585289,15.134892,22.092621
48.617580,16.962294,70.039406,127.395805,17.620399,21.390232
7.379311,3.088663,3.298994,29.936279,4.805268,4.524478
81.495201,28.034048,141.975235,216.476105,27.420916,45.798790
91.624397,26.344246,182.543167,322.570831,51.551655,108.223419
126.015144,40.607273,240.064209,420.064697,70.970543,148.323288
160.107468,40.606171,271.726196,442.767609,59.510265,157.275574
169.721939,52.512112,342.539398,505.965485,69.099289,117.638214
78.826233,25.598938,56.053368,118.658203,14.826015,20.241379
38.297619,13.611462,23.439705,67.954605,9.226910,11.341098
43.390617,22.602283,34.977879,65.729004,11.187901,16.238319
116.741386,36.736523,166.934189,233.170990,32.891434,65.791084
128.764664,35.712322,236.521347,323.479797,44.628891,103.068970
203.733353,54.053493,493.723297,696.606079,104.831970,228.168411
227.529800,53.985001,475.460266,761.968567,113.320091,238.321152
248.174530,76.430550,429.908844,666.223938,99.154648,218.485901
348.375732,92.197578,447.295074,670.371582,101.898560,201.006393
332.928467,91.785309,536.016785,738.096863,103.210472,203.633087
280.150238,70.204720,563.137695,744.196777,99.557175,234.341782
276.121094,70.163704,473.148560,636.149048,83.286598,186.120422
192.910263,50.655190,232.281158,316.205139,43.951748,57.809986
140.653091,38.552628,132.452866,166.055008,23.213629,54.432579
135.542099,44.283993,124.533356,157.314255,25.087366,67.075409
137.939575,44.175247,144.867447,192.783340,28.738379,64.863182
125.415001,31.369627,160.098373,214.341400,27.402843,48.282124
120.908646,31.446896,157.820541,241.778595,31.830441,42.067921
183.221054,59.226727,443.139893,577.625183,83.383743,147.903076
210.944855,54.725487,574.410889,693.042603,94.112457,159.398926
220.411728,57.567528,228.679474,299.444153,41.709057,66.653236
186.845764,57.713657,211.788315,307.184906,39.297432,61.009354
155.696259,36.539818,367.165527,452.943787,62.858807,119.590858
186.736160,51.410366,507.262360,649.406311,84.159500,113.011940
254.671997,57.780434,511.053253,709.550659,93.704178,142.398178
273.883179,80.296089,711.222107,817.474487,111.261192,211.211395
321.129791,90.467224,629.315063,739.711731,99.294724,174.035583
301.437225,96.277534,705.454346,875.489197,119.062225,220.195786
188.247467,61.589382,215.897141,306.433716,41.657803,71.471008
79.492271,24.917763,110.930519,144.256958,19.073067,36.873386
21.762009,8.103177,14.235923,44.765411,6.290379,8.022884
115.580986,42.141037,114.603050,151.709213,19.126392,27.634184
72.737061,39.887577,92.859070,143.884766,18.484575,50.337624
12.875964,8.950106,4.276953,32.383621,4.341720,3.511645
68.381325,26.627712,61.645000,97.068382,12.448523,15.557043
39.895779,25.408920,34.759205,72.293930,9.112822,17.139441
6.794604,4.763714,2.567972,12.786815,1.145496,0.424133
14.974609,10.714132,4.614200,14.066315,2.164797,2.018392
12.123694,9.133862,3.470915,10.835966,1.117483,0.284871
12.336774,8.831814,3.842544,6.235804,1.236785,1.282213
11.160712,7.908812,2.454013,6.064934,0.604546,1.468342
7.004358,5.034135,3.145741,2.151148,0.261907,2.927512
52.664112,30.310272,31.570833,42.416866,5.682700,11.594710
25.278671,17.215319,12.213726,19.105194,2.987078,5.211269
14.776447,10.693233,3.820855,7.891809,0.704606,0.338521
10.720939,7.654653,3.028901,4.379350,0.223468,0.446521
23.383501,15.808866,18.276873,23.736824,3.941854,11.133922
3.844075,3.050514,1.837559,4.097836,0.296541,0.292677
8.866339,6.067583,3.232333,4.913038,0.435776,0.213029
11.180794,5.961000,5.027216,4.409678,0.303335,2.374660
5.695435,4.036492,2.240665,3.407579,0.416991,0.229159
4.315021,3.228272,1.851061,0.662328,0.334597,2.186946
37.512913,14.694904,17.715992,21.488863,4.471490,33.135460
33.610634,16.195995,21.494358,27.452967,5.616867,39.655098
13.009913,9.598200,5.617231,6.480963,0.634495,1.330738
9.833153,7.289308,3.031727,6.619030,0.641964,0.026683
20.973961,11.448371,7.319575,8.412034,1.505026,15.281678
16.368063,9.427058,6.346601,10.573753,1.535041,10.299199
9.804325,6.849585,3.804149,4.339423,0.909940,5.592272
25.150118,11.047253,12.714230,19.636404,2.294686,4.175317
24.978960,11.136828,12.766073,20.912062,2.585465,2.934473
8.909110,6.329381,2.712785,1.037519,0.612140,1.705433
12.732611,9.285614,3.200071,5.438949,0.922049,1.483976
7.904594,5.867069,1.728110,2.568527,0.469962,1.964312
5.135287,3.843946,1.863661,2.576084,0.876705,0.884878
8.011559,6.083390,4.332308,8.026507,1.265748,5.778708
13.891514,9.624123,3.992546,5.285938,0.827639,1.361934
30.404520,20.393892,8.703731,16.685349,1.204884,1.547143
14.409779,10.524940,4.207992,5.321597,1.312770,1.176001
34.904148,22.016384,15.902011,21.294294,3.271896,6.529191
9.806028,4.269933,3.982028,1.165755,0.447705,0.611518
9.419657,5.387645,3.742664,4.327383,1.287376,1.026573
19.871136,14.140223,8.880657,8.291213,2.341135,3.220884
11.982070,8.438602,3.019789,7.804912,0.878159,1.137069
13.266806,9.597486,4.333882,5.226321,0.470009,0.889283
10.704941,7.425801,3.111287,4.713304,0.848635,1.586305
8.977424,6.528384,3.615828,6.406834,1.200726,0.840041
17.573441,12.197961,4.756842,11.177057,0.938952,0.846833
65.406166,34.538368,53.719650,79.893753,10.039627,20.098919
67.002014,32.035114,110.642731,161.576096,20.583574,72.660820
75.155457,35.411331,119.413460,165.909439,22.044220,44.500576
84.475594,31.278704,117.598740,183.389771,26.086458,94.435196
61.662685,23.914095,62.192360,107.705078,13.186032,36.772892
31.904814,15.372534,32.943241,59.215279,7.255692,10.110261
25.883091,17.900202,6.151028,7.786629,1.807526,1.371645
13.689837,9.915257,3.319354,6.932119,1.045410,1.743958
9.550243,7.133721,3.097452,7.278946,0.523843,4.047191
14.303262,10.581693,3.103929,9.654699,2.158181,4.409371
55.701515,27.308363,65.775558,79.401352,12.110363,20.551859
11.105674,4.890825,7.761879,17.494310,2.267488,1.965956
118.185997,43.875927,95.348976,139.941574,18.147327,27.251545
72.206024,30.146032,66.761444,123.081619,12.786776,14.496981
20.492939,12.123730,10.031484,14.143969,2.333265,4.034829
27.199038,16.899260,10.958158,17.617374,2.246496,4.377098
43.806675,19.420862,40.852482,54.644413,8.824179,18.675381
45.735317,17.883087,64.936592,111.545052,15.058208,25.771843
6.340979,4.456721,2.201684,10.251302,1.218259,2.560078
4.794044,3.271439,1.624203,9.671424,0.423399,4.540121
14.552109,9.274005,11.735087,21.785278,3.663541,6.211050
27.230841,18.065109,20.733130,39.821453,5.305181,8.597913
3.990356,2.972169,1.708008,7.183354,1.107536,0.488021
24.923498,14.838649,12.324607,23.122292,2.736595,8.020012
56.059185,19.772921,52.168961,84.791550,11.861926,16.272615
76.397202,36.484726,132.352234,206.565048,29.321495,65.114532
4.890879,3.443598,1.652491,1.710106,0.463486,0.570822
11.587200,8.057514,3.379096,6.098868,0.857086,1.814952
8.918554,6.200103,5.811766,6.418375,0.413877,1.252522
8.427401,5.974909,2.453565,3.469047,0.132634,2.138255
7.356269,5.149825,2.691300,4.953320,0.893717,1.044595
12.648549,8.871019,3.949420,6.301868,0.086149,4.107369
26.848598,18.926859,10.525848,19.711634,1.995355,1.710549
5.296273,3.699054,1.801991,4.079616,0.390642,0.323307
9.004826,6.438881,2.603409,5.662418,0.681362,1.253524
7.335433,5.497817,2.624669,3.856970,0.247502,0.546033
5.189414,3.593245,2.568968,4.719284,0.095193,-0.642665
4.027474,3.003584,1.791834,3.525547,0.276311,-0.641873
14.300193,10.112387,3.499918,8.447168,0.800959,0.870362
10.623293,7.539552,4.948339,8.253632,0.580604,0.520848
18.384035,12.911175,4.127855,6.365197,0.903134,1.295077
4.704364,3.177361,1.941337,2.904091,0.872016,0.781951
44.950890,26.778753,28.373562,51.958786,11.466477,27.429251
13.438494,9.374951,6.107994,10.761412,1.286439,3.040806
6.539413,4.846250,2.168863,3.582278,0.575373,0.077567
19.010145,13.356599,5.088921,10.900246,1.103478,-0.099943
10.046135,7.275905,3.343527,6.367366,1.673708,-0.357287
8.220052,5.905003,2.495346,1.651368,0.863203,-0.514642
18.191475,13.319185,4.947057,10.335746,1.130410,0.581960
13.713302,9.813437,3.304683,7.104437,0.499754,0.271071
17.500177,12.410961,5.296352,5.707574,0.133045,0.091534
4.612690,3.284466,1.544538,4.869435,0.384236,0.453729
6.948371,4.986039,2.985830,4.563434,1.058552,1.349419
4.337765,3.154722,1.677650,-0.217070,0.286684,0.289850
7.922226,5.724497,2.659416,2.937334,0.657086,1.476007
14.848086,10.388570,4.674328,5.218893,0.578037,1.119275
9.130503,6.505214,2.977865,5.034228,0.397558,0.124298
7.474122,5.399134,1.836266,4.296015,1.098028,1.735235
4.706350,3.687299,2.135156,2.780935,0.301149,3.174065
26.783859,18.567940,9.674522,13.666335,1.275365,10.708626
7.850508,5.609250,1.726565,3.433190,0.682773,1.480031
10.218569,7.050484,2.980211,4.895073,0.313023,1.471487
9.091311,6.508870,3.150588,5.321947,0.427578,-0.899029
5.696102,4.107511,2.013891,4.988953,1.261500,3.678147
56.079067,31.382940,61.289200,88.961212,14.675062,67.434677
17.434944,11.676353,6.369497,24.452488,3.468768,2.629417
4.241678,3.210371,1.264774,13.504954,1.277853,2.481923
77.755768,37.263817,111.685287,161.953247,20.101938,27.893576
55.606655,15.433475,45.922581,75.887695,8.935193,18.692501
72.139023,28.158079,49.564594,80.853607,10.079316,21.207153
111.657402,47.004375,206.427933,295.534424,37.806854,56.458538
51.784134,21.298306,50.377728,83.276199,15.668754,52.997677
46.735977,21.621563,25.533796,47.605007,6.117099,5.808725
9.404201,6.980587,2.658373,5.905389,0.765359,0.870327
5.066741,3.662244,1.647807,4.611663,0.109064,0.986087
8.781690,6.248471,3.365166,2.900874,0.544394,0.966961
4.013470,2.947833,1.938161,1.267667,0.282958,-0.765038
5.051724,3.813717,1.839804,2.590532,0.202667,-0.254165
4.526155,3.542966,1.779545,4.903289,0.595881,0.634175
3.889107,2.972278,1.746586,1.664363,0.681399,0.702072
6.297676,4.795167,2.735590,5.756670,0.425507,-0.166815
5.214039,3.720198,2.492873,3.702392,-0.205210,-0.093093
4.655093,3.712838,1.564767,5.405962,0.112560,1.968265
5.773975,3.970338,2.264156,4.739903,0.398914,0.826533
18.932943,11.068899,5.611308,7.699949,0.548936,0.753811
18.294518,13.619920,7.495401,9.898294,2.114194,11.037093
8.706526,6.430540,3.059752,5.108476,0.733861,0.912876
15.640167,11.182427,4.006711,9.741799,1.665013,1.860692
4.899819,3.544549,1.798313,3.788993,0.974097,0.436836
12.431426,8.808321,5.722698,8.953857,1.413852,5.997164
47.780067,29.457443,48.405762,75.310898,8.987368,9.462942
36.438679,21.057226,29.219198,51.574604,6.596291,30.555391
38.656155,23.272940,16.972145,30.334244,4.216919,17.619394
13.547153,9.961852,3.070961,5.737952,0.428498,0.003945
4.286262,3.415529,1.475285,2.765992,1.020561,-0.274929
9.781110,6.835658,2.795377,6.066773,0.215054,-0.152532
4.322499,3.161670,2.378839,1.886263,0.454139,0.584372
19.002630,13.936750,6.241261,9.107145,0.611930,3.124141
23.203478,16.250729,6.221728,7.525905,1.039752,1.982204
8.093750,5.719638,2.837222,6.855878,0.189936,8.938100
6.844919,4.844595,2.648955,1.940803,-0.288855,1.162562
18.850517,13.801881,6.306834,13.809948,1.954027,11.696332
6.879557,5.150227,1.443337,5.042978,0.605756,1.137210
22.869812,15.891800,6.090656,12.200644,0.460363,2.959717
12.075089,8.559134,4.481007,7.348680,1.647256,3.051338
7.254663,5.500960,3.018703,1.935532,0.644494,1.661535
20.765873,14.820551,5.440194,8.554841,0.428073,1.707631
22.729267,15.517728,8.256660,12.467717,2.083800,4.888692
22.090744,15.215430,6.309954,10.528078,0.833709,0.808794
29.714485,13.685009,8.381506,12.290875,1.797871,2.531781
4.023317,2.978171,1.672703,4.563987,0.199747,-0.270449
40.900490,28.486555,19.624763,27.923529,2.360074,2.995154
13.861842,10.030175,3.989571,3.372949,0.991905,2.313179
14.593270,10.250194,4.962669,8.600850,0.859994,0.070124
8.027635,5.728612,2.437278,4.936755,0.171475,1.017727
5.105049,4.077969,2.399567,1.510884,1.158046,0.627111
22.921043,8.919184,13.751552,16.339329,2.570843,3.537552
22.681337,8.958830,13.634177,16.178738,2.575151,3.741463
14.788926,10.582265,6.107473,7.803442,0.461468,0.460599
11.264844,8.266308,3.626354,6.516558,1.050534,2.465264
11.672545,8.566805,4.294351,5.304455,0.629930,0.976541
8.391555,6.100996,2.851793,1.826400,0.126348,0.896205
5.132651,3.813073,1.822386,3.913582,0.659368,1.346266
12.238835,9.005578,4.090205,9.561966,1.477265,1.655434
21.287321,14.956331,5.696563,8.920297,1.845650,2.415096
8.628859,6.175431,3.476620,8.137321,0.145628,0.994020
34.163055,22.731251,13.309964,17.209307,0.887628,5.467007
5.553719,4.058609,2.442023,4.215067,-0.274372,3.664462
5.402401,3.722241,2.984477,1.584448,0.128483,0.238491
11.846054,8.483370,4.173382,7.744074,1.643977,0.855428
30.182039,20.769623,12.952820,18.862532,3.327689,17.614765
6.254855,4.475578,2.276324,3.553420,0.137229,1.892632
50.585629,27.650530,28.657946,46.532837,5.687777,10.604272
12.030555,8.774703,3.753449,8.391606,0.904731,0.698964
27.518976,19.439644,8.388888,11.589095,1.110768,3.056388
15.982257,11.153470,6.480629,9.570839,0.137814,1.446883
3.994602,3.040712,1.291498,2.447348,0.072905,0.021060
5.413181,4.171298,1.911245,1.227598,0.767376,1.236121
13.319840,9.412933,3.889630,6.182264,0.128020,2.567764
4.933704,3.676602,1.960004,4.182602,0.294482,0.823856
17.683163,9.222448,6.912209,5.545377,1.086309,1.142685
17.070093,9.186100,7.367186,7.334516,0.737089,1.411151
5.278262,3.599743,2.252357,1.228625,0.067768,0.429419
15.222183,10.880227,4.363687,7.422484,0.682405,1.559912
4.856019,3.379546,2.120349,2.388421,-0.022871,1.029333
9.569336,6.087068,6.208531,5.620168,0.969770,1.699780
8.904829,6.844566,2.606616,5.610094,0.263082,0.361103
14.078304,9.886145,5.033964,5.874174,0.628535,1.577666
7.144055,5.310706,1.941153,3.582016,0.471891,0.912363
14.492606,8.571394,4.469096,8.033543,0.424027,0.611490
21.601662,15.195135,6.540064,13.207386,1.483169,1.350171
6.704452,5.001646,2.578864,2.761498,0.694851,2.029337
13.874683,10.021223,4.478633,4.014685,0.398998,1.456575
6.390294,4.387192,2.249987,0.984477,0.414230,0.515034
14.639404,10.798473,4.069307,4.195270,0.410657,1.681923
8.746234,6.470792,2.139060,4.079458,0.497984,0.115947
15.516869,11.163045,4.433980,7.624836,0.674218,1.386097
10.535555,7.526740,8.511234,9.027422,1.519027,4.718775
10.291478,7.607218,4.525812,6.972748,0.884767,1.233829
7.698648,5.794303,2.616121,6.333269,0.865310,0.955795
15.894147,11.760336,4.285939,4.251158,1.128651,2.128579
6.912363,5.217650,2.182421,2.463016,-0.189366,0.460278
7.850542,5.738020,2.141930,5.178164,0.326981,1.839535
11.112338,8.314374,4.396747,5.293424,0.546391,2.266932
22.693945,15.631169,13.828484,13.849378,2.876673,2.622325
5.813365,4.291664,1.864378,3.230721,-0.371518,0.758187
10.328567,7.697591,2.748925,5.170145,0.702422,0.681352
38.992268,25.535997,11.486322,23.770565,2.305060,2.423461
12.069714,8.505178,3.634445,2.891459,-0.277539,0.252346
13.299088,9.135364,3.933948,4.739351,0.660003,0.338555
6.225184,4.424582,2.073758,4.327229,0.553027,0.976820
6.215454,4.491189,2.004960,3.209342,-0.034124,-0.010887
5.348606,4.160146,1.960546,-0.299271,-0.289918,0.719170
6.223626,4.439349,2.676127,4.119359,0.319088,2.625315
6.469506,4.471589,2.740731,6.036027,-0.196015,1.997127
4.015412,2.982697,1.576156,3.343939,0.894145,-0.218103
15.894231,11.221048,5.538971,7.824103,0.472830,2.413599
6.716166,4.913464,2.045126,2.965858,0.265281,0.851101
11.821072,8.575477,3.398210,6.258498,0.726199,0.938000
4.637248,3.182906,1.962890,1.321302,0.234644,0.271269
6.189641,4.497740,2.441143,2.746809,0.225869,0.170308
9.293859,6.545548,3.015422,1.878137,0.105479,1.837247
4.063094,3.128022,3.126334,2.287072,0.695598,1.367587
20.568264,14.631398,5.322377,9.717673,2.367477,0.464543
4.229846,3.412931,1.738410,1.933604,0.466331,1.199692
14.559488,10.146833,4.172847,3.375266,0.288007,0.233643
11.916910,8.846088,3.433950,3.458375,1.101013,1.053582
43.512016,24.983843,21.205606,27.403315,2.581995,8.209946
4.803112,3.578408,1.750994,2.552366,0.161732,0.596262
6.427814,4.608045,2.733226,2.695522,1.134574,0.745658
38.233543,25.347494,15.012244,17.228577,2.866301,5.152191
32.474529,20.150864,10.818629,17.086069,3.331328,7.226863
25.957354,16.538580,17.868738,26.281324,3.877889,11.508780
11.429814,8.196662,4.410726,4.419076,0.680421,3.462083
16.874954,10.716457,4.793865,8.437830,0.367916,1.796949
11.447495,8.435731,4.271973,4.104832,0.243318,2.358612
11.216847,8.329865,3.644926,3.240947,1.182777,1.118895
14.833577,10.748405,4.318665,6.818801,1.495479,1.973243
11.380503,8.212007,3.341480,3.047481,1.174348,1.674423
16.556517,11.500483,5.074352,8.561978,0.736952,-0.104316
7.323788,5.360692,2.584138,4.515408,0.099862,0.226530
10.733377,7.809259,3.098886,3.432718,0.244169,1.415928
28.175814,19.437212,11.192239,15.942329,1.729543,5.569158
4.683465,3.578390,2.017900,-0.017540,0.135619,0.174204
28.950029,12.546825,15.807982,26.841282,3.943074,25.530834
24.885218,12.443235,14.999467,26.317989,3.708778,20.224281
6.633504,4.966582,2.343089,2.605319,0.277323,0.627395
26.562962,18.783316,7.147516,5.498050,-0.051376,1.440437
29.446980,18.770966,8.054695,7.396062,-0.050608,1.874685
12.239930,8.554263,4.280710,8.675970,0.923297,9.837994
13.735368,9.381491,3.293221,1.317680,-0.088908,3.582998
7.496486,5.535747,3.600670,4.981278,0.463627,3.237173
9.310135,7.000068,3.415892,4.576667,0.338105,1.618010
4.757979,3.188025,1.503303,2.408727,0.500064,0.879205
9.571504,6.889426,3.241318,3.034878,0.521787,1.996152
5.607313,4.174354,2.036205,3.582235,0.005205,-0.211141
5.905634,4.481297,3.099833,2.975104,0.059685,1.266370
4.531671,2.981636,1.441985,3.042936,-0.365762,-0.875804
13.423893,9.654757,3.814618,7.008749,1.025785,0.660029
6.432801,4.742255,2.548152,2.451361,0.948440,1.198478
5.720073,4.125698,2.100425,1.468715,0.944221,0.839632
16.203541,11.593009,5.656467,6.884441,1.531632,2.023902
7.229365,5.195955,1.759093,5.996763,0.470510,0.246139
7.053531,4.822728,2.992293,-0.344168,-0.020564,0.881938
8.644344,6.359540,2.648924,3.562641,0.509851,0.279238
9.007832,6.455358,3.121606,1.319068,0.568249,-0.083967
12.240858,8.324165,9.223703,12.303672,1.866182,4.185444
8.613150,5.881825,1.716849,4.467081,0.646044,1.469345
10.740697,7.416151,3.789602,8.257589,0.617230,-0.434490
25.686060,17.546154,10.289337,14.276562,2.035534,4.555786
77.618759,29.251015,62.104851,83.289505,13.190403,58.720810
56.654739,24.960772,57.367813,74.671608,9.954988,19.111336
24.926504,12.001446,8.322509,9.146611,1.263532,3.770613
10.657676,7.447910,3.948302,0.967488,0.741091,5.052168
7.589337,5.195279,2.426557,0.261779,0.412337,0.226305
18.541302,13.445257,4.746657,9.531427,0.948917,3.712359
5.988167,4.194323,1.955012,2.242043,0.121244,-0.533052
16.118071,11.588346,4.318350,4.449754,0.000934,0.785633
8.911855,6.159109,3.149378,2.286181,0.703940,1.334775
10.195087,7.468460,3.121675,1.541084,0.713276,0.587142
13.292200,9.573256,2.938913,5.852348,0.716627,0.610921
10.153259,7.161511,3.841991,2.708354,1.432147,1.091599
5.440375,4.172832,2.216175,1.644477,0.264814,-0.295314
26.949745,17.408058,23.072371,49.791363,6.843567,5.250126
43.116165,27.584566,23.249716,35.383064,5.324111,27.967836
9.904534,7.059466,2.949723,4.530399,0.294292,-0.333134
20.301592,13.870927,5.260019,7.797965,1.453024,5.243036
20.211054,14.495368,5.671281,6.386188,1.124295,5.176466
14.208019,10.175475,3.870966,3.483388,0.581690,1.880524
24.542664,17.805012,6.358041,8.922635,1.258463,3.119197
56.406784,21.661299,22.506207,30.950418,4.757741,8.535747
53.556770,21.614061,23.444338,36.502747,5.305565,8.171133
5.406966,3.798346,1.787884,1.279568,0.281089,0.500223
4.372613,3.083972,1.715991,2.308401,0.191642,-0.641433
17.029356,12.143657,5.016197,7.678187,1.021887,4.002317
7.058472,4.947832,2.206442,3.956326,0.187442,0.545156
19.958744,13.908787,5.268703,7.725904,0.536325,2.988762
27.548109,19.471527,8.041065,13.085297,1.658754,2.025362
7.677841,5.563621,5.760841,4.983600,0.661728,3.247283
4.044152,3.038359,1.474541,1.509294,-0.077861,0.683377
8.112812,6.202608,3.049547,3.656718,0.546201,0.479576
30.401949,15.325601,12.586512,16.915070,3.815277,26.699661
9.770998,7.297541,3.413370,6.277464,0.620152,1.606136
6.191134,4.757389,2.135085,0.216541,-0.310474,0.416102
32.281330,21.257565,14.129189,21.135464,3.358890,8.534298
16.257778,10.801103,5.911137,9.360581,0.874198,0.142278
13.068766,9.521865,3.649617,6.888104,0.645860,2.050916
6.096201,4.358523,2.035062,1.237401,0.091760,1.595417
5.469419,4.142528,2.075383,1.807207,0.321184,0.804349
5.012831,3.402536,1.974394,3.159912,0.710082,0.561792
8.693195,6.147745,2.203412,5.191970,0.997372,1.470550
5.910930,4.278387,1.738063,2.167317,0.459576,0.473191
18.658974,12.903426,6.292685,10.709918,1.879873,2.585671
40.242706,27.621433,9.981191,18.988571,2.422006,22.055626
33.025410,21.516672,12.471941,19.378004,2.873417,10.608348
6.104502,4.149266,2.491465,5.766022,0.968805,7.174783
8.576532,6.203317,2.715162,5.791998,1.303701,-0.268074
5.140777,3.836439,1.831060,4.067368,0.806995,0.016538
15.541028,10.716019,5.294927,10.573151,1.238108,0.396612
9.788740,7.004303,3.275199,15.414308,2.406304,0.036748
9.185823,6.767007,2.201566,14.003528,2.039038,4.380700
41.109642,21.516499,39.363697,67.771835,14.038887,32.397770
68.998199,28.258787,95.042709,168.113449,24.236027,33.697807
120.596138,31.855543,141.939835,246.102020,31.159254,42.839230
97.850349,31.611099,90.182655,151.052017,20.630213,30.326746
46.958569,18.209087,45.071682,67.195953,10.278453,15.768995
75.517174,22.305519,63.473797,102.417580,18.985710,32.326973
52.814987,22.326029,37.391781,80.723633,15.175990,24.829533
35.532719,23.738380,33.681671,63.159420,9.680882,21.205072
64.695213,30.988888,74.252335,124.483467,16.074282,23.647871
140.647949,50.992661,171.484222,276.636108,36.710659,72.119400
67.453117,29.541250,101.284500,188.988968,20.458792,25.017271
109.741760,53.458813,116.347656,197.431595,26.741358,30.176342
72.786797,20.865593,63.905544,103.226700,15.722623,48.027412
122.962875,59.022003,130.565475,204.877319,27.708096,57.712780
87.863876,26.040920,64.169891,139.496933,18.355904,52.460739
73.622429,22.875614,87.310593,148.751205,22.172379,72.646980
227.385239,59.283680,332.190491,507.078400,85.524826,205.351700
213.678162,61.889439,296.335419,500.444122,68.308266,155.780670
211.511459,55.593983,243.100601,315.485352,47.962177,140.097610
234.124634,55.763039,375.444946,546.322144,75.354645,149.792252
208.812561,55.547272,368.927307,555.616394,68.496567,98.456299
25.452915,9.425823,10.075326,25.858635,3.906724,7.737057
99.670677,33.717232,96.558357,125.093964,17.052408,34.627064
59.223217,20.102928,65.083076,95.205338,14.798943,37.985203
128.302826,39.902714,184.988647,271.788849,36.404808,79.499817
114.896896,35.179630,121.539124,227.277206,28.648399,52.178391
43.516216,16.586653,66.070282,114.963547,17.087399,25.096281
5.422145,4.062020,1.211884,15.189388,2.659634,5.219659
34.727375,18.417202,22.048576,35.942265,4.988819,14.087439
85.573647,29.204287,92.917053,123.108856,18.496586,45.921677
82.874107,33.946522,62.204128,107.032616,14.434954,20.700609
78.464859,30.041210,63.169346,105.062759,12.192865,19.318819
63.342728,28.495510,49.711285,89.817146,9.914458,16.416874
59.133507,21.014853,46.208500,76.921783,11.934854,22.816162
102.336327,52.261105,87.472961,170.198486,28.931978,50.768314
148.601913,42.761181,300.285095,410.231476,54.809090,124.950516
89.286530,39.046265,64.806625,90.865700,12.731095,45.296623
126.351982,32.586521,157.805862,210.114227,30.857420,85.002823
202.905655,55.164310,277.739441,389.220337,54.315655,71.757996
106.581894,38.622906,151.678970,222.328140,28.501204,42.518650
37.909248,17.699295,41.321468,77.086266,10.759266,13.310670
148.193802,54.008831,207.978653,282.907684,38.366302,54.225365
134.476898,40.705193,155.714905,255.147369,32.098034,38.221725
32.946632,14.045663,30.825972,73.076210,10.341623,28.393372
54.876442,22.876677,33.650787,59.402569,9.276585,18.781691
156.185089,49.560574,229.443115,285.972198,43.118526,105.428726
162.113190,49.634670,194.935379,256.213501,38.694481,95.516129
118.818489,46.952114,80.577110,120.648529,18.542753,57.672035
74.932098,31.050022,63.263008,114.355042,17.357384,55.820744
9.377937,6.739000,4.312199,20.157812,3.107701,0.573296
13.253591,9.426202,3.721830,16.371639,2.556448,2.885376
18.931965,12.973278,4.973453,24.825708,3.222588,9.109456
38.603424,22.839334,45.625034,76.779388,10.051373,16.692045
36.044712,19.868721,36.866306,73.020332,9.914669,10.080407
19.583105,9.690037,16.965105,51.305225,5.862615,5.719381
20.409718,14.134486,10.080605,24.726662,4.096293,3.182811
149.605118,37.492104,161.031219,236.132568,33.175407,66.307175
132.456818,45.827251,117.521828,160.989670,24.508993,73.008926
60.079514,34.507774,111.826439,180.781052,21.520504,28.366306
98.768654,26.405741,410.120453,538.183899,68.381226,91.157104
39.860863,23.482225,29.985781,57.535809,7.485663,46.097992
5.252758,3.777158,1.799563,10.051694,1.560838,1.412843
37.115517,23.423605,14.859199,20.767300,4.584417,9.692914
50.803223,25.307228,28.021126,45.122490,6.453047,9.036073
11.016669,7.977734,3.311656,3.940171,1.378222,2.153783
26.745359,17.381178,15.782827,21.478937,3.776925,4.775309
14.301289,10.141092,3.723521,10.653004,1.150775,1.889591
14.317366,10.205317,10.593102,17.480074,2.552763,11.323716
4.138983,3.088350,1.671037,3.638052,0.714131,0.284141
25.739019,16.943802,6.725578,12.974380,1.167230,0.916196
37.808754,23.430941,9.603465,8.862210,0.633397,1.835433
51.861176,30.738913,14.848818,14.150525,1.576423,1.276937
8.854964,6.545868,2.553309,2.111365,1.222685,0.746507
8.055012,5.939434,2.006493,5.526990,0.395169,1.043198
14.970972,10.644834,4.700768,4.750689,0.385309,2.800120
11.237539,8.276837,3.817199,5.308808,0.751516,1.663567
8.827236,6.383370,2.940669,2.164201,0.013570,1.602172
4.172101,3.120902,2.851180,5.687386,0.934998,2.124162
9.182751,6.139885,6.462105,11.344764,2.660105,8.983739
9.741756,6.923838,5.484563,10.021249,1.789878,1.665639
10.740828,7.449030,4.100011,2.371882,0.628574,1.282340
14.849627,6.496339,6.415014,8.010743,1.555536,1.184411
14.392016,6.482647,6.485066,8.291153,1.784682,1.490602
7.406216,5.397451,2.469246,1.491362,0.702599,-0.118065
14.472564,10.179791,4.042398,4.014993,0.489096,0.449992
18.654413,13.191175,4.684988,6.671376,1.278012,0.780104
8.336836,6.096975,3.462862,4.484608,1.538338,1.942497
15.696682,11.357264,4.130363,7.944882,0.912046,1.559526
19.459728,13.480291,4.841261,7.161605,1.027709,2.062982
14.021454,9.967125,4.277844,7.339011,1.173664,6.225789
7.094923,5.380620,4.223048,5.870237,0.613774,2.387270
22.131243,16.088017,18.140476,24.260958,4.209054,21.361931
9.515057,6.817282,4.039573,5.879431,0.762969,0.809358
8.343219,5.866528,4.076273,2.070352,0.731844,0.479563
6.983209,4.629878,2.982274,3.164040,-0.255397,1.497378
7.336127,5.197946,3.255404,2.672831,-0.008212,1.189242
8.602672,6.201782,2.697525,2.410057,0.798174,0.726056
12.983901,9.284150,3.343142,12.152685,4.866632,13.180424
5.781165,4.468606,2.071652,2.516670,0.774922,2.540414
11.985415,8.405905,5.005381,6.883260,0.485223,-0.503468
28.560596,13.013762,11.654792,18.473303,1.557830,2.544479
13.621955,8.672250,4.605569,7.914815,0.556953,1.455160
22.606812,15.587910,6.154016,9.721065,0.736177,2.569575
12.508106,8.749544,3.186798,7.947736,0.624434,2.040130
7.010785,5.001171,2.372044,2.864071,0.866432,-0.211137
13.721245,5.952530,4.223712,6.801138,0.995112,2.071416
13.440604,5.977954,4.133038,7.664814,1.119035,2.627247
36.137306,25.021168,13.074393,16.084288,1.747286,4.991264
5.779350,4.062025,1.338336,5.376437,0.857757,1.266407
4.198392,3.324232,1.564296,2.411464,0.451415,0.307361
4.844214,3.527419,1.741336,1.810653,-0.283681,0.645349
12.140078,8.541676,3.425124,4.320371,0.198337,1.484490
11.269182,7.016175,4.201604,5.593109,0.880915,1.417629
5.741669,4.162756,2.128765,3.895112,0.315004,-0.804183
10.071981,7.115098,3.018996,5.357486,1.267152,1.249263
6.708354,4.952684,1.903819,4.002008,1.141320,0.732906
5.602741,3.736175,1.908680,2.910148,0.232101,0.139088
7.130946,4.905276,3.071639,4.163184,1.018320,1.706739
20.041727,13.818517,5.023750,6.798586,1.127169,4.982645
22.519733,15.935872,11.306822,15.424776,2.160570,2.832329
10.538731,6.283948,4.413351,6.859587,1.042464,2.674497
13.681531,9.597506,3.604862,7.386874,0.561771,6.744262
58.789902,30.640341,81.455925,73.297874,10.519319,21.990896
4.693512,3.315703,1.437894,3.205706,-0.204838,2.606676
13.961246,7.023834,4.930025,6.837858,0.893278,1.045959
20.503700,14.201373,5.200452,14.720654,2.497619,2.928485
76.265633,28.142653,63.321613,87.736237,12.172689,20.450836
73.059982,28.065371,61.267063,95.718033,12.130636,17.964155
9.346115,6.720697,2.641842,11.480042,1.008439,1.535800
27.439238,18.784575,14.480135,32.344639,4.159307,4.769250
55.193661,30.679449,72.492943,111.454620,14.823366,27.193979
59.643639,31.614985,46.619698,57.001831,7.812739,9.493206
41.674641,25.545700,11.522953,24.409071,4.099287,3.922544
74.327881,27.627420,46.346695,73.435265,8.156322,12.406575
75.259926,30.351799,102.908142,155.226242,21.034004,28.724833
103.883270,33.780663,179.362305,231.796692,29.566315,38.513218
46.173855,25.812611,35.552723,75.358665,10.217413,13.465694
73.540527,24.650621,110.561012,142.946579,21.594719,59.738029
84.592018,24.640402,135.604813,176.511749,24.087507,63.961945
55.809032,27.568865,29.719944,47.056557,8.123182,38.062611
60.995636,29.684114,80.637787,113.907753,17.330170,91.997162
26.301821,12.181234,7.177507,26.613729,4.542292,5.497653
49.856541,26.496862,48.002281,75.681404,12.742796,42.795227
98.124352,34.601768,93.115410,156.317795,20.204369,27.922150
54.017193,18.231596,55.366165,94.027817,13.089800,13.262231
12.834725,6.490057,9.584486,27.265167,4.011500,1.875110
13.814848,9.779304,4.064184,7.546690,2.029445,0.716346
21.020281,14.871794,5.439787,10.692016,1.604917,1.233985
5.734228,4.314458,1.864207,2.017680,1.052400,0.892085
6.734679,4.632908,2.456075,5.311729,0.474335,1.898492
12.568433,8.952441,3.647336,3.604242,0.959591,3.957510
13.291283,6.402740,4.144491,5.422087,0.927526,2.177717
13.268592,6.469954,4.146363,6.242752,1.141478,2.554197
8.507182,5.783907,2.707400,0.867713,0.590091,1.908503
4.693620,3.159984,1.800019,0.403227,0.985444,1.738945
10.657708,7.604563,5.232745,4.013129,1.173909,2.420960
5.400120,3.728088,1.578100,0.902101,0.073899,0.459928
4.767150,3.225976,1.475475,-0.155704,0.961649,0.167234
5.436721,3.715613,1.695728,2.601884,0.463189,0.452919
6.142648,4.614769,2.504710,0.768899,0.928563,1.070795
6.981329,5.367257,2.211280,1.296252,0.449459,2.012207
13.731078,9.626486,3.503392,1.450086,0.314216,1.251037
6.377811,4.419449,2.355554,1.265043,0.474441,3.192707
6.830649,5.168143,2.626809,5.340503,0.541074,1.108737
14.513212,10.418062,4.106067,4.919218,0.640757,3.497524
6.833836,5.331016,2.198252,4.179337,0.523893,-0.245875
12.703083,8.761787,3.515884,2.941059,0.622836,0.822653
7.799426,5.800510,2.825981,2.127162,0.216181,0.589912
16.188065,11.462101,4.018078,4.286180,0.985872,0.125851
7.806350,5.423190,2.496066,1.836734,0.298138,0.178288
10.900702,7.631993,2.749640,3.830073,0.684605,2.149660
14.561905,10.401196,8.160109,12.883277,2.598729,5.972202
11.052045,8.242930,5.860358,8.068069,1.387484,2.734868
7.289169,5.666541,2.480418,2.482214,0.233896,0.706780
25.092237,17.269730,12.763646,14.564319,2.567391,5.020195
6.471203,4.472974,2.831166,3.495862,0.755956,0.074780
15.048783,10.803766,6.629193,7.337353,1.005837,2.973165
6.714650,4.842440,1.987087,1.434896,0.086944,2.715306
16.353672,11.626583,4.217063,5.795749,0.275476,2.275742
19.388237,13.482542,6.640068,6.869839,1.607807,1.309750
30.274481,19.158804,27.746490,28.414503,4.494779,8.741253
16.035194,6.453254,17.801912,19.699123,3.165317,7.030046
5.548347,3.985691,1.903673,1.671123,0.531482,0.878865
8.713543,6.254953,2.653367,1.989013,0.591647,-0.437310
7.822351,5.659874,3.994466,3.163603,1.133987,3.039911
14.725211,10.437870,3.691890,10.612118,1.043043,1.492059
19.392962,13.427102,5.941320,11.036974,1.640168,1.601352
19.495710,14.089191,4.345428,5.299459,0.632128,2.975688
21.805916,15.413136,10.126961,9.739029,1.118640,1.808817
42.902817,19.858074,13.936508,15.821815,2.146299,11.270771
18.348969,13.273528,28.385817,35.547005,6.548712,9.422048
7.141457,5.271462,4.849425,7.667334,0.609798,1.851637
21.589931,10.443110,6.266920,9.851397,0.827149,1.675876
7.499667,5.460940,2.260733,0.889601,0.083417,0.473306
13.521443,9.915656,3.145791,3.911914,1.454406,0.497309
13.598441,9.642297,4.705421,6.645239,0.632728,6.387234
16.529978,11.551842,4.779669,6.716202,1.681128,0.667613
7.450969,5.436702,2.603208,3.185555,0.880826,1.153059
18.294006,9.437788,9.430495,14.432955,1.516666,2.682076
18.458616,13.095094,14.197253,22.673542,3.030688,6.355955
8.391858,6.320935,2.176489,0.387150,0.057119,1.437350
5.496891,4.304735,1.937211,-0.093473,0.979899,1.563940
10.062058,7.424383,3.366506,2.798197,0.943993,0.440357
8.991736,4.992758,3.361149,3.051960,0.450920,0.536952
8.986826,4.990312,3.459275,4.404310,0.178934,1.137420
5.064119,3.653426,1.689200,0.592377,0.209515,0.693978
10.346209,7.278324,2.738003,4.057113,0.827392,3.801154
24.993156,17.455688,10.164042,16.780031,1.989588,3.482867
6.637164,4.656119,2.158613,3.741304,0.294582,0.980035
9.932239,7.120915,2.546644,4.887086,0.915707,1.375885
7.723781,5.499227,2.176050,1.983882,0.804157,1.335665
12.267383,9.064633,5.181878,4.969412,1.570009,10.366406
9.028935,6.641042,3.264116,2.784522,0.071877,-0.340793
12.232008,8.554766,3.280980,4.616116,1.368122,8.242545
9.610991,6.719987,2.709000,5.400924,0.955402,1.511174
5.477981,3.924583,1.893231,3.654392,-0.068236,0.649849
16.512493,11.122286,7.832951,6.463202,1.106824,3.045266
13.529906,9.774903,3.820950,5.200995,0.495857,3.624804
4.771288,3.797767,1.570858,3.400176,0.581920,1.405975
16.018568,11.553262,4.745169,6.912254,0.920683,0.631398
10.915313,8.187492,3.696761,4.879285,0.850681,2.309921
13.242932,9.411789,4.543406,2.974722,1.157816,2.382468
10.681109,7.754531,3.109384,1.303413,0.911934,1.393060
4.493944,3.334249,1.664484,3.511263,-0.031166,2.592925
8.742348,6.359417,2.911769,4.809576,1.242342,0.287832
16.871143,11.991374,4.607941,6.394120,1.246611,0.896378
14.099066,9.822329,5.691487,8.931036,0.665967,1.518996
5.550680,3.871613,1.690763,1.522064,0.642957,0.874828
7.402496,5.239997,2.522838,2.049287,0.851958,0.305217
8.150137,5.676660,2.306178,2.237227,0.946337,1.134082
15.875240,11.682446,4.222076,6.652772,0.831060,2.653465
13.547568,9.648134,3.766319,6.551914,1.324340,1.766384
28.243671,20.189518,10.489390,22.384262,2.679753,3.493151
12.003018,8.491651,3.005602,6.004057,0.999812,0.074562
8.385447,5.865019,3.279138,3.275737,0.075442,0.928563
7.817294,5.712955,4.011813,7.198566,0.627081,1.424499
15.936639,11.368649,4.142359,5.609658,0.744423,1.071849
7.608850,5.587843,2.201124,2.703787,0.799098,1.165282
5.080554,3.488448,1.686072,2.619538,0.763671,0.036551
19.640699,14.210798,4.514826,6.153183,0.996751,0.936819
13.790190,10.182198,3.922117,4.719806,0.704233,0.444547
5.352735,4.250309,2.347764,2.028577,0.174098,0.966522
8.031005,6.036049,2.610724,3.529782,0.971579,0.334764
8.886242,6.581414,2.169441,4.823261,0.273440,3.052119
6.211160,4.711822,4.696890,4.229609,1.598963,0.332520
15.401304,10.930102,3.754099,7.272803,0.730755,1.136868
4.312649,3.377059,1.360567,2.094365,-0.002127,0.522866
7.920230,5.615686,2.331764,2.293189,0.381764,0.207931
9.119218,6.653489,2.890191,4.342433,0.523424,1.473046
6.749120,4.602343,2.496424,5.968941,0.965416,1.125118
36.643753,19.497482,11.946829,16.718252,2.735551,4.235196
20.022650,9.232809,9.329634,16.242908,2.128895,2.174439
60.166023,20.852829,35.261967,56.749630,9.820313,38.649117
4.418091,3.149474,1.510032,2.003891,0.692856,1.096353
12.670809,9.042838,3.339927,4.845212,0.117078,0.179425
22.513882,16.022892,6.126009,7.572988,1.172910,0.799052
64.500877,39.097530,35.766369,49.264149,6.896269,5.798905
22.646757,14.749343,14.455344,24.510008,3.852435,34.168148
12.095420,8.336412,3.621023,6.778034,0.597113,2.964718
11.154614,7.878890,2.479097,5.640801,0.382297,1.164796
5.996751,4.644225,2.287905,1.155124,-0.462585,0.749591
16.059134,11.264764,5.342224,10.297885,0.600066,1.684945
16.848879,12.230168,4.733461,6.780444,1.406999,1.102676
11.065043,5.160780,4.027910,3.081637,0.202236,0.311448
4.135437,2.959789,1.789524,0.567390,0.473195,0.725091
20.104277,14.761312,5.919713,7.000662,1.791188,1.833348
4.901101,3.422441,1.784217,2.192240,-0.111623,0.170194
34.061733,22.792532,7.386056,12.192924,1.875779,3.455555
35.354996,19.087929,14.828091,19.218285,3.145667,7.450728
57.374622,27.908724,38.652069,57.977123,7.244153,15.229793
50.853497,18.864756,28.073664,37.643841,6.010644,15.101357
82.385651,31.757355,55.636082,85.645416,11.903484,25.988277
59.868149,24.905895,25.713970,43.348228,5.758281,9.570953
80.156906,26.020258,57.256405,67.221291,9.537425,15.157074
66.127434,26.517477,63.604286,83.298569,9.964254,14.223231
44.039326,27.125599,42.607216,75.778229,10.842364,9.938540
13.898756,9.769047,2.688851,4.760489,0.134657,0.764411
4.708244,3.604769,1.473130,1.345565,0.025492,1.204532
43.153656,20.632225,13.685974,20.820250,2.953060,7.579381
112.108582,37.395935,174.933228,230.499374,31.121880,45.126923
82.988968,39.711250,50.154964,84.312714,11.229123,27.704720
15.415492,10.713303,4.557308,9.787231,1.260017,1.658728
15.559616,11.424304,6.234475,8.686325,1.073184,2.944540
37.882690,24.258062,28.354713,41.095230,5.219737,15.475930
11.331365,8.420012,3.365752,4.068982,1.182238,0.340381
11.307529,8.110929,2.867008,3.383721,0.048558,4.605662
7.565840,5.259474,2.327200,4.567665,0.759040,0.852518
61.371677,21.083654,65.091713,82.447098,12.003107,30.661943
88.653618,29.019350,55.157227,79.475571,10.890215,19.793312
68.928185,23.014658,32.468971,50.680515,7.351185,8.097933
79.053917,32.814205,64.429008,101.147301,14.635072,49.730259
51.845772,27.002520,57.578823,100.890739,13.815282,49.826340
9.943200,7.144385,3.680943,2.871401,1.014410,0.923544
25.283911,17.950972,6.722111,8.144180,0.560717,0.966852
7.913278,5.386731,3.127470,2.080286,0.571977,0.084578
13.099384,9.113342,3.422451,4.601538,0.999327,4.526946
14.964849,10.872098,5.595298,7.660742,1.706170,0.261123
3.948684,2.950592,1.615294,1.192908,0.525722,0.071598
15.628338,11.162338,4.352897,7.906068,0.383161,0.441873
7.409371,5.669916,4.390085,2.758245,1.232892,-0.000017
8.837966,6.290427,2.508272,4.684464,0.449537,0.922856
10.793221,7.701982,3.317819,6.232461,0.665270,1.579890
19.477510,13.961724,6.145423,6.882594,0.625512,0.760375
5.961403,4.190463,2.088979,2.587738,-0.100416,3.652679
34.991638,14.634378,36.263554,49.003738,7.496609,19.816429
14.371796,10.260105,3.875157,8.969365,0.572546,-0.464649
6.848915,4.818560,2.313049,-0.839601,0.666274,2.382784
26.931042,17.591875,22.874146,33.389332,4.542360,28.283792
46.956593,28.217628,27.401831,38.206764,5.614611,10.320327
11.669724,8.291203,3.429041,3.771783,0.593108,4.765532
17.924599,12.694180,6.102032,6.323283,1.120757,1.275688
6.647751,4.740833,2.029333,5.762438,0.251398,-0.201681
22.401136,15.698757,5.412534,4.495843,0.735794,7.623841
4.068904,2.989509,1.761440,2.949098,0.706369,0.794833
8.315302,6.169679,2.616253,2.411702,0.435734,14.209337
3.910041,2.970476,1.546322,2.153662,0.171506,1.127010
7.503259,5.150923,3.213030,2.898839,0.584038,2.351815
12.858717,9.161647,5.698828,10.121012,2.425706,6.274485
5.639718,3.850146,2.252408,2.155669,0.305455,0.717067
7.745228,5.455523,2.345704,2.474994,0.586236,1.727419
14.933712,11.155674,4.535171,11.572310,1.256069,1.886921
14.611128,8.870462,4.105350,8.746725,0.993635,1.556014
19.765804,13.875220,12.229836,13.015411,2.028219,4.369699
5.523551,4.231389,2.045912,2.740932,0.335772,-0.575715
10.457835,7.792792,2.651540,6.647119,0.264256,0.591900
14.441323,10.459805,4.149723,6.788565,0.749686,1.529384
121.790535,30.355225,90.672585,126.096832,21.807514,132.556152
90.657249,30.381561,63.279129,77.891861,12.006126,31.888996
71.035896,22.577200,47.943302,65.474030,10.068386,22.452021
61.864872,20.105675,48.682560,66.170670,9.950610,45.770134
7.937737,5.670214,5.127109,10.100174,0.781637,0.414876
11.642538,8.530565,3.617739,5.541711,0.904559,1.566001
12.615750,8.961964,4.216116,2.664408,1.526028,4.926159
9.560683,7.148960,3.418982,2.868419,0.335181,1.683110
4.932257,3.836811,1.888862,1.095806,0.617594,4.579173
7.183949,5.070589,2.345773,3.942657,0.347938,-0.302592
10.055384,7.538724,2.957338,2.587185,0.713512,0.076246
8.699566,6.608978,2.278421,5.772406,0.885450,0.786943
12.710672,9.006478,4.569479,7.518165,1.411765,3.701407
6.659287,4.784269,1.937814,1.828837,0.580756,0.011479
6.110931,4.263947,1.741835,1.655692,0.224398,0.932958
14.155285,10.276948,4.270168,7.270724,0.401611,2.546732
4.874676,3.461156,1.956490,1.603785,-0.348631,1.086354
4.563079,3.250081,1.275239,3.239608,0.377285,0.012307
5.867402,4.234816,2.303787,4.051097,0.344177,0.748642
8.811218,6.518314,2.871471,3.105005,0.036688,1.295420
7.793314,5.773921,2.574793,1.790576,-0.245868,1.339011
23.917189,12.147601,11.062435,13.518958,2.070905,3.423901
50.474785,26.699743,26.770548,49.061016,8.162017,14.676167
59.773685,25.484467,22.651388,34.609375,4.296287,5.833288
6.532083,4.700575,1.973609,4.180354,-0.315112,0.010531
9.174149,6.298875,2.662414,2.625586,-0.203735,0.796786
13.149628,9.581315,3.200767,2.815380,-0.043403,3.527627
6.267570,4.865245,2.017883,0.242449,0.270472,-0.328801
13.815900,9.671178,3.563761,4.270693,0.918816,10.635385
7.208579,4.960303,2.771835,4.461124,0.526411,0.406892
11.587677,7.979393,3.364715,8.152848,0.398343,2.112750
6.141931,4.412014,3.419746,3.549672,0.528117,0.895768
19.199589,13.642254,4.146611,4.228191,0.581994,0.544403
18.496359,12.819160,5.273565,6.353665,0.705118,0.985547
8.803595,6.437502,2.949538,2.972949,0.868893,0.654385
5.779530,4.430659,1.759243,2.956508,-0.341193,0.281388
8.330598,5.764568,4.122799,5.968027,0.219420,0.864618
13.545810,9.623960,3.312535,5.790612,0.517067,-1.107807
4.681061,3.413416,2.060067,1.535609,0.677871,-0.117516
15.824674,11.324967,3.831419,4.194562,1.036478,1.579183
24.558697,17.811285,6.361055,5.485438,1.524988,9.413166
8.233212,5.852513,2.619101,1.448349,0.107478,5.357856
10.693824,7.510302,2.944646,2.111291,0.628815,-0.007656
7.521170,5.345124,2.469012,3.298145,0.220312,2.103197
11.897009,8.739098,3.355407,2.782132,0.281926,0.718428
6.155552,4.694348,1.805855,3.272498,0.660962,0.417441
18.369858,12.636676,5.313435,6.498048,1.057665,1.563215
4.570292,3.321374,1.931243,0.054008,0.044577,1.122161
11.279585,8.335696,2.612370,2.125115,0.347088,0.378343
4.938179,3.549354,2.048678,2.050435,0.364114,0.244704
11.409105,7.972095,3.209789,3.812178,-0.130992,0.688332
7.585290,5.502466,2.975174,3.882594,0.706200,4.460584
9.072215,6.298716,2.932816,0.570004,0.656424,0.714956
4.632388,3.215348,1.542875,2.618551,0.230411,-0.617801
8.686803,5.871574,2.795786,7.012937,0.870709,1.130725
36.973507,14.389022,15.638873,23.833252,2.283897,3.296023
37.858444,21.000816,46.744652,59.771370,6.953598,10.915515
10.941400,7.827912,3.503949,4.342456,0.700380,-0.308472
16.462982,11.587458,5.614944,9.295546,1.525333,2.459501
10.292234,7.280978,3.543992,2.419694,-0.077054,2.073596
10.552393,7.747350,5.333083,6.343968,1.302301,1.352953
7.126174,5.025235,2.539660,2.656298,0.084803,0.292211
9.120238,6.606130,2.946923,4.731452,0.569146,1.293877
5.236238,3.692959,1.852507,0.455391,0.670809,-0.391666
12.667859,9.011428,3.306020,4.734150,1.076056,1.920081
12.201602,8.688213,9.069453,10.896242,1.997775,2.101370
4.824741,3.641357,1.470773,0.729668,-0.217773,0.607267
7.737765,5.510434,2.854173,2.947605,0.045205,1.340984
22.299480,12.001540,14.629272,16.209925,2.504797,9.307622
6.412932,4.739389,3.485054,4.828678,0.204925,1.434424
11.279464,7.916383,3.165755,2.162993,1.558008,0.258361
10.217161,7.369511,4.139305,3.526414,0.088539,0.887393
17.089838,12.042922,6.712914,6.264180,1.805770,11.462383
21.552788,14.747673,5.768519,3.799688,1.175348,1.187912
12.223850,7.961949,5.173055,10.671626,0.517844,4.717199
16.615532,11.804235,4.204540,4.243965,0.969177,1.746462
6.912525,5.297751,2.145263,1.987884,0.693088,0.353840
11.208194,7.555546,3.510346,5.344532,0.829587,1.938911
14.337292,9.218521,3.433600,8.878719,0.341757,2.509519
52.046326,28.594507,69.729210,97.179802,12.054573,24.867140
40.169659,25.418613,27.217161,40.579659,6.324405,11.968270
65.417122,29.917206,43.286484,61.721615,10.547220,13.560451
26.487274,16.749790,8.130219,29.305273,3.522229,4.114522
19.763065,10.466865,7.690697,24.793692,3.121175,4.790189
74.561104,26.240379,132.971497,180.637619,29.068138,101.737923
78.135246,20.735086,126.205025,182.202423,28.822401,81.366516
150.461792,71.741554,216.373199,283.992737,44.706413,110.276756
202.968781,76.777016,249.104370,341.641998,48.060738,114.371162
61.284679,24.696440,106.439964,175.475266,20.531059,29.542065
51.057991,27.600880,19.347589,60.984856,7.601523,8.363461
27.913496,15.619185,8.566870,35.229427,5.059711,5.987291
73.644325,33.055069,42.723251,79.574409,12.774115,11.988789
63.543877,24.287592,125.449226,154.926743,25.033373,42.252155
4.726959,3.527036,1.674839,15.319320,2.204347,1.435038
11.516982,8.271615,5.801743,20.303143,3.668672,2.146264
113.017815,46.386959,138.747131,196.212845,24.953632,56.355350
67.929344,28.991188,60.158092,84.625305,11.579042,25.523539
66.031013,38.227974,23.525677,47.935638,7.402389,19.987070
21.751234,12.087834,10.220891,25.173962,4.675010,7.671405
25.236851,11.973120,12.704514,30.346720,5.595547,9.831503
16.294823,4.510592,8.917426,26.808189,4.847961,9.952702
74.854515,26.640732,67.905731,98.531860,16.705400,38.335369
150.416626,43.620926,274.319580,381.104919,52.368141,99.089417
92.542931,41.387825,212.559357,339.803314,40.915318,65.485550
134.162872,45.054047,142.308960,244.082672,30.136814,46.684612
93.275421,37.819187,55.299950,95.933640,13.501585,19.292068
105.487968,39.861240,115.178741,153.032623,23.469515,30.459429
125.775200,41.118553,133.256866,206.772964,29.604568,34.846577
81.232399,26.211872,83.204437,142.600250,20.842455,28.772402
159.568924,49.918789,293.597290,418.641266,55.428596,68.203209
81.769089,36.934010,63.159428,101.920380,15.305600,43.214069
135.504456,43.993973,130.052811,188.215942,26.308283,83.149620
153.759216,42.427208,134.316895,201.398941,30.621923,62.028114
150.757919,42.443676,158.010986,224.056946,33.520496,48.208431
121.648949,32.170834,254.561035,355.209869,48.893806,110.369484
126.970337,43.729576,254.614197,382.250000,52.959999,210.662582
101.726822,41.338337,64.720802,126.602516,19.478321,52.009159
75.285789,26.998274,64.851341,124.991402,16.375488,24.373457
63.018696,30.756052,62.760956,98.387405,15.099613,24.927845
94.177177,31.519291,77.300179,127.182838,16.991066,29.290243
153.273193,53.034317,324.052032,417.997681,62.321621,131.482071
20.073355,13.705298,10.181931,28.550350,5.232563,20.415827
27.682636,17.249302,8.042552,21.674009,3.832662,3.819051
51.642670,31.406090,16.270067,35.981728,5.790758,10.440769
21.668026,15.444156,6.161211,19.815775,2.838248,5.894026
85.403961,39.894886,228.666718,296.220764,38.375359,68.041466
29.980225,19.657072,13.979828,34.902817,4.754775,8.476853
52.113789,26.670853,67.828415,110.412453,15.426775,17.707129
41.678261,20.357801,32.874306,67.439690,9.171958,7.299210
62.927021,26.640537,43.979733,62.098770,9.420376,16.421139
95.062569,28.816135,58.827892,88.756165,12.101939,22.507143
76.382912,29.382181,35.873444,71.752167,9.050507,15.075220
38.453281,21.969973,52.231281,96.174377,12.012490,17.211409
9.267126,6.561576,3.365062,10.578872,1.846555,1.671960
18.295689,10.108232,6.951080,17.574846,1.834947,0.992241
8.097438,5.690558,2.234786,5.388458,0.686759,1.217184
17.068745,12.149258,4.804249,5.098149,0.843187,3.434107
12.316969,9.006565,5.331209,7.469701,1.223450,1.465740
5.443783,4.058172,1.836206,3.138508,0.304683,0.869087
9.464374,6.818163,2.439455,6.567699,0.938304,0.722402
10.311845,7.328907,3.606455,3.342060,1.195439,1.970553
8.600651,6.565630,7.357061,15.342931,1.711570,2.062064
11.407830,8.119224,2.824202,3.944652,0.686565,-0.408999
9.629359,7.129415,2.846267,2.496852,0.847955,1.551735
6.201354,4.439152,2.048386,2.102935,0.161886,-0.005209
11.866262,8.283583,4.328316,12.651133,0.415019,1.458082
13.149087,9.138404,4.580359,5.811890,0.805104,2.695641
5.707810,4.048296,1.844023,0.955023,0.251523,-0.100792
24.654421,16.668856,7.244532,8.295754,1.680125,4.819037
3.701664,2.917982,1.642268,2.732719,0.601101,0.666036
24.698719,17.143456,8.231188,11.488893,1.182650,2.980029
28.768839,12.212616,9.936069,15.922562,1.590408,3.036154
28.561596,12.246362,9.947073,16.268591,2.096013,3.118901
13.354723,7.082624,7.951994,11.997306,1.722073,2.327994
11.201021,7.694851,3.448285,5.547602,0.797882,0.357433
21.945267,15.506479,6.951279,10.623616,0.945445,0.180721
10.840862,7.932753,2.767151,3.938840,0.547476,1.814976
13.099824,9.429710,3.731501,4.159807,0.272493,1.654482
15.676398,11.046944,6.764135,7.557802,0.551992,2.312017
8.698450,6.349980,2.878120,4.180109,0.044120,1.087391
4.651007,3.455128,1.749319,4.059244,0.118609,0.908409
5.194666,3.400803,2.317482,2.399486,0.281500,2.654208
10.189781,7.539227,3.791675,4.187235,0.044834,1.351913
6.791230,4.765986,2.056403,2.786394,0.678002,1.051128
40.343494,27.254751,9.884453,17.094606,1.524977,2.603842
34.356190,20.362471,36.486267,54.878357,5.767545,11.770470
5.369216,4.016420,2.830720,2.910502,-0.034935,2.265695
36.979523,24.339088,14.426529,27.939819,3.809780,6.523153
6.075563,4.574975,2.606337,4.112803,0.212974,0.413050
10.297094,7.595231,2.915967,4.527704,-0.136676,1.277329
10.541189,7.837902,3.767815,4.254649,1.122055,1.649835
34.165150,23.050341,11.830708,24.062616,3.001621,3.242870
10.825049,7.710337,3.141272,2.103664,0.893232,1.439374
12.450218,8.709789,3.801135,6.089414,0.096754,1.980061
6.608299,4.668807,2.359390,5.076056,0.287273,1.212740
13.709867,10.149389,3.929535,5.509534,0.747579,1.708336
8.974422,6.447484,2.774764,3.494329,0.605727,0.368868
7.077096,5.200503,2.690058,2.632648,0.244005,-0.108677
22.996275,16.478237,7.536126,7.279263,1.097489,1.875518
18.491144,13.056714,6.790097,6.621404,0.612484,1.559029
23.811817,16.614075,6.310178,7.861717,1.795247,2.051994
9.308361,6.534901,2.994976,5.268679,0.616901,1.315639
38.182907,27.215185,12.565258,16.835123,1.583231,4.659777
15.235859,11.096569,3.225291,7.620706,0.375691,0.764876
14.889497,10.552898,4.556065,4.201644,0.597060,1.607377
34.193874,14.719927,12.105721,18.420952,2.381206,4.574317
34.094643,14.811052,12.200132,19.744547,2.413281,5.261884
8.128770,5.658291,3.240884,7.161732,0.625818,0.564389
4.491573,3.081162,2.193713,-0.260558,0.608652,2.398775
7.416498,5.425136,2.321309,5.032440,0.294035,2.519053
21.449026,15.597403,4.284575,9.928922,1.110167,1.650647
7.411826,5.595650,3.524247,6.550681,0.196690,0.537399
12.218059,7.282084,4.106854,5.582709,0.937789,5.102856
22.310167,15.525184,5.785734,10.222031,0.776207,2.786289
31.431641,16.760260,28.373875,37.971294,6.002918,12.717257
23.064642,11.651138,19.594593,31.720150,4.740540,10.897198
26.419088,18.792994,9.489170,14.321925,1.726576,3.187557
9.272955,6.824503,2.776646,3.770615,0.492321,0.438825
31.457603,21.584810,8.593112,7.168737,0.787458,1.725853
4.982376,3.353795,3.404853,-0.012937,0.772174,0.426657
12.175006,8.459415,3.894205,4.594198,1.169735,2.071683
5.789711,4.171739,2.316150,2.798980,0.450899,-0.183671
53.546642,35.182941,21.384834,24.413198,3.143795,6.185598
6.334561,4.258337,2.370510,4.204283,0.748963,0.579569
20.334675,14.381965,5.093911,8.495954,1.489730,0.949366
55.262161,31.452045,36.352177,40.188347,6.223423,11.116829
19.922289,14.288706,8.562350,13.161357,1.242039,1.032258
23.502363,16.665384,6.261754,10.883683,1.204001,1.673022
8.328121,5.908417,3.164411,1.978698,0.388925,0.028416
12.091472,9.050406,3.417507,4.500226,0.581440,0.958208
4.657303,3.377270,1.395960,0.398989,0.065696,1.381706
4.657844,3.196462,1.386418,5.587970,-0.076616,-0.009745
6.689002,4.591508,1.879171,3.078773,0.385244,1.379359
8.622376,6.064763,2.770531,2.875788,0.340065,1.257402
7.481522,5.365376,1.926023,1.752531,0.688791,-0.061501
7.536811,5.522129,2.451970,4.920054,0.376444,1.283453
6.540977,4.958613,1.592813,1.652498,-0.110691,1.642584
5.801095,4.253155,2.232836,5.679650,0.480829,1.586044
4.892653,3.542721,1.834856,2.591196,0.520730,1.787285
9.379078,6.514154,3.511566,6.566945,0.630278,2.416334
4.321486,3.116764,1.476708,1.392076,0.236814,0.919246
13.251966,8.924323,4.007140,7.852417,0.632949,1.333943
9.298057,6.625794,3.311254,7.149457,1.261317,1.192821
8.500327,6.042322,2.820390,4.379468,0.440232,1.871814
8.676421,5.887863,2.823967,2.959618,1.211552,2.008592
8.929358,6.277593,2.814246,7.405120,0.633979,0.364280
9.788367,7.371194,3.731585,3.633609,0.915355,1.991879
16.276026,9.400278,4.509488,10.503551,1.030552,0.992210
21.737896,15.719945,7.988478,9.516884,1.775795,2.284494
11.946686,8.622900,3.791893,3.959163,1.202346,3.572974
5.952105,4.128430,3.099119,2.833498,0.881873,0.847492
16.687674,11.078132,3.353719,5.630376,1.041965,5.624196
9.559517,6.348403,3.157475,4.538705,1.008559,1.786208
21.994732,10.889070,5.181987,11.551333,2.278269,1.188325
8.629617,6.336652,2.970050,4.173605,1.458555,-0.671480
34.840733,19.685390,10.789883,19.375238,1.954857,1.767402
8.919062,6.105294,2.592182,4.107803,1.316646,2.247509
14.180527,10.496667,4.376193,4.919187,0.524641,1.533132
4.662157,3.186811,1.835639,1.483006,0.381402,-0.677137
5.213325,4.093633,1.655181,4.073268,0.457639,1.030656
9.399225,7.079534,2.632938,4.043808,0.857549,2.283031
13.668625,9.803142,3.463489,4.422210,0.714792,0.662895
8.005510,5.914361,2.808481,4.137223,0.993146,0.192852
10.941114,7.619656,3.816961,8.407253,1.197460,5.661526
8.373762,6.015449,2.262978,1.560969,1.463466,0.350735
8.474261,6.103958,1.474640,5.306454,0.366221,0.813324
6.596774,4.756180,2.742717,2.349027,0.616581,0.309578
9.258615,6.374347,2.678449,7.770227,0.917655,1.167626
10.496894,7.468713,2.471056,3.014163,0.319125,1.018003
9.269201,6.765151,3.414722,5.256374,1.126337,6.430427
10.579196,7.828331,3.907163,4.102010,0.690853,0.986069
15.274451,10.816531,5.176832,5.943795,0.122262,0.897268
17.248020,12.267665,5.008227,7.741530,0.052953,1.098460
10.300045,7.499773,2.679142,5.435775,0.337672,1.193332
5.204911,3.593657,1.838111,3.254776,0.466817,0.528057
6.277726,3.785345,2.519691,1.926011,0.231687,1.107520
13.813740,9.192646,4.479120,7.749612,1.165692,1.220539
19.605902,14.262021,4.694114,7.073223,0.544488,0.636753
33.121948,22.623672,11.092615,15.241027,1.869669,4.203889
5.685069,3.934225,2.236684,1.498718,0.332788,1.182384
33.378971,23.547764,10.516781,12.776674,2.163057,14.773866
5.658098,4.192696,6.538906,5.341066,0.470775,5.102115
3.836312,3.010950,1.841727,3.075421,0.441188,0.426611
36.470493,16.651958,9.487507,10.959944,1.331079,1.950304
36.494099,16.588463,9.592484,10.765844,1.389194,2.118466
30.010260,20.007029,9.668771,12.063678,1.578852,2.421601
7.123213,5.348854,2.415308,5.682411,0.367835,2.199210
7.176044,5.337074,14.069225,8.741206,1.756801,4.031748
16.554823,11.690179,4.662805,5.194436,1.036939,1.262649
9.052588,6.793765,2.960571,3.235981,0.478415,-0.065866
11.998033,8.457184,2.955405,6.494806,-0.069142,1.433353
10.436141,7.603509,2.644785,4.601369,0.064789,-0.271697
18.843693,13.493546,5.258480,9.123097,1.383208,1.077512
13.306890,9.840816,3.452238,6.685884,0.412300,0.944357
5.420662,3.881320,1.861558,3.260598,0.940735,0.287093
29.985523,12.032809,18.815647,19.610228,3.042348,4.827102
33.837360,20.642027,25.368515,38.493664,5.813774,7.680154
24.184053,17.081982,8.510679,11.522860,1.512845,3.432361
10.355721,7.137349,3.300508,6.450269,0.744829,2.103190
40.621971,21.533436,15.202288,23.720869,3.619504,11.435260
92.019119,28.493456,47.834278,62.110741,9.101284,19.172586
64.040848,22.122459,33.731476,56.110729,7.179631,14.994877
163.297531,55.155373,217.198730,307.173065,38.228249,61.365776
99.490997,44.168018,66.006409,110.155853,21.303093,49.382706
59.331310,19.953770,57.742188,115.711388,17.313093,43.856632
73.682785,37.630642,87.070129,125.039650,20.977324,135.643738
8.234246,6.007180,2.643644,8.957601,1.780274,2.463829
12.500569,8.634194,3.504918,5.748241,0.933299,1.436614
35.831005,16.423269,13.785843,20.853323,2.918471,1.589296
15.325962,10.971322,7.388521,11.253915,1.817828,2.839606
5.812026,4.187371,2.048573,2.577386,0.450998,0.697032
17.213144,12.137017,5.646801,7.303791,0.858516,2.374413
28.043520,18.101402,16.853304,22.509739,4.743755,27.138927
5.703915,3.989132,1.995038,4.091195,1.005623,2.375472
17.529741,12.163328,4.771472,8.258524,1.615398,1.252124
18.763689,13.065105,5.076475,5.922288,0.396206,1.707651
16.952606,12.113430,4.250502,4.917615,0.796152,2.391895
11.099030,7.697507,3.302577,5.895447,0.666739,1.032163
8.100826,5.831421,2.562210,4.763739,0.647909,1.500313
9.566579,7.024654,3.199151,3.349740,0.129820,1.380919
10.270484,4.349870,3.378387,5.147580,0.592895,3.374635
13.311090,7.898002,5.676492,11.047271,2.356329,4.364181
5.281982,3.876190,2.174897,2.296281,0.159654,0.297204
8.018448,5.512702,6.725865,11.525267,0.911739,1.368811
6.840926,4.940118,2.463310,1.840561,0.320104,0.401745
6.794734,4.848564,2.470404,4.296031,0.782601,9.832849
5.300764,3.679557,2.149106,0.417111,0.606307,0.841394
9.316096,6.744162,3.220831,4.662328,0.826491,0.680527
7.163763,4.879502,2.334985,5.269549,0.408216,1.792019
17.119970,11.895926,14.285240,21.977633,4.006876,12.654713
27.760691,19.100580,10.991817,14.598837,1.255608,3.059568
6.846109,5.007001,1.554206,2.746515,0.665889,0.179257
5.419189,3.847014,1.694114,5.248558,0.640320,0.119828
19.140329,13.372601,4.623979,7.070507,0.866795,2.434559
8.909679,6.601276,2.871557,4.377926,0.846100,-0.128601
12.650827,9.312372,4.340856,7.188054,0.442423,0.495715
10.343595,7.118580,3.288993,2.338755,0.468094,0.753417
4.651553,3.549664,1.676230,4.278891,-0.027446,0.035128
10.887643,8.127520,3.208204,4.070295,0.907293,0.879967
20.638058,14.611129,6.095055,6.565892,0.781310,3.508932
4.801843,3.769028,1.831445,2.932412,1.030320,-0.208010
15.991408,11.164520,4.002178,9.401191,1.193952,3.270381
15.393158,10.657133,4.729816,3.840874,1.646253,6.344515
11.229167,8.182880,4.015815,6.437050,0.839624,3.416140
77.284569,27.852057,53.066788,76.376602,11.973504,21.518589
62.897285,21.553860,36.898540,64.315735,10.037892,15.605350
56.806183,21.166880,25.656048,40.144535,6.279688,9.039132
44.138702,18.092958,23.000105,36.868793,5.252465,6.173901
6.505311,4.701665,2.234246,5.129408,0.584372,1.199465
5.398334,4.001587,1.805848,0.401205,0.787010,0.235610
18.202885,13.447968,8.893066,7.557078,1.747892,4.208000
10.651422,7.683436,2.731099,6.948869,0.507813,1.359807
6.048797,4.401322,2.771506,2.634403,-0.014705,-0.103951
4.592769,3.472132,1.700927,1.441470,1.080174,2.962364
10.942984,7.959928,3.009196,6.613912,1.227171,6.944345
5.107467,3.330040,2.274452,0.252310,1.402557,0.715817
22.528303,16.380314,7.498923,8.818027,1.193624,0.925056
5.375450,3.677845,1.985716,3.549316,0.648334,2.777896
5.030582,3.802536,2.270650,0.934744,1.171201,0.257528
5.491961,3.613385,1.762007,5.187661,0.270294,1.131987
9.689192,6.553449,3.765536,5.899823,1.330938,8.877042
15.035717,10.546578,3.528546,6.386290,1.413561,1.517099
8.917130,6.384219,2.487718,4.027331,0.016137,-0.556068
9.568215,6.975259,2.916922,6.670537,-0.122344,0.921095
18.909702,13.298922,10.490174,16.946838,2.814098,17.070145
22.561777,9.637730,6.613287,11.101181,2.307530,2.059341
22.296978,9.673772,6.430130,10.600050,2.531130,2.497914
5.593346,4.259200,2.862783,1.903942,0.668944,-0.631660
16.561497,11.543444,8.171926,11.102060,2.007542,1.764031
9.267378,6.777649,2.932275,4.103915,0.978746,1.691522
15.536887,11.494821,4.479658,4.040431,1.533177,0.813446
14.631846,10.034878,10.411996,12.311275,2.177707,12.283669
5.592171,4.037469,1.670330,3.884783,0.361691,0.661854
14.160810,10.381904,3.737923,6.353651,0.705841,-0.406737
9.853555,7.056582,3.715086,8.239516,0.294989,3.465931
6.269678,4.841837,2.581918,3.621605,0.681741,0.513079
11.285144,8.197042,3.336924,4.224587,0.521177,1.098263
9.398321,6.475794,6.402965,7.101954,1.088528,2.782310
5.089334,4.002460,1.794222,3.361495,0.196103,0.515240
45.866749,21.681982,26.986931,40.807224,5.432555,9.055308
10.205621,7.386299,3.714924,4.569638,0.937109,1.243866
6.099942,4.383941,2.315415,3.749813,0.363185,1.571135
4.120579,2.979828,1.599291,2.991889,0.155165,0.429707
20.113556,13.531441,7.915522,11.767395,2.350123,11.036391
7.263066,5.271811,1.994335,6.244549,0.381219,0.539875
7.988505,5.729766,2.592771,3.386165,0.294192,1.293848
4.963751,3.703586,1.684190,4.998676,0.344198,2.100842
6.175326,4.551333,2.275517,4.712785,0.166985,1.737884
5.508094,3.880348,1.947735,4.043781,0.111636,1.765772
13.244844,9.481027,4.659887,7.549357,0.994110,1.318049
7.797788,5.797919,2.548326,7.439120,0.932004,1.581632
5.331705,3.936562,1.085456,1.848328,0.458778,0.019219
15.474162,10.623689,7.303137,8.554886,1.140654,2.845561
5.910226,4.221792,1.518640,2.249049,0.589775,0.514579
10.839894,7.997850,3.338534,6.599269,1.402893,0.795323
7.306131,5.316523,2.452477,4.122415,0.505256,2.809628
6.810521,5.146595,3.197063,3.173123,0.626452,1.298222
13.458884,9.830188,3.381726,5.471378,0.616952,0.680082
6.870013,5.213281,2.399867,4.160400,0.212933,0.262724
8.005003,5.637391,2.840460,3.941164,0.871049,1.548611
6.603050,4.694171,2.814240,3.682856,0.444999,-0.187371
6.041277,4.489661,2.260099,3.772197,-0.544067,0.692004
4.659500,3.541014,1.722751,2.921643,0.432109,0.884357
4.457676,3.402112,1.512992,-0.541525,0.335173,-0.327340
11.614471,8.334166,3.205506,4.106654,1.044765,1.370463
6.345963,4.735698,2.185200,1.463026,-0.096042,1.231608
5.323320,3.993715,1.941808,2.131741,0.356116,2.010119
17.823002,13.027778,4.851097,7.628073,0.430893,0.950378
7.509858,5.275134,2.223693,5.982831,0.287744,0.729853
4.688572,3.523749,1.327984,2.806800,0.118364,0.474960
16.533802,12.088503,6.272564,8.059898,1.035146,2.010289
8.219249,6.104218,2.285964,2.317717,0.197932,9.505738
6.054893,4.318264,4.984061,9.817209,1.079102,1.702351
6.386487,4.557165,3.245657,3.616452,1.072511,1.067070
46.506649,22.228510,21.684532,28.862837,5.388426,34.751659
37.648224,19.282953,43.449665,60.807522,8.956825,48.655582
4.829440,3.673075,1.790315,4.294177,0.786571,-0.623354
12.689241,9.192088,6.179337,6.085432,1.295866,1.298631
11.713339,7.912250,4.109519,2.835516,1.247652,0.510354
5.060951,3.911530,4.886495,8.663609,0.891424,2.496621
7.919917,5.894447,2.229998,4.655995,0.809005,0.529164
29.573475,20.760241,6.293877,10.191712,1.513282,3.023570
10.471669,7.352259,3.383172,5.352977,0.478964,0.251126
10.118587,7.394607,3.324404,6.180952,1.001896,1.255429
18.204882,12.701707,7.663433,12.619052,1.426943,1.984424
5.702579,4.272684,1.889723,1.795478,0.697028,0.860143
5.411394,4.065902,2.707073,5.765968,0.537123,1.059728
25.000834,18.373360,5.776733,9.373466,1.744038,8.865540
9.321407,6.673955,2.402748,5.055263,0.198848,1.504164
7.597519,5.075125,2.689231,3.502682,0.665929,0.107678
7.876937,5.620071,3.466884,0.551098,0.217329,1.100674
10.350595,7.262197,3.470657,6.100452,1.004077,5.990202
8.907003,6.475879,2.731559,3.349275,0.452795,0.166572
10.020925,7.147367,3.195930,5.667233,0.692169,-0.099310
21.289389,14.722166,6.187773,8.315149,1.499267,1.951336
9.419428,6.660040,4.480062,7.354661,0.695641,2.469713
10.004460,7.323596,2.572166,3.826710,0.527894,0.254752
5.492533,3.584896,4.153906,4.477170,0.372641,2.819792
7.997895,5.802788,3.459584,2.555781,0.927796,0.806484
16.113728,11.444539,8.097203,12.450354,2.021087,4.461577
4.706415,3.356817,1.689416,-0.281539,-0.052842,0.296646
4.935588,3.885331,1.858922,0.712110,0.659859,0.607995
11.927333,8.393277,2.883354,8.375648,0.677364,1.408395
13.125932,9.446619,4.428755,3.776235,1.518228,2.051762
21.858145,8.399413,7.690721,9.590739,2.151877,3.377465
41.418064,17.876387,30.555355,34.860420,6.325141,7.826166
9.769887,6.345816,4.699332,11.977437,1.359423,3.503844
24.400541,15.491950,37.825996,58.163849,7.396050,14.942826
11.193959,7.767168,3.385613,2.519162,0.264600,4.060428
37.904831,25.026112,24.388039,30.613174,3.357400,7.527203
13.460238,9.687172,3.955985,6.621412,2.113621,4.678343
4.769454,3.502497,1.496343,3.573132,0.372379,1.472253
5.229761,3.794492,2.001606,2.774388,-0.157162,0.669545
24.082926,9.780721,11.027719,13.452484,3.015893,6.223505
32.169262,19.779362,16.178501,22.154163,3.808439,4.349278
5.029157,3.709416,1.999731,2.522987,0.596832,0.609887
17.046267,12.403133,5.095617,7.185693,0.724223,2.233301
23.745007,16.223297,21.952646,24.449924,3.946876,5.497620
14.340763,9.923452,3.890021,5.172081,0.584246,2.852206
5.446493,4.288061,1.967770,1.956688,0.912683,0.081879
5.823700,4.357061,2.293535,0.736465,0.049994,0.768788
7.722663,5.734077,4.308128,4.789019,0.949116,1.080667
5.387637,3.747806,2.196271,1.197686,-0.030260,-0.659924
4.828470,3.859607,1.722345,2.698071,0.188551,2.052866
8.465199,6.043794,2.560928,2.227054,0.058162,0.563249
18.660643,13.903739,9.586350,16.425123,1.539409,0.648851
8.675806,6.154641,2.507622,3.623686,0.662257,1.958245
19.113562,13.946989,5.570208,7.370870,0.656804,1.271346
7.473653,5.345037,1.586700,-0.421682,0.193150,1.719151
14.264788,9.945019,4.276336,3.890877,0.508915,0.193030
14.398865,10.273159,4.482267,4.098381,0.249685,0.965640
43.838291,16.180445,27.593857,40.636341,5.247338,8.129831
43.077160,16.157112,27.352205,46.291206,6.174189,8.239253
8.184868,5.758713,2.392250,1.652325,1.002532,0.885445
11.860227,8.320436,3.766601,6.028420,1.020318,0.438446
14.157052,9.982892,3.911865,5.776762,0.932464,2.096273
17.910444,10.896795,6.600450,8.574124,1.057006,4.213745
9.207608,3.806330,3.794894,5.138467,0.842702,5.043530
8.108710,5.681704,2.654397,1.341504,1.118170,1.098448
20.965935,11.217296,6.868933,11.130355,1.551835,1.156314
14.771582,6.518667,5.054067,9.318476,0.664760,1.313533
4.077466,3.137024,1.835491,2.750349,-0.127567,0.141127
9.796646,6.761461,3.104756,5.170342,0.799157,1.434137
25.853573,14.440922,8.236471,12.972784,1.496269,2.543464
9.228745,6.827197,3.110204,5.912053,0.254923,1.797161
4.469853,3.155025,2.179864,5.884254,0.300109,1.012397
68.946045,41.550976,102.787949,122.006172,15.742406,19.462971
11.363744,6.952081,2.775487,4.362474,0.222181,0.921941
31.368044,21.363029,7.770107,8.673097,2.100187,2.188881
25.862560,17.163759,7.620138,9.718905,2.154143,3.488922
10.459553,7.326222,3.747033,0.555278,0.474429,0.548935
9.549977,6.590930,2.528011,2.658839,0.442317,0.537518
48.926662,30.913019,16.839512,14.717142,2.679521,9.176003
80.574989,32.787960,32.602402,37.151363,5.649436,14.459315
64.755737,21.723175,35.607990,49.597118,6.497650,14.937852
12.931068,8.959950,4.422751,1.356252,1.066522,4.165584
5.678053,4.168337,2.310287,2.356555,0.300377,1.498236
12.291266,8.613631,3.587627,4.366016,0.329335,2.113310
19.990629,13.834146,7.016977,9.887593,1.569716,7.603677
8.365990,6.123435,2.540518,5.399567,0.332947,1.871338
18.180983,12.609702,4.691482,6.007113,1.016451,1.208825
10.969429,7.682138,3.058953,2.883704,1.376207,0.657227
9.520720,7.236043,5.085834,7.742318,0.793280,1.287357
8.544974,6.354064,3.767281,4.956540,0.821951,0.627462
4.222563,3.151144,1.362135,1.093090,0.648736,0.831209
7.035954,4.925429,2.814667,1.120545,0.347785,-0.202669
18.225374,11.750682,5.465215,7.959816,0.801572,3.215745
8.217328,5.700764,3.828726,2.225642,0.610571,3.565329
9.681568,6.915597,2.825138,0.963061,0.737198,3.784257
60.091461,28.668461,38.659122,49.573616,7.029964,8.404382
4.450428,3.296019,1.766403,1.045398,0.388946,0.514773
75.054413,28.886829,39.281567,45.992428,7.121987,20.123182
32.481033,12.949606,45.218479,61.834621,9.883477,14.987168
56.860020,32.611858,41.117203,78.057793,8.514304,13.820010
40.524757,16.292542,31.010958,38.366161,7.286490,11.301014
56.808266,26.099644,44.418926,68.668587,9.764890,15.831429
15.697284,10.965635,9.965877,9.020293,2.503033,5.300857
4.799802,3.447248,1.866325,3.315130,0.303345,1.080405
25.196045,17.016672,7.776540,9.186364,1.510167,2.880272
8.236727,5.762948,2.657468,1.139963,-0.099017,0.272890
8.156137,6.207707,2.297438,2.578140,0.689748,0.386978
16.603409,7.913968,5.941165,6.539768,1.037788,6.370191
12.436528,5.493345,5.264924,2.721209,0.777419,5.756719
7.281150,5.318521,2.550624,1.292946,0.528380,0.720387
10.101105,7.012863,2.989373,-0.909338,0.968243,-0.080458
15.936015,11.051337,6.862977,11.919810,1.217527,2.317658
17.148632,12.077509,6.600694,8.088850,1.005043,1.253873
8.823974,6.507948,2.923252,1.804903,1.065574,0.102497
4.904110,3.868034,2.016683,3.967415,0.127553,0.677117
23.934742,14.078804,7.200403,7.830289,1.051203,1.741062
17.926884,11.338294,7.940110,12.955774,0.983550,3.718312
5.213130,3.681412,2.092311,-0.778155,-0.264198,-0.069102
5.858959,4.228789,1.906809,1.564552,0.364848,2.027886
9.965330,7.214792,2.722003,4.837157,0.675481,1.582178
4.168682,3.412666,1.471328,2.054280,0.450219,0.754450
4.916174,3.674761,2.065733,-0.057742,0.028103,1.902229
3.962204,2.918294,1.751260,1.751382,-0.260753,1.701975
5.166146,3.665514,2.006481,1.955307,0.498781,0.803048
10.402997,7.617017,4.754103,6.022778,1.417266,3.972476
11.126484,8.049306,3.422376,3.491275,1.023982,6.078536
8.787268,6.431047,2.919314,1.028343,0.990871,0.033921
5.044480,3.603492,2.031650,3.088908,0.490652,2.253661
14.776773,10.543821,4.557654,5.447048,0.630825,2.671688
16.842739,11.931931,5.814691,4.579978,0.804170,1.205965
20.699747,14.800311,6.229833,6.887848,1.644638,2.684655
7.071754,5.514678,2.447871,0.956053,0.471863,0.727832
14.288017,10.016234,4.835092,3.558222,0.735033,2.293506
11.342264,8.103200,3.444736,5.885939,0.629686,1.273282
17.095921,12.252584,4.740464,2.730808,1.113578,1.503992
16.609098,11.728292,4.620139,3.615628,0.774483,2.284898
35.724941,19.201862,12.515707,15.457883,3.136380,5.223988
5.399925,4.016351,2.364006,2.594743,0.470217,0.746973
8.506641,6.348352,2.449428,2.346359,0.829724,0.049680
4.712561,3.744580,1.887459,4.098717,0.576826,0.134837
13.539858,8.645422,4.884631,2.834636,0.664504,1.204623
15.435422,8.939028,5.574946,5.598248,0.864026,0.872288
6.723482,4.881525,2.707868,1.582640,-0.105407,4.203230
8.310382,6.310375,2.943663,1.937981,-0.113728,1.343396
10.725643,7.481465,3.582053,1.966489,0.387104,-0.080394
9.344817,6.725925,2.731672,4.155708,0.713032,1.175793
14.686179,10.486071,3.944604,3.601835,-0.073790,-0.603275
5.386191,4.120325,2.450739,-0.141292,0.229138,0.752460
3.678216,3.167952,1.928247,-0.121083,-0.330781,0.114830
7.069017,5.454964,2.302950,1.635321,0.224812,0.636902
6.505339,4.748486,4.070047,4.001252,1.024292,1.111255
7.082478,5.404224,2.046671,1.193028,0.690402,0.761506
5.814362,4.250300,3.748740,2.535452,0.462600,1.174785
9.782988,7.079817,3.983828,7.040527,0.828094,1.008379
13.882937,10.186538,4.195899,2.054506,0.297640,0.722864
9.995423,6.898079,4.146392,5.710537,0.347160,1.442199
12.752444,9.187984,4.305206,3.391990,0.777483,1.377613
9.865479,6.898140,2.838651,2.487235,0.295587,4.034356
5.620976,4.004131,3.520061,2.110078,0.506839,0.906352
13.851460,9.949531,3.522811,5.108516,1.305772,0.819309
6.980103,4.920293,2.790968,1.028073,0.668618,0.802482
19.309519,12.757597,5.931036,6.884807,0.767235,7.592015
21.391495,14.505172,6.504811,9.779269,1.819013,2.548982
6.161926,4.271632,2.201352,-1.273197,0.416417,1.471846
21.946617,16.057281,4.866124,3.811390,0.807212,9.008637
17.719013,12.371176,3.876599,7.437566,1.381177,2.001292
10.807527,5.715374,3.622616,6.822533,0.707907,-0.044651
10.487084,5.670630,3.480196,6.571546,0.739611,0.104491
20.479567,14.411911,4.802507,6.041107,0.521444,2.454958
5.246083,3.646718,1.667701,1.279608,0.538262,-0.063569
4.888892,3.630471,1.936780,0.239969,0.456979,0.665355
9.091568,6.573421,2.942969,3.364346,0.565758,-0.398826
6.083411,4.593986,2.445382,2.629514,0.373285,0.768572
9.051584,3.857261,2.491091,3.963694,0.388321,0.079310
17.973154,13.105220,3.582898,5.653048,0.863238,1.119809
9.111915,6.402787,2.993870,1.990089,-0.290006,0.677056
9.233924,6.641688,2.716304,4.878093,1.042778,5.517136
4.518934,3.534137,1.601583,1.442056,0.517856,1.297822
5.623260,4.103551,1.752628,2.300838,0.599253,1.441818
14.403953,10.636290,3.855494,6.116202,1.088242,1.682450
17.719460,11.888548,5.190337,8.208900,1.570730,1.786073
7.190134,3.706272,2.375931,6.762293,1.286212,0.310126
5.814279,4.569935,1.995176,6.021563,0.838622,0.994839
5.355756,3.728863,1.892125,7.089512,1.054278,0.835997
53.905067,26.684990,25.904943,51.620247,7.207127,10.482233
33.695263,16.630417,18.715605,46.031105,6.353717,9.504643
175.607986,52.236481,296.250427,462.291595,58.108250,64.323853
168.989151,53.827747,368.486786,552.094788,74.049469,131.550949
192.412491,53.752693,439.678345,668.156616,85.430840,144.873428
91.283394,27.855339,40.385391,91.136658,12.932032,11.758060
84.200409,23.109882,32.960659,96.708015,17.879606,30.806145
54.196430,23.093306,21.589319,76.799828,15.164638,28.420010
23.573370,15.201805,20.916531,43.048584,4.697886,23.716934
77.260460,42.912682,43.512108,63.651466,7.887358,14.007261
17.375374,7.004935,8.259043,25.000126,3.711637,3.929957
17.243628,10.338178,12.324942,29.169918,3.784270,4.764913
60.833992,26.694326,17.493004,39.542366,5.810792,9.213491
49.057739,15.443039,20.466875,37.807262,5.910654,9.454697
57.601368,23.322887,76.643814,118.446533,22.670519,52.974613
56.613499,25.932344,95.013359,160.765869,26.266224,62.053009
88.811737,34.289333,203.019882,227.137772,33.176113,53.618084
53.868778,26.345097,53.576195,98.296761,11.921021,13.791477
40.434200,20.241280,29.483328,51.448692,6.849069,6.314901
89.512352,34.972744,106.902664,159.544739,22.212307,38.669582
102.763634,41.297581,112.639130,190.761688,25.006149,31.064915
24.362223,10.459357,9.471655,26.917664,4.260312,5.105343
46.052338,26.114317,51.234146,93.006523,12.836493,19.758226
161.372925,48.595673,183.464935,258.431488,38.254696,119.735901
173.662811,45.687969,191.615356,282.368073,38.583790,96.613068
154.662430,54.650948,203.920074,327.977081,41.806011,71.289558
112.379082,42.878193,143.935059,256.105530,30.013483,44.311222
25.034721,16.029978,11.948113,37.854561,4.801860,6.122453
76.560692,34.787437,40.903297,79.952400,11.026839,20.815897
99.706665,35.882542,81.776352,136.817444,18.916370,33.368603
124.828506,35.956615,143.961823,208.870499,32.389107,62.222847
137.773483,33.140217,217.344315,332.788055,46.830612,83.356247
109.539391,33.214382,187.503036,308.525909,41.136353,70.106949
88.564156,25.506565,88.080849,144.878906,21.074398,65.233269
111.324051,37.283962,177.822800,271.346130,39.908520,122.742973
67.852310,37.242359,66.865433,144.624939,17.271568,22.287039
16.246645,10.379544,10.713114,40.813286,5.544004,4.918417
36.293617,19.679499,17.960007,39.677753,8.080696,19.095413
39.514748,22.138090,24.547121,60.707256,7.916495,12.585524
124.804459,38.755131,280.635010,392.903839,54.974636,89.945328
119.451256,38.648468,300.794067,451.927155,59.515461,100.442131
15.320200,11.282058,4.312623,21.303530,2.284356,2.221065
28.978745,16.946459,26.835938,42.214127,6.972803,7.070521
57.276806,22.350220,56.429924,88.287697,12.300346,13.321413
60.415001,14.956725,43.365524,85.858482,10.090825,10.443851
32.272209,13.389786,41.559227,66.510231,8.350162,9.885948
25.390163,15.389352,7.069312,27.862026,5.508661,5.160229
77.509415,28.121677,66.812462,112.909622,12.796173,21.899593
87.298111,28.209883,80.960892,129.065689,15.519267,30.969172
66.493973,26.926498,80.194534,131.464798,17.601665,30.287102
33.144009,14.135023,36.992859,46.885925,8.012266,14.643229
46.505886,15.350524,75.898186,110.737381,15.514153,21.117302
48.552113,18.675837,46.193893,80.143906,11.688111,15.445350
87.072121,35.430119,62.179012,121.934814,17.052431,20.083481
43.222588,16.686726,41.757900,50.621155,9.751704,30.545527
88.313484,36.694611,201.353653,259.212219,37.718994,76.616875
41.762585,19.106800,70.598015,105.553787,11.741109,31.221333
34.499825,12.383920,46.239689,77.817497,10.884553,19.386309
83.561333,37.560780,63.717022,110.091240,14.536093,26.491407
64.267868,22.285616,44.817623,91.739159,11.037163,17.705114
136.983566,51.723545,248.537994,305.950378,42.409348,83.498138
220.794327,55.558701,297.189331,420.550446,55.449589,95.964149
199.519501,55.174931,205.041168,338.654633,44.483181,80.755348
147.803802,39.962215,191.610321,281.680603,37.870052,88.270103
125.563995,34.305016,165.956924,213.410263,29.275824,71.713318
123.095207,43.594986,126.431198,148.836243,23.872911,51.544666
121.118362,52.588268,182.188629,225.992401,29.882774,60.559193
20.300583,13.290298,26.403564,37.327103,5.661902,13.355227
9.431802,6.658224,2.621109,11.889775,2.765936,9.069110
8.341496,6.007726,3.288988,10.384264,1.079665,1.334639
99.048904,49.289188,129.728073,182.229019,24.187983,45.889896
50.287598,29.325876,39.840099,85.269920,13.244927,67.454414
6.891782,5.183087,2.955567,15.625483,1.925715,3.348147
11.738836,8.711707,3.245464,11.152068,2.917540,1.421831
62.543430,36.599087,42.155445,75.791649,9.344593,14.171944
28.089178,20.418583,13.117108,35.548145,6.602103,17.956011
60.104477,34.770981,42.369366,79.583733,13.547893,31.981394
67.584312,23.278921,102.808022,156.353851,22.541428,63.465580
62.487553,19.315384,60.037365,118.964310,14.693255,30.445288
47.573494,21.646976,32.796062,60.435005,7.916974,20.164461
92.335281,34.799145,92.380280,134.651917,20.112671,45.374489
158.538132,47.822475,439.141724,608.786682,90.045212,237.696793
104.041771,42.991051,48.032204,107.678688,16.042969,27.926849
133.298981,40.944790,141.071564,180.166656,30.953659,62.344074
135.751740,52.991436,215.514984,275.348877,40.542007,69.366562
11.304892,7.706334,4.182179,28.738098,4.434177,4.821368
111.170532,43.271797,100.885323,144.778961,20.847641,39.149384
67.417061,21.516319,49.578377,92.146660,12.204059,12.174598
98.041008,38.616051,97.634834,146.267899,18.609674,34.373901
30.410322,17.105759,23.924740,64.853119,5.680531,7.720469
31.769655,15.716854,19.494570,46.130222,6.166366,9.838918
103.371010,38.366982,161.086044,261.427032,33.329926,58.914459
46.456753,23.627481,52.703037,119.970345,14.876648,25.404623
55.075016,26.033522,35.937111,75.600250,9.758165,11.621903
69.053474,26.890762,218.167648,329.774170,41.415203,66.157776
138.458817,39.861160,238.039444,365.616882,45.223186,66.137718
128.047226,32.005112,113.221558,152.934982,22.761770,100.573486
19.171865,13.856381,8.324685,29.294832,4.987684,5.955420
31.149105,21.278414,40.634628,66.510345,9.027051,11.004667
9.605033,7.045846,3.011787,9.121170,0.765839,1.918601
16.069153,10.229881,11.556747,21.348211,2.633378,6.279082
37.273056,15.768517,9.867953,18.946190,2.274464,2.913582
7.590214,5.665713,3.880118,6.232287,0.819320,0.636592
4.516838,3.369680,2.025383,0.475362,0.191076,0.540116
7.092945,5.323099,4.157526,2.161661,0.376917,4.362827
6.480330,4.600435,2.179068,2.111501,-0.630489,-0.095268
4.168436,3.055663,1.675214,1.547233,-0.059055,0.668494
32.476254,23.128712,14.831705,24.372187,3.107618,6.804021
24.510872,17.799982,7.130426,11.420508,1.946885,7.368323
6.271651,4.648105,2.287841,2.376886,0.033597,3.044724
5.231657,3.974516,2.304706,1.911107,0.395370,0.792291
21.051075,14.820236,6.143064,7.041064,0.842068,1.126438
11.016372,8.390108,3.457269,2.677824,0.589983,1.771755
22.652990,16.000946,7.393923,9.871195,1.783856,1.528659
11.184222,8.196318,3.461410,3.201596,-0.060547,2.203915
5.343444,4.019750,1.939569,0.369079,-0.372176,1.264622
15.270914,10.754956,6.045627,6.789456,0.893717,1.422433
14.661061,10.773728,3.834355,7.277972,0.633407,0.954227
12.131643,5.793782,3.702573,5.245632,0.883749,1.314028
15.626184,9.401084,3.782761,10.105888,1.078095,2.531771
7.403307,5.263003,2.501961,2.303348,-0.169650,3.553142
5.510425,4.290552,2.192987,0.711577,0.314489,0.590307
4.752883,3.618522,1.465826,0.577680,0.068473,-0.012826
11.378926,7.896891,3.434725,4.859947,-0.563423,0.344905
20.871698,15.148805,5.316412,7.184295,0.401034,2.687955
12.484540,9.215899,4.504040,4.290470,0.235506,1.100883
13.910506,9.864377,3.756180,4.487082,0.709187,1.162126
5.673861,4.259552,1.820487,0.154249,0.119092,1.420287
9.422629,6.872604,3.348365,1.620961,0.286703,1.302089
11.833964,8.599543,2.978153,3.479017,0.195197,3.220414
24.835215,17.585777,20.258713,28.919722,3.701968,6.238322
16.417664,11.747523,4.756986,4.390374,0.933655,6.987221
18.803175,13.711888,4.385066,11.127938,0.670411,0.971271
17.846201,12.970937,4.540261,8.803723,0.695145,1.060674
8.634768,6.482528,2.805286,1.692646,0.154159,0.168050
18.138168,11.171082,6.117070,5.279791,0.834410,1.639506
4.648582,3.255717,1.470818,0.071856,0.566996,1.417378
15.795733,11.098754,5.070928,5.196406,0.132789,1.426513
17.902308,12.794622,5.208779,3.156258,0.039053,0.620794
20.949175,14.932544,5.759004,8.277012,1.189491,1.003667
8.221946,6.170174,2.381375,2.984261,0.376895,0.807142
9.551821,7.096855,2.789104,5.517537,0.716590,2.280694
8.785477,6.504698,2.619119,6.424141,0.376012,3.598891
36.067226,16.914499,19.125759,33.316620,5.210132,16.815680
64.278442,22.164391,55.622658,72.501526,13.915241,66.440445
83.953842,34.706768,53.122639,81.986320,11.646934,86.082802
17.573692,12.361427,11.780898,20.862322,2.784975,2.153703
50.629864,21.081722,59.588299,76.920624,12.590203,24.425335
45.140717,21.265957,31.676050,63.722908,8.345632,8.375190
34.926300,21.287083,50.642960,72.401489,9.791043,19.115419
106.830017,46.601028,250.145340,247.174332,38.454910,105.434608
33.289734,13.870955,71.003151,94.328789,13.320438,35.085014
29.500246,20.131866,9.191710,23.678797,3.808101,5.359836
65.928528,22.840483,27.373751,57.110538,7.297011,9.500730
100.263321,33.993629,74.734955,107.705467,14.770662,18.001543
84.213615,36.281715,78.086609,119.973839,13.851596,16.558043
82.818619,41.406944,119.722282,131.124649,21.479851,43.362164
191.747421,52.121517,518.979553,672.689270,84.819458,126.664505
47.503857,20.709059,40.775803,66.945961,10.075978,13.704880
28.865978,12.239274,25.374245,53.743572,6.886091,6.216135
113.577164,43.544792,77.745384,125.920105,17.619772,24.295631
113.949875,43.431103,84.838089,152.828064,20.267183,24.237053
45.051647,21.530369,49.888985,87.500809,12.279400,24.340754
5.708259,4.000432,2.421438,6.980474,1.577135,1.275245
14.366477,10.005520,3.581362,13.353461,1.761441,1.111047
36.541321,23.488350,16.002089,39.444973,3.855836,6.011355
94.758293,49.366394,148.939880,207.331696,27.603300,37.084869
13.054775,9.065463,7.330084,31.523376,4.209848,6.274529
65.542061,35.793026,40.160416,81.414467,12.037745,16.175737
96.043381,47.377285,149.004593,223.157562,31.081074,54.568344
27.164579,13.766558,47.963581,88.803452,13.111439,18.169455
83.767609,32.800468,121.482185,186.003906,23.763937,42.407558
6.574372,4.587735,1.456623,21.973576,3.683362,1.672417
37.127575,26.733330,14.473804,28.723215,5.190531,20.698997
71.634987,28.175251,35.912842,53.049942,9.818454,51.993073
148.567520,37.998917,314.932343,405.767670,58.645138,231.686691
117.578575,33.214981,165.487976,298.597839,38.799587,61.245876
113.857933,28.903399,122.928139,235.026642,33.486187,53.872990
87.725945,32.906555,90.435875,122.298676,21.977905,151.448273
83.279648,37.393578,130.998047,187.102921,35.195297,149.116302
13.924664,9.713353,3.284387,15.504949,1.909614,3.121044
29.546186,19.179995,9.761064,13.655951,1.970912,6.134881
10.796899,7.759886,4.683699,11.095877,2.393527,3.436859
12.758685,8.879591,3.386113,7.153042,1.557255,0.568994
8.179000,5.655006,2.416525,5.354511,0.580955,0.653075
7.644104,5.594912,2.697446,3.702152,0.150697,1.022445
18.692276,13.082411,4.585626,7.139450,1.405690,2.508897
4.685127,3.857331,1.592179,4.025470,-0.106391,1.107179
11.383071,7.922126,3.524199,7.975266,1.607906,7.837525
6.256971,4.243279,2.438149,0.422895,0.372466,0.545222
4.481492,3.532986,1.835932,1.465396,0.472443,-0.292642
23.168285,18.236214,7.614938,8.569832,2.054443,19.561104
31.558174,20.067327,11.276396,15.417025,2.778230,24.131615
13.226702,9.217799,3.740251,4.601802,1.454214,0.260791
8.887941,6.790489,2.835779,6.343025,1.033253,0.581312
14.297246,10.079599,3.835562,5.947604,0.517080,0.633881
7.859412,5.994585,1.887695,4.704578,1.104821,1.230923
20.770754,10.155499,9.618518,13.404416,1.562933,8.490930
20.663502,14.196646,6.543020,7.513030,0.795545,3.018518
25.839872,18.181293,6.645931,11.222344,1.767431,2.605710
13.968034,9.946518,4.093995,7.123129,1.330612,2.166402
13.259214,9.518063,3.941420,5.614810,0.356319,1.153420
18.027592,13.147451,7.721408,9.435068,1.870554,5.665366
15.828092,11.181535,6.790682,6.091255,1.889957,2.427100
20.281055,14.342487,5.457645,8.584007,0.747463,1.895716
10.376643,7.214462,4.026816,5.815814,0.735025,1.826507
12.715516,9.005448,3.514501,4.721228,0.734729,0.916352
18.328726,12.902224,5.813217,8.776325,0.971067,1.606790
9.381221,6.693907,2.611749,6.162016,1.078518,0.987952
4.258815,3.460722,1.731083,2.981361,0.960450,0.188225
7.867917,5.504821,2.937285,5.138286,0.778555,0.596107
7.182945,5.228975,2.183041,3.973513,0.280956,-0.124669
5.834635,3.937622,2.278459,2.913410,0.232850,0.206540
58.342705,30.796789,38.965420,46.535713,5.789580,7.744643
12.603266,8.847149,3.999383,7.145962,1.047219,1.853667
10.402990,7.448188,8.850856,9.891963,1.473512,1.526647
4.980848,3.659633,1.859851,3.781999,-0.150003,-0.018194
4.191597,3.100876,1.964328,2.577885,0.234305,-0.858832
4.311419,3.345397,1.862455,2.466011,0.188677,1.514642
7.513165,5.379150,1.583699,0.853443,0.750026,-0.531639
6.111299,4.552401,2.394171,5.316576,-0.143135,-0.182281
13.600616,9.932775,4.039566,8.878740,0.890923,-0.102542
5.239258,4.111063,1.787403,3.554782,0.121729,-0.566381
10.274631,6.152259,5.716451,4.925469,0.682872,1.849499
13.549711,7.018879,3.719857,3.746709,0.895954,0.841765
4.128975,3.259774,1.702857,0.449024,0.427952,-0.223140
6.214643,4.656575,2.376886,2.050178,0.391414,0.990746
7.055983,4.973287,1.765377,5.112571,0.606988,0.583078
7.415970,5.594264,2.054911,4.251467,0.842410,0.313476
7.827488,5.773045,5.332927,7.290986,1.005221,1.909261
10.504767,7.808166,3.598398,4.774663,0.282509,0.123625
19.307522,7.590280,5.548839,10.545918,0.594633,0.960407
18.560436,7.407421,5.689097,10.877016,0.984097,0.581247
10.549842,7.910918,6.911891,7.647189,1.350017,3.618069
39.413586,27.020260,11.429199,23.392387,3.352371,4.463762
25.906925,18.437431,6.766929,9.846305,1.092092,1.760884
11.000653,8.023351,2.995837,6.609910,0.449631,2.316189
7.575367,5.713387,2.560009,2.194041,0.623558,0.819214
9.092628,6.514502,3.388074,5.328440,0.749216,1.969889
16.899937,8.656440,5.058736,6.267706,1.309718,3.746436
4.480154,3.068661,1.243314,4.293319,0.501093,0.594541
7.467116,5.267035,5.192450,10.228716,0.570820,2.272397
4.751421,3.358919,1.511428,5.875031,0.676506,0.698520
8.810266,6.101661,5.478365,5.600520,0.661975,-0.182955
35.101532,24.204155,14.112850,18.534962,3.233009,5.203841
20.258175,14.017617,5.033218,7.712791,0.514754,2.462104
59.564354,24.361225,33.679413,61.531059,7.775681,10.380184
20.672943,14.915416,6.649866,9.177549,1.608099,3.060360
9.216786,6.501477,3.159913,2.642238,0.755898,-0.098105
4.883976,3.528894,1.830021,3.839215,0.320814,-0.168125
6.320010,4.738060,1.655298,3.580043,-0.107926,0.981559
8.566953,6.026143,2.529300,6.267045,0.506546,4.364016
17.491489,12.117982,5.714676,7.184019,1.441850,5.527932
17.974981,12.943676,10.386261,8.193959,0.877325,0.736120
9.990829,7.108998,3.113298,4.102991,0.746720,0.695007
8.012527,5.216816,2.146360,3.262475,0.836814,0.214056
11.251711,7.726929,3.042233,4.123778,1.399912,0.846549
5.882695,4.391428,2.106812,1.820123,-0.004734,-0.121151
19.301947,12.107805,42.151379,58.603485,8.210292,14.763476
27.068703,18.240808,22.293926,27.563341,3.392402,6.319311
13.923992,10.140942,5.984462,8.858637,1.098079,1.616382
5.452030,3.987383,2.430055,6.533260,0.393944,3.993922
5.778404,4.192705,2.086826,4.722914,-0.100838,1.092470
6.656587,5.191714,2.258955,1.053225,0.350637,-0.240291
5.277669,3.575772,1.940117,2.992620,0.250572,0.508809
16.606426,11.762160,4.374832,6.411497,1.325580,2.044303
4.751962,3.751390,1.506923,2.036510,0.237703,-0.150714
7.619130,5.544254,2.394315,4.423326,0.869391,0.587837
16.875273,11.929292,6.219325,11.234156,1.937807,3.354208
15.764112,10.961524,5.816476,8.132313,1.181097,1.473024
17.863316,12.610530,14.504576,20.655985,2.904308,4.764728
7.414410,5.074924,2.610746,2.385649,0.507582,-1.202037
8.055080,5.668898,2.838300,3.827491,0.788874,0.872235
4.315822,3.370046,1.753247,2.908039,0.233865,0.023965
23.092409,16.093916,6.631040,8.634731,1.299032,0.491903
17.447361,12.375451,6.541492,12.182128,1.236431,2.436785
17.063934,12.168722,17.477781,28.528252,4.029281,6.519211
25.083885,17.604385,8.621685,16.031303,1.998212,5.637663
5.152737,3.550795,1.966700,3.426260,0.555880,1.012505
23.744268,12.822886,6.318630,12.573004,2.157015,1.203848
5.081216,3.657092,2.053113,1.457378,0.579241,2.087255
7.553784,5.672185,2.264513,2.515399,0.106670,0.146712
4.753371,3.695671,1.477581,3.143907,-0.362098,-0.170205
11.380673,7.949757,3.310387,6.439518,1.421129,0.401372
11.788135,8.702614,3.075550,9.018156,0.506102,2.268108
15.856292,11.728371,3.497557,3.469575,0.562285,0.136492
10.514197,7.674859,2.592582,5.370056,0.677779,0.955163
11.649519,8.195126,2.930698,8.702880,0.336040,1.569784
4.430936,3.264848,1.522703,3.192784,0.118039,0.657272
14.142152,10.034612,3.925169,4.011123,0.964665,1.244953
9.495069,6.732494,3.276934,4.381428,0.819974,0.698027
7.355901,5.125671,2.295880,1.304948,0.536423,2.780113
12.410697,8.813548,3.633190,8.730211,1.808417,6.981405
9.984685,6.964673,3.747789,5.445963,0.765620,-0.488613
15.489797,10.893708,3.166733,8.660932,0.395903,1.874252
18.284634,12.801515,4.854079,6.074870,0.772596,2.567629
17.246464,12.028827,4.567146,5.789425,0.934048,4.648221
17.561434,8.139942,6.068811,8.504301,1.053941,4.439073
17.669228,8.109016,6.165856,8.464375,0.928735,4.428287
6.488039,4.516810,1.871337,5.153358,-0.265173,1.001577
8.039577,5.975086,2.059450,3.305470,0.265042,-0.082219
11.871116,8.479134,2.533375,4.402417,0.513738,2.038273
5.946584,4.414318,2.997042,4.472849,0.854363,0.637428
23.686302,12.877833,7.621099,10.592235,0.437429,3.792129
29.130747,16.805431,10.847922,16.733841,1.174815,5.619443
5.960160,4.300643,2.254218,3.631570,-0.160105,1.266399
11.535539,8.058800,3.498725,4.641140,1.025917,6.814160
7.234678,5.554738,1.343719,2.826468,0.915933,0.506212
11.896732,8.508841,3.660041,3.874082,0.153692,2.847936
47.902225,29.004210,61.574371,73.649055,13.173463,26.467699
38.224766,23.529583,23.415699,31.716448,4.278532,5.867572
12.833457,9.339556,3.354730,3.889655,0.179981,1.586152
9.114647,6.702549,2.943701,2.704552,0.779751,6.140642
23.758413,11.947457,19.835320,28.109386,3.449492,8.663676
24.562950,12.027887,21.921728,35.570652,3.964947,9.736362
5.103659,3.711704,2.092325,1.390880,0.185050,0.566656
26.510511,18.848965,6.654512,7.774922,1.662237,3.715497
6.130213,4.535399,1.840286,1.075300,0.722788,1.537471
24.438517,16.892042,14.441481,22.104177,2.783255,4.276662
12.832883,9.287150,3.557425,5.432451,0.816092,1.204525
20.918964,14.681280,6.118666,8.156548,0.663159,0.857838
13.620828,9.958224,4.124485,8.920034,0.481901,2.611931
4.295657,3.219819,2.010116,2.513024,0.173518,0.800907
25.969835,13.990392,9.525520,12.147719,1.536362,1.286899
19.741495,11.590267,7.631264,13.738566,1.491665,1.824795
5.480932,4.313848,2.480984,3.815741,0.421382,1.104938
4.695985,3.526398,1.748828,2.919797,0.161484,0.656809
16.633913,11.584331,5.226139,7.165781,0.603951,4.905122
4.008787,3.097138,1.570773,2.643291,0.586976,2.277533
42.817787,29.296713,20.338745,26.934666,4.731536,14.825758
6.465219,4.873821,2.094332,2.365008,0.266010,0.716990
9.415605,7.127297,2.326865,5.175735,1.422179,1.045050
5.406184,3.955998,3.354409,3.664858,0.741192,4.903065
7.082006,5.396196,2.204209,1.227632,1.173902,1.478023
22.120975,15.466964,15.239276,14.006208,2.276386,3.742446
7.044063,5.401990,2.254344,5.363034,0.426838,0.840119
6.662330,5.060795,2.509077,1.323566,0.323175,2.202766
19.016384,13.586868,3.901489,6.968198,1.149251,4.532280
11.294359,8.206057,3.677267,2.789132,0.498608,1.702794
19.991480,14.165143,5.847919,8.560966,1.899323,2.648812
4.652199,3.124837,1.971806,3.830281,-0.209916,0.684173
11.210787,8.308785,4.248871,2.795561,0.960240,0.030859
20.794411,14.638861,5.835385,8.434679,1.272231,6.727740
8.794711,6.765731,2.794400,3.459776,0.255726,1.501521
18.450850,12.907478,4.829821,4.999509,0.846575,2.228019
9.513285,6.924985,3.010195,4.308766,1.150519,1.012883
5.715923,3.907035,1.377764,2.948428,0.540075,1.713385
14.492074,10.321759,4.895376,4.856736,0.643802,3.950144
12.441320,8.859262,3.524536,6.280135,1.502199,2.309242
26.345213,13.881716,7.106114,11.634306,1.646441,4.778947
10.054465,7.278460,2.755152,5.639263,0.319899,0.642419
4.738903,3.642485,1.617370,2.576108,0.352503,0.744032
23.495646,16.635029,8.545694,9.277817,1.523160,2.944807
4.926721,3.276487,2.136290,-0.188050,0.260617,1.881900
5.307256,3.729335,2.093976,5.590459,-0.085001,0.098542
5.283279,4.149312,1.860921,-0.157611,0.572164,1.120390
7.191714,5.381296,2.264976,3.482856,-0.095950,1.193127
5.910744,4.228714,2.268722,1.930669,0.711083,0.692281
4.621376,3.131116,1.771650,0.812589,0.117581,1.037343
7.101173,5.091520,3.179702,5.909964,0.450807,0.921818
10.843514,7.798504,3.785136,2.566340,0.338623,0.833122
13.159086,9.229141,3.540055,9.455584,1.074146,1.835728
5.033257,3.889644,1.734097,2.820144,-0.216971,1.515875
8.309894,6.076131,3.056543,4.300342,0.640148,0.229269
6.536924,5.041766,2.233700,3.134109,0.402130,0.735549
16.514288,11.909982,4.593592,5.373206,0.248990,1.533772
9.453193,6.696515,2.733613,4.396385,0.547707,1.222490
18.907431,13.447640,5.355235,5.540905,0.979872,5.289676
9.608657,7.220522,2.604701,4.374712,0.847451,0.868528
23.902431,17.461737,6.994094,13.632193,1.085939,2.265491
24.643251,16.652636,11.566307,14.896200,2.672210,10.084516
18.106960,12.632977,6.278333,11.110451,1.578813,2.670857
21.458622,15.426464,7.657684,9.347705,1.114502,4.609433
13.231615,9.021483,6.781453,8.408559,1.467098,1.414584
7.160189,5.413226,2.182766,3.256357,0.724425,0.691251
24.543024,17.781946,9.806460,11.870431,1.795874,2.373162
4.849324,3.499110,1.912217,4.476939,0.490748,0.134458
5.088136,3.888767,1.575039,0.252796,-0.264255,0.343515
6.918447,4.841594,3.806669,4.302060,0.250511,0.576846
8.347287,5.983069,2.595251,2.647054,0.481791,1.621334
15.560758,11.062027,4.604160,7.044642,1.044957,0.766919
6.876412,4.736689,2.449924,2.489482,0.316802,2.848935
32.129673,21.670622,8.266440,7.612914,1.600832,3.706119
22.152407,15.097749,14.610103,20.367416,2.271122,5.409065
5.629778,4.193887,1.836226,5.130307,0.951014,0.749347
12.294991,8.974975,3.722200,5.118754,0.194314,-0.130614
4.916953,3.822623,1.544513,3.654413,0.496606,-0.076404
58.133133,35.499439,21.634119,30.045397,3.528583,12.263190
21.854326,15.767731,7.040709,12.178555,1.498794,2.652968
4.485247,3.362846,1.735122,4.071928,-0.205845,1.694494
17.628942,12.255330,5.639897,9.616714,1.022234,3.978018
5.901553,4.632324,2.004144,2.028214,0.476568,1.591034
16.501923,11.875216,5.356601,6.140226,1.069369,3.405260
5.677437,4.310970,2.261522,3.109650,0.592392,1.392226
8.514724,5.942719,4.697525,8.568071,0.707030,8.716573
9.330128,6.333950,2.741077,6.418605,0.606398,0.311615
109.436508,49.151047,90.629616,129.798645,21.012768,77.237236
75.267342,38.879852,74.748131,126.405792,19.479549,69.293831
27.163019,17.306602,7.317070,20.737856,2.657538,5.297530
90.041565,31.826214,125.592682,125.752670,24.728176,114.638535
146.443268,47.323807,291.011444,349.652924,50.705200,166.817871
69.231758,28.808338,51.618057,85.854393,13.859278,37.260017
93.284286,34.078770,118.716393,205.559097,37.529057,171.015549
76.234718,37.186195,70.668594,117.008354,17.690140,33.502697
34.943462,20.230028,23.107544,56.085999,7.194425,10.172909
140.426788,55.403706,232.888214,305.477142,45.028629,62.902546
109.189911,38.284153,210.518524,297.116119,37.807457,48.061611
99.973488,44.036823,39.647511,75.483528,9.476340,14.659668
64.753204,23.910227,52.162403,73.795601,9.911206,15.086866
46.156933,21.117990,27.982292,60.482388,7.034749,5.853584
31.600752,22.311563,13.090830,22.937216,4.095290,11.423138
162.406937,43.728699,768.545105,883.359253,130.646118,291.829041
27.641518,9.543378,11.420908,40.391430,6.133760,7.865992
15.936505,7.531116,16.304533,23.955259,3.461724,7.093587
9.821342,6.807183,3.066079,10.780561,1.487238,1.330238
7.965603,6.021790,2.533610,4.357069,0.762810,2.096557
8.918389,6.842113,2.866208,5.227446,0.180387,0.997543
12.204755,8.944002,3.615973,3.498004,0.965045,1.750072
4.714687,3.322586,2.701152,5.331537,0.107902,2.009139
5.541950,3.991559,2.106331,4.011866,-0.022155,1.898878
4.979044,3.634579,1.643124,2.192003,0.273790,0.667329
11.834904,8.861638,3.953748,5.305971,0.636855,1.744087
15.959171,10.789980,6.427208,7.412839,0.571197,2.195956
7.863400,5.582394,3.039167,2.874279,1.058044,0.839085
9.235890,6.744968,2.448443,4.454190,0.221573,-0.018331
28.158918,20.067820,9.083843,13.848034,3.463264,4.014412
14.972779,10.793728,4.155919,3.923493,0.881545,1.472629
8.198719,5.523203,2.949360,6.389787,0.297923,0.261786
16.385708,11.572890,4.430151,6.838816,0.480390,1.528646
28.960297,20.552822,6.572402,5.701508,1.385002,2.567639
8.424269,6.231250,2.322874,3.414126,0.234352,6.460548
22.275475,15.323576,6.733562,12.906083,1.301103,9.044227
10.302914,7.255161,2.920687,3.821365,0.238740,3.349831
7.451440,5.853739,2.587176,2.714394,0.693045,0.859658
14.550753,10.103867,9.750988,15.687041,2.017014,2.599061
4.317832,3.329353,1.669288,3.110521,0.638529,0.065238
6.861148,4.706290,1.964514,2.800289,1.001559,2.231340
6.561983,4.898082,1.687438,2.156812,0.368370,1.656446
6.456810,4.386697,1.686224,4.342594,0.792374,-0.537694
4.770050,3.356701,2.046633,-0.128780,0.633799,0.524881
5.245751,3.751989,2.021243,1.614453,0.280002,-0.084542
13.848629,9.928970,3.556708,7.159008,1.192648,1.273385
4.032976,3.041495,1.316324,1.231121,0.643162,-0.106177
13.887695,9.943138,5.429889,10.806082,2.048396,7.234890
22.159580,15.679110,11.005183,19.584721,2.388803,3.950540
16.912386,12.275884,4.426170,6.136001,1.205695,1.597196
23.398401,16.505306,11.543529,9.097010,1.524502,2.006509
6.154728,4.657250,2.010856,3.825106,0.663187,2.059376
6.294702,4.621974,1.868513,1.392739,-0.233667,-0.200652
8.163643,5.790882,3.343631,1.961500,0.181683,1.316586
7.769767,5.589736,1.748397,2.338299,1.128710,-0.413879
4.700634,3.284545,1.918323,3.515053,0.525603,-0.037948
14.538441,8.865387,5.067793,5.968001,0.271082,3.028639
9.920805,6.972394,2.631775,3.008216,-0.114188,1.202674
18.293369,12.737121,6.817531,8.100689,1.050463,8.910991
19.469639,13.853472,4.577267,10.872440,1.224262,11.440712
7.925602,5.852312,2.097838,2.389577,0.524419,1.221539
20.013901,14.106589,7.888483,9.196911,1.079897,1.603855
7.115209,5.333971,1.724926,4.431154,0.402535,0.044511
19.157108,13.760489,5.145740,5.171707,0.182225,2.067905
11.326347,6.072535,3.794586,3.729921,0.552622,2.528790
10.779401,6.662292,3.900150,4.924460,0.373424,0.992284
11.266689,7.949782,3.597843,5.159022,0.727782,1.748968
8.166405,5.948007,2.478271,3.459296,0.193700,0.752301
4.954496,3.494320,2.229414,4.429458,0.520639,0.642653
9.171864,6.148222,2.888621,3.050168,0.263397,0.372503
7.447946,5.196120,1.745436,3.873744,-0.002401,1.028823
5.457798,3.969644,1.758920,2.038530,0.309240,0.439181
14.508565,10.552933,14.602338,21.818930,3.663471,4.929428
4.968165,3.368475,3.426453,6.006118,1.179974,1.109776
5.177555,4.003850,4.380805,6.692592,1.306555,2.965407
10.119764,7.666960,2.700544,3.949947,0.359698,1.571551
5.539986,4.253650,3.380785,7.402802,1.192071,1.892878
4.891177,3.469530,2.430865,4.390836,1.248190,0.570718
7.730087,5.388911,1.923220,2.211759,0.180384,0.159207
28.955721,19.811419,12.996712,14.431563,1.875056,4.896532
21.109051,14.769617,8.822634,15.861701,2.344643,1.302761
32.208328,15.397430,13.717826,16.781075,2.250438,1.554701
9.729574,6.523662,2.978500,6.668124,0.856503,4.371620
9.823919,6.907189,2.991717,2.775563,0.546340,2.750115
17.361113,12.559800,3.787813,8.033889,1.410204,2.103497
7.341040,5.347955,2.342552,4.241695,0.997044,1.026269
13.724081,9.566735,4.218383,7.506025,1.003669,0.410698
11.629024,8.156505,3.058397,6.132576,0.340024,1.258842
15.108416,10.366794,4.409050,6.894596,0.792356,1.477829
4.840670,3.450782,1.740379,3.123838,0.662712,0.026922
4.677821,3.334735,2.087347,3.063888,0.723564,2.387655
12.739641,7.770689,8.055185,17.781456,2.617706,5.016425
6.812623,4.604197,2.515615,2.515587,0.393666,0.178055
5.376316,3.838754,1.932781,3.258297,0.130901,0.511100
13.581827,9.400266,4.648611,5.920940,1.447250,0.752555
13.074586,9.645459,3.581930,5.866295,1.082605,2.358456
13.555673,9.228297,4.044681,2.884028,0.969111,0.322784
10.597912,7.667830,2.782206,2.955604,0.509538,0.815034
6.762125,5.035708,2.041204,2.553855,0.430600,-0.053757
6.949472,4.924971,2.579356,7.583897,0.596939,6.410477
14.626182,9.880954,9.878979,19.677172,2.782710,2.944368
14.075912,10.058053,4.026153,6.406256,0.758830,1.617788
5.676791,4.238325,2.330019,3.103352,0.225657,0.945800
21.135639,15.173623,6.425516,8.946897,2.652936,11.201178
20.621578,10.032859,6.251779,9.001160,1.761895,4.478807
9.481747,6.459398,2.954178,4.023973,0.507517,1.714463
47.016731,29.794294,16.356358,24.845362,4.001824,4.565198
29.733788,20.046030,8.289497,14.346574,1.344779,4.995655
19.415548,13.642506,7.406606,12.828426,1.756622,3.985234
4.448024,3.526930,1.561725,1.641544,0.605067,-0.091095
12.211122,8.921141,3.800350,4.168282,0.543716,1.028281
10.226962,7.381308,4.057356,6.047328,0.685870,2.744833
74.922699,34.882805,34.826805,47.650078,8.295314,24.174471
8.793437,6.532028,2.418021,1.689500,1.339103,4.094977
9.338207,7.063332,2.512793,4.255272,0.821751,5.560874
10.483147,7.055577,9.486584,13.347908,1.580285,2.669063
7.719481,5.448236,2.141370,6.456157,0.781995,0.243910
23.550587,16.127535,6.207856,11.345650,1.932748,16.456757
9.732218,7.019034,2.956149,7.541702,-0.295805,1.101956
26.874239,18.352125,13.298604,18.610306,1.861336,4.992259
6.962003,4.720930,2.323374,3.590644,0.432512,1.474305
12.093762,8.775867,3.538108,7.780887,1.484945,2.527949
9.844232,6.954188,2.566080,4.114183,0.442313,1.051877
16.215166,11.257469,6.894534,6.475202,1.206235,0.779631
13.282437,9.358577,3.292530,9.679314,0.270438,1.809492
5.386335,3.640496,1.852488,2.872232,0.760605,0.140488
6.192488,4.552780,2.168408,5.274854,0.953848,0.337486
18.313093,12.767929,5.537863,7.191566,0.930208,1.200379
11.039823,7.607382,4.019508,3.400093,0.324424,0.621707
12.437430,8.946033,3.216238,7.198711,0.129536,2.041935
13.316624,9.589854,5.073475,3.377059,0.734466,2.662706
6.777474,4.989527,1.997055,3.001898,0.583920,-0.144419
5.248071,3.848701,1.941925,1.182501,0.290769,2.030832
4.807065,3.537752,1.990360,1.328841,-0.172565,-0.312250
15.567517,11.280422,3.808786,5.486227,1.332537,0.781447
8.371034,5.853588,2.212394,1.606971,1.272234,0.478514
12.616841,9.351326,3.587677,3.140820,0.265250,0.195738
7.438131,5.428776,2.383019,3.588768,1.173216,2.019678
5.258067,3.735963,1.943156,4.952948,0.794566,3.047981
6.819345,5.182037,5.161498,7.010130,1.054766,0.787736
6.808277,5.181662,2.389410,5.994323,0.290847,1.798174
18.464108,11.630597,5.544663,9.951394,1.866294,1.827152
14.266063,8.945823,4.672069,4.867499,1.030425,2.794371
5.720081,4.069060,2.466129,3.797622,0.534550,1.309639
13.169164,9.309866,4.396933,9.906024,1.196818,1.533672
4.007947,3.119845,1.662034,0.742648,0.860101,4.389034
9.166491,5.531394,3.137157,1.502816,0.167539,0.465745
21.354309,15.113794,11.687583,13.365176,2.935503,14.142567
9.761452,7.062701,3.501160,4.038346,0.577325,1.594358
14.802794,10.768585,3.740833,3.235322,1.909616,2.032142
22.909025,15.142722,20.484867,28.019646,3.051382,14.843846
4.857839,3.510918,2.629330,4.640904,0.681308,0.596374
9.496995,6.709837,3.175069,3.525395,0.530453,0.469786
3.814682,3.013339,1.638313,2.213460,0.239296,0.254488
5.729163,3.984774,6.716101,5.460515,1.197103,1.257886
23.802376,16.337650,9.835010,18.889921,3.391226,8.216127
10.403363,7.211199,2.522405,3.470770,1.123785,0.892549
17.445812,12.398488,3.838490,5.926436,1.248778,7.431555
6.044353,4.577401,1.904046,3.802085,0.735290,2.572742
11.444145,8.121549,6.832893,5.464557,0.863388,2.940205
7.719454,5.742607,2.993265,1.980490,0.796155,0.768641
29.140532,15.002430,10.581713,18.312832,1.813960,2.147235
17.483322,11.564811,4.761751,9.023712,1.688078,1.135400
4.128150,3.064461,1.711435,3.352592,-0.015297,1.609684
18.248781,12.565857,12.296095,19.593605,1.680113,4.726007
30.112417,17.516083,12.391888,20.081947,2.692943,4.858369
7.940745,5.625814,2.994848,5.023281,0.632591,1.185478
8.655416,6.347368,3.313968,2.084774,0.430128,1.627522
13.596774,9.960154,12.440860,16.394024,1.707017,7.810629
15.731626,6.956594,13.057302,18.507612,3.383327,8.500438
6.849536,4.965380,2.365918,3.715555,0.287090,1.510502
7.393094,5.510663,2.597590,2.324396,0.226180,-0.015428
17.275925,12.289869,5.631919,6.786505,1.315172,3.546959
6.928218,4.952921,3.387961,3.077178,0.418848,1.354922
16.819319,12.341059,4.054591,6.463262,1.203951,6.149001
9.526147,6.706365,2.768720,7.525910,0.795341,0.675881
10.763397,7.536608,3.119478,4.446925,1.258681,0.208515
5.454175,3.940798,1.813553,1.889357,0.570096,0.577640
17.893690,12.782353,4.129907,5.909800,0.923272,1.419031
11.028682,8.128908,3.893028,7.973502,1.398921,0.593368
5.078526,3.860469,1.925200,2.002096,0.139387,1.006289
8.593861,6.072096,2.575065,6.535022,0.268297,0.793349
9.971051,7.311954,2.851860,4.148841,0.307151,1.046273
8.800991,6.388021,2.673015,2.354270,0.513820,1.846569
9.526867,6.727028,2.547268,5.095887,0.794853,1.927512
19.128656,13.433061,6.707456,9.969586,1.341958,1.258119
7.832950,5.653430,2.545628,3.025927,-0.130067,1.004005
24.879152,16.302359,25.958921,43.655224,5.016018,9.443457
7.970243,6.024356,2.114991,1.978218,0.948741,1.834699
11.965783,8.236312,3.627800,5.265490,0.791825,1.464991
25.023903,17.165533,6.503727,9.135205,1.538394,3.458833
16.612930,11.990221,4.655690,6.094049,0.774763,1.831409
6.822021,4.817622,2.427405,3.582439,-0.199310,4.747091
8.290071,5.750099,2.775158,0.667048,0.466232,1.982430
21.600054,14.101948,7.108593,10.997837,1.060182,1.989640
6.586303,4.859829,1.929196,3.243312,0.459926,0.871188
4.992728,4.086174,1.973119,3.455625,0.265510,1.222321
9.489954,6.711104,2.212720,6.199423,0.549573,1.201281
4.134737,3.192764,1.492036,0.795452,0.616673,0.158106
7.280859,5.158406,2.216433,3.589625,0.048513,1.260378
3.853550,3.146269,1.564683,2.658496,0.007419,0.385305
9.255688,6.782234,2.911311,2.980613,0.784048,0.532706
12.918742,9.023683,4.674303,6.872972,0.892095,2.504664
29.348261,20.269526,8.417534,12.740040,0.988379,5.373925
20.550726,14.588921,6.807376,7.668045,0.652144,0.835256
4.732753,3.131054,2.316542,-0.819052,0.702036,0.126381
8.608636,6.106724,2.775899,3.667909,1.012979,3.005964
6.638691,5.048372,3.328227,4.087823,0.800557,0.375096
5.531835,4.018470,1.440649,2.095680,0.328093,0.712899
14.562231,10.641062,3.665211,4.993227,0.729075,0.031495
16.528845,11.250566,29.434126,31.931850,5.159609,8.784151
4.489688,3.576074,2.441613,4.831134,0.948808,3.377214
6.348898,4.659969,2.177955,2.369210,0.606687,5.499001
18.169666,12.787888,7.474637,8.847670,0.691892,0.092188
8.675587,6.286174,3.022454,5.625697,0.740301,2.291579
5.391330,4.024646,1.804537,3.544458,0.020994,1.290686
8.343803,6.011042,2.847340,4.301405,0.635228,1.602504
20.226580,12.141208,8.498473,10.664971,1.546385,1.518275
6.101759,4.136673,1.994996,2.143567,1.021651,2.182133
13.169720,9.439533,4.123125,6.114753,0.964083,2.125705
16.010715,11.887527,7.017822,12.919429,0.889459,1.108169
15.074992,10.917310,9.188443,10.835202,1.129600,3.379003
9.716240,6.976640,2.427061,4.187160,0.796027,-0.258240
7.817520,5.962478,2.781668,3.088293,0.439183,0.413974
5.911259,4.338824,2.754390,3.530078,0.849025,0.678251
6.999935,4.769592,2.694698,4.177234,0.694813,0.451096
14.033560,9.930082,3.810682,6.165353,1.176978,1.251730
4.479719,3.635238,1.686189,2.199787,0.139554,0.997345
8.386283,5.704650,2.431328,1.865101,0.078020,0.591130
4.494955,3.335268,1.659119,2.700886,-0.185200,0.255614
4.738102,3.393854,2.319207,3.606589,0.753592,1.692094
11.162320,8.105472,5.383622,7.204172,1.219176,1.555349
6.323509,4.691583,1.849629,4.733387,1.108151,3.387098
7.197152,5.351332,4.543230,5.963882,1.454159,2.171845
7.459371,5.118718,3.602636,5.580031,0.949242,8.357439
10.440412,7.454395,6.722577,4.506428,0.975771,10.785404
4.306067,2.917938,1.890642,0.541323,-0.065696,0.512475
4.183517,3.121560,2.856297,5.056417,1.026912,0.607613
6.879356,4.837472,2.306668,4.555394,0.798244,0.743157
17.192532,12.439271,4.611790,7.615180,1.088539,0.932511
12.650635,8.991352,4.085750,4.644757,1.191335,1.825502
9.503502,6.939473,2.682644,2.824543,0.816531,1.596269
7.911485,5.873667,2.501795,4.824172,0.065421,1.360536
10.491268,7.516401,2.884305,4.479372,0.646758,-0.191419
7.022160,4.902247,2.075949,4.330873,0.375007,-0.075735
8.892203,6.785429,2.544639,3.527538,0.411661,0.468698
7.965147,5.935300,2.698665,4.161209,0.598538,-0.150742
7.400107,5.132035,2.299706,0.280551,0.253036,0.403431
5.322689,3.750962,1.577142,2.027295,0.851192,1.501954
8.181544,6.091187,4.718510,7.987732,0.776375,0.160412
7.882336,5.906345,2.192282,5.717215,-0.193089,1.446895
6.087167,4.525126,1.658831,4.807563,0.663618,2.524768
5.523891,4.108232,1.931622,2.838490,0.559541,-0.265650
9.129550,6.296538,2.535658,3.101728,0.645086,0.995220
4.219004,3.121300,1.334665,-0.019835,0.244637,1.192445
6.887327,5.123126,2.467118,3.173757,0.313175,1.694610
18.016781,10.256708,5.573208,3.747302,0.760290,0.739101
20.798973,14.732110,4.448595,6.904648,1.248042,0.490844
3.944458,3.080247,1.509749,0.431741,0.642504,0.627342
16.443239,11.908689,8.411642,12.741697,1.635677,4.041123
30.380968,16.788103,11.353383,11.916600,1.742947,3.027245
24.178061,11.295053,9.890741,11.277056,1.209642,2.590111
6.165616,4.453657,2.184709,3.990693,0.411773,0.593218
6.571157,4.950562,1.984342,2.646078,0.322383,0.792812
10.182933,7.356508,3.060782,4.678855,0.903937,1.868520
4.856673,3.388800,1.688870,2.825792,-0.223278,1.142081
7.835401,5.586011,2.386061,2.587642,0.955442,-0.255866
32.284531,22.371515,6.984314,12.459314,1.355291,4.558998
8.485749,6.329126,2.829638,4.253178,0.562725,1.335892
9.457556,6.850428,3.234498,3.117747,1.136725,0.324016
7.567215,5.731138,2.347159,0.422418,0.159766,1.565515
4.451746,3.042706,1.882889,2.570334,0.044793,-0.449973
9.924427,7.682121,7.011416,8.356411,0.940675,3.371213
11.282882,7.919518,3.410738,3.553503,-0.322435,1.784383
6.593957,4.613011,2.225507,1.255756,0.047331,1.527257
17.469564,12.211099,6.802798,4.547064,1.574642,1.150851
9.476363,6.700864,9.714167,17.827065,2.486338,3.770411
7.596782,5.793345,2.713667,3.036340,0.624943,1.173561
8.636715,6.191204,2.242280,4.228344,0.628281,0.492779
7.495056,5.521478,1.992913,2.150784,0.567310,0.609893
7.143515,5.120089,2.574081,1.154478,0.402327,0.899521
5.349581,3.852787,1.702369,6.241729,-0.075708,1.854440
11.155351,8.400805,12.548368,17.332079,1.201133,1.693194
4.704444,3.550809,1.833499,0.794477,1.003726,0.742201
45.011238,18.193357,19.231449,33.465485,4.034977,6.357522
4.464755,3.305589,1.531503,3.153266,0.051047,0.655943
6.237858,4.754281,2.152159,1.762998,0.655554,1.394377
11.578282,8.276371,4.185405,9.130082,0.926562,1.304516
4.888854,3.395841,1.741656,1.997415,0.276589,0.079260
8.347976,6.339184,2.205359,5.506038,0.418750,0.544689
19.124928,11.817719,6.504066,11.707628,1.018189,2.781317
15.930250,11.701067,5.703677,3.072278,1.018481,0.919422
18.071585,12.681656,5.872139,9.053041,1.149948,4.230535
22.611933,15.895763,9.041931,10.846055,0.319691,2.272503
18.624853,10.879281,6.953723,7.737735,1.555597,1.198183
14.494922,10.313065,10.861284,15.604915,2.034950,4.456371
10.819436,7.908755,3.090385,6.779448,0.353819,0.649402
6.976192,5.278412,1.914539,3.207779,0.519293,2.049315
5.587388,4.053699,3.594888,4.171704,0.286939,0.666403
12.346192,8.817183,3.805875,4.836774,0.773666,0.105509
9.823952,6.838335,2.053485,6.325248,0.972920,2.532184
10.538260,7.310654,2.805045,4.032821,0.479517,1.686659
4.132570,3.115430,1.952844,-0.025571,-0.468360,1.970714
12.780469,9.217523,3.637843,4.615867,0.463364,2.173200
13.283666,9.701834,3.421195,4.935848,0.852606,-0.186907
9.227112,6.627561,2.939619,7.975527,0.593870,0.102152
8.791801,6.313313,2.656683,2.669345,0.529297,0.189957
8.547237,6.241755,2.666724,2.405184,1.156406,0.335548
4.287862,3.148163,1.279857,1.790425,-0.047836,0.690269
33.034500,17.511202,11.815727,13.814914,1.369592,4.881907
63.878933,26.690996,28.497696,38.410542,4.008343,15.696086
10.324951,7.245937,3.193693,6.411003,0.983143,1.592242
11.229670,7.931351,3.415824,6.198060,0.714809,0.776784
10.562815,7.821238,2.613509,5.877597,0.786839,0.970467
20.467928,10.913364,8.643375,9.832948,1.851296,2.426625
6.803950,5.003357,1.957341,-0.507635,0.609061,-0.468821
7.562046,5.456284,2.494893,1.239407,0.389794,0.235909
13.337061,9.745589,4.752446,4.941741,0.755311,0.388235
7.725125,5.508704,2.321436,3.601784,0.798241,1.361432
39.534336,25.579891,18.951002,22.767479,3.111783,8.191715
70.461685,25.601978,37.575523,45.252911,7.486433,25.886759
64.136932,25.369810,32.260990,47.122486,7.144766,18.555405
18.551077,13.175366,7.458740,11.042715,1.228734,4.392961
5.139166,3.616597,1.648058,1.544849,0.676681,0.008675
6.782704,4.991146,2.295842,5.935990,0.710259,0.192311
5.312628,3.794826,1.473917,-0.489614,-0.525015,0.776526
4.773092,3.646588,1.705988,1.320356,0.636564,1.046518
16.295662,11.612772,3.667096,6.998353,0.995784,1.027924
11.303296,8.300958,3.094390,5.577159,0.012177,2.494319
4.109473,2.994997,1.562906,2.001306,0.333515,3.138885
9.701428,7.096274,2.830340,1.885321,-0.243371,2.232443
24.694601,17.340790,20.027523,28.684315,3.541812,7.802192
11.345241,8.308202,2.963042,4.149004,1.535928,1.544964
29.563311,17.773214,10.488531,16.931797,1.820603,4.671934
32.199856,22.198511,7.549809,8.237607,1.362624,2.288441
17.047503,12.004140,12.959256,16.499428,2.192790,3.377931
7.849462,5.728227,2.867890,4.926478,1.205195,-0.116682
16.772501,12.393558,12.744030,15.499097,1.792125,2.406226
5.216225,3.889556,5.111783,7.208102,0.233539,2.591537
17.887270,12.909556,7.451723,6.429795,2.234212,3.601911
21.838371,15.302223,6.586256,9.643268,1.114410,1.555778
6.904873,5.168932,2.577893,3.768567,0.106974,2.103709
6.594133,5.074363,2.222336,3.255846,-0.181266,1.258118
17.679300,12.056346,4.286954,5.488295,0.943885,2.275549
11.228646,8.037887,5.811856,9.924250,0.735290,9.456694
10.090177,6.961842,2.758422,4.849118,0.242606,2.370781
25.155809,14.394756,56.696396,74.016930,15.525366,132.711075
14.002172,8.594633,4.524420,7.066378,0.854568,0.898061
8.453756,5.129110,3.818935,5.613873,0.420080,0.606583
6.260929,4.309704,1.663812,3.628304,0.943048,0.711002
8.278152,5.798920,2.405993,3.278072,-0.242750,0.676932
4.334803,3.051462,1.894914,-0.740204,0.707556,1.373805
9.047757,6.760683,2.895615,5.800098,-0.007794,1.136499
20.759977,14.202611,5.412598,6.503870,1.170287,4.181995
7.772486,5.584746,2.680599,3.178554,0.557627,0.937955
11.704634,8.313961,4.461816,3.351705,0.690740,1.053043
4.622446,3.421364,1.767345,-0.789032,-0.131666,0.177135
12.003125,8.859386,3.609661,5.689979,0.403964,0.501754
5.501386,3.942104,2.252681,2.292814,-0.053619,0.760782
7.216503,4.879664,1.926194,1.426290,1.026828,1.727799
6.852988,4.971368,2.349891,5.221610,0.783907,2.487050
12.712031,9.283296,3.363112,2.887541,0.663377,2.054424
6.203106,4.417291,2.132222,1.268868,0.993452,0.556176
10.104845,7.580306,4.167269,3.388118,0.285800,1.178535
7.672221,5.919814,2.085196,2.437800,0.931170,-0.056492
6.364945,4.325884,6.278350,8.487080,1.967039,0.512308
6.143194,4.602753,2.332875,0.646631,0.155606,2.976627
10.642504,7.407843,4.962783,2.639283,0.592029,2.417621
5.477764,4.157061,2.046945,0.293096,-0.394322,0.703167
10.385754,7.736208,3.234206,-0.027347,0.525976,2.815678
22.243288,15.892580,12.082411,9.654187,0.979560,3.193601
19.031593,13.858241,7.906337,7.493117,0.767309,1.784666
15.572490,10.928668,4.367300,3.876326,0.509243,1.928203
8.654244,5.838776,2.855281,3.116524,-0.087053,1.082955
12.225294,8.747722,4.965827,5.100741,1.061296,0.959288
8.974237,6.470897,2.533024,4.451030,1.176402,0.685110
9.296601,6.600684,7.372736,2.934087,1.699136,7.520132
18.308292,12.886971,5.516878,5.918042,0.812116,1.864422
7.650262,5.362911,2.503805,5.507625,0.328158,1.951607
4.833388,3.361017,1.614324,0.032740,0.008918,0.477406
14.149526,9.537255,4.120061,7.884226,1.029755,2.611884
5.574522,4.155869,2.201900,2.310282,0.436728,4.790170
23.833761,16.654030,7.374644,7.967548,1.472224,1.895439
18.111279,13.223986,5.337693,5.006867,2.004720,3.074135
107.340462,50.092194,106.848129,132.709885,21.455601,60.806549
8.070721,5.710964,2.758310,3.969876,0.519064,0.844274
9.561099,6.769233,4.436382,9.864598,1.978127,0.609788
16.586260,10.675131,5.020443,12.285444,2.187758,1.623341
64.225159,27.925217,34.868408,66.583321,8.342912,14.345889
84.098656,45.524632,155.608459,200.860535,25.482742,35.296814
31.282104,20.117912,17.007147,48.177937,6.133739,10.497778
66.881172,27.358280,62.764099,97.506355,13.241055,19.137249
101.895706,37.232193,187.513336,242.997177,34.277382,48.763603
71.891335,25.880077,83.949242,149.902435,17.312887,24.651186
23.008024,12.402064,27.484104,44.864708,7.242956,16.415640
134.469849,45.075699,233.455338,303.728394,45.521244,82.107468
174.550262,64.431984,253.794693,367.004211,50.636921,134.745468
249.545456,59.553284,668.794128,825.251648,115.957008,185.357407
191.451324,53.265663,303.314148,355.804657,49.779564,83.799110
189.917007,57.241600,546.045349,656.883789,84.952194,140.069000
226.162018,58.019196,221.013184,274.791473,32.110455,60.614460
135.332169,48.085175,93.187004,144.724289,19.267561,35.481548
50.212215,30.342108,102.900162,147.102814,18.261076,24.970984
10.963898,7.222000,3.593271,21.625813,3.137231,2.611192
7.751649,5.096969,1.894313,9.155038,1.282929,1.979274
14.310750,10.044335,5.803113,13.707773,2.157490,1.488237
12.952850,9.044468,3.743452,6.939581,1.398752,2.943590
20.526525,14.910750,5.262036,6.865539,1.824096,2.351832
4.967808,3.412987,1.771306,0.321933,1.045032,0.808265
15.888234,11.065057,3.642691,5.089139,0.841805,1.799217
25.578274,18.215786,9.126621,10.571852,1.400759,3.804173
15.850333,11.393676,4.658801,5.694101,0.108291,0.663623
14.966889,10.645944,3.793435,6.086627,0.834199,9.159742
10.114494,7.349896,2.867304,4.097626,1.133211,0.416185
4.048285,3.217464,1.418914,0.865735,-0.233220,1.803234
18.875130,13.189564,5.503558,7.335469,0.415461,3.117543
24.589373,17.155518,7.290151,8.914657,0.750051,0.473605
8.384313,5.495200,2.585841,3.451306,0.187317,0.073706
16.011509,11.865381,3.659981,9.014424,1.002498,1.004541
30.583004,20.327559,13.456841,21.621294,2.250994,7.001967
20.210371,14.160004,6.207767,9.190753,1.632317,3.254099
5.002380,3.756918,1.109712,-0.180028,0.462857,0.057150
10.708329,8.069233,2.942106,4.053184,0.433720,0.491353
9.451154,6.691205,3.002354,3.766570,0.523514,0.958338
20.927006,14.471295,4.821708,9.931326,0.926735,1.558296
13.093536,8.784174,6.233386,10.789619,0.992737,2.274668
5.052139,3.862198,1.764632,4.352060,0.216469,0.086116
8.608559,6.447468,2.414443,3.213787,0.247461,0.486430
8.433509,5.878985,2.707861,3.431996,0.627491,1.490542
4.861298,3.584698,2.025925,1.268287,-0.060121,-0.232790
4.333327,3.137447,1.461935,0.722994,-0.041818,-0.211038
8.075508,5.843011,2.857280,3.946173,0.530106,-0.719408
5.029319,3.832692,1.715363,1.077104,-0.282082,0.243935
10.202563,7.606290,3.782617,3.225730,1.044887,0.904107
11.152115,8.026461,3.373444,4.135050,0.093860,0.495445
23.540316,16.776243,9.949538,13.526133,1.751178,4.659140
10.588734,7.874810,2.715363,3.435712,1.030080,0.495342
6.186739,4.253863,1.886186,1.476313,0.652918,1.814995
12.914303,9.062132,3.909856,4.516360,1.683559,1.436100
5.221175,3.827724,2.035497,4.034271,-0.080559,1.280784
5.789402,4.356600,1.879867,1.642410,0.243934,-0.433221
6.046027,4.366261,1.534087,1.570283,0.645330,1.072189
5.270998,3.698992,1.461411,1.117601,0.348724,1.379940
6.168452,4.524988,2.096760,2.773294,0.627437,6.161119
11.046090,7.861015,2.972151,4.258251,-0.042878,0.789934
17.820871,12.816356,5.847772,5.326762,0.951195,0.810174
11.286185,7.982865,3.841386,7.420231,0.694298,1.734060
5.201669,3.800194,2.018798,-0.725951,1.180369,0.524157
11.540629,8.518656,4.163525,1.853643,0.064942,2.018889
20.115482,14.639530,4.883141,6.321575,1.520727,1.696890
24.087605,13.622133,8.925613,10.658065,1.179947,4.669395
20.875095,13.701800,7.174378,13.824482,1.120741,9.284925
11.901358,7.655101,3.836221,3.854540,0.256660,0.695733
21.498142,15.396594,6.806865,3.809063,1.132740,2.295647
9.333427,6.714655,2.672357,2.477133,0.814127,1.558417
17.229164,11.775331,8.593954,16.900593,1.806299,9.651114
15.417754,9.985488,5.975241,6.922667,0.634129,2.438672
3.807933,3.045941,1.581002,3.581901,-0.133622,1.836803
32.042423,14.925529,8.561193,12.378547,2.034467,10.334933
30.354750,14.794317,8.977098,14.068231,2.282180,11.429754
10.050504,7.071102,3.165791,3.394913,0.860881,0.228153
12.179912,9.003401,3.156120,5.831470,0.474800,1.105256
9.654609,7.088699,2.919854,4.028355,0.426318,0.763167
8.480883,6.509346,2.104999,3.388534,0.733133,1.553925
4.382965,3.355155,1.922958,1.684224,0.321487,1.209985
21.974039,15.109484,6.790504,3.385579,1.581366,1.915899
13.237550,9.333786,4.286665,2.733391,-0.260820,1.233993
10.501824,7.725629,3.390372,4.636545,0.639027,-0.029889
4.995447,3.938126,1.612967,4.071822,0.822364,1.503039
28.672955,19.271000,9.339486,14.274376,2.029640,5.875867
16.059319,11.574148,3.718266,9.675670,1.286961,1.021604
22.155704,15.521332,6.199944,8.116014,1.387212,2.167075
4.920884,3.431291,1.709111,4.679455,0.288680,0.635565
10.098930,6.983333,3.332155,3.096436,0.618645,0.879788
7.791502,5.247768,6.962500,7.046242,1.226161,4.436841
16.128260,11.271918,5.210586,5.908371,1.020555,2.570721
10.009929,7.087872,3.972056,10.006248,1.449678,0.347047
43.179401,28.115971,24.968521,39.817970,5.516904,22.533405
61.660053,29.175005,32.056984,48.639694,6.753689,20.909822
34.498505,13.986647,15.194458,36.931286,3.536085,7.078450
48.393219,17.345362,20.649916,36.735546,5.746035,11.021669
87.380180,31.953800,74.383759,107.828300,13.293931,22.772385
12.442346,8.819183,3.337219,11.813007,1.750409,0.435782
102.715714,40.405838,62.978775,101.897934,13.570706,21.183121
53.516495,20.035069,27.464613,40.555721,6.056266,10.660062
52.841148,20.179731,29.598345,50.727818,6.801639,10.833763
26.659105,12.860982,16.347935,37.854488,5.096994,5.315612
53.924774,18.372561,26.714760,42.972221,6.449954,10.012506
51.817028,18.632154,25.270647,48.811756,6.732398,9.891563
117.342072,47.626205,106.869553,172.295731,23.628361,41.148205
78.698265,27.324591,105.693703,145.869904,22.008015,30.533928
161.514801,38.850227,184.999847,253.171173,38.594482,71.538254
103.595932,33.633526,77.964500,118.697990,20.758530,47.642254
160.245041,48.238743,332.300018,439.896423,65.976082,142.917526
136.810883,31.208010,229.999283,329.836029,44.285816,89.448509
213.488815,64.725655,222.234726,321.005920,47.726540,91.393028
184.610779,47.259472,256.188385,390.442230,51.180885,79.813477
128.963318,47.904663,116.695541,167.361893,26.018181,48.217731
147.161148,51.372345,141.388199,196.837036,27.803379,50.876026
139.525574,48.708130,132.187164,183.520187,28.526100,50.502026
96.834869,37.468128,103.885765,175.423721,24.715044,48.461147
48.347866,21.506626,42.517185,95.025475,11.604336,26.648678
193.660431,51.124237,417.871246,534.175354,84.959618,283.162659
253.238983,57.557510,505.453949,679.141479,90.239738,257.306580
128.932617,50.809250,148.297226,221.011612,28.882471,51.649269
81.023651,34.220161,76.206375,104.114792,16.544851,27.942606
144.456680,46.296059,204.387283,295.230286,40.307991,74.078575
102.471413,34.850300,111.030334,164.970367,27.276075,123.158638
7.470725,4.968312,2.582621,26.349539,4.203566,2.985426
10.605276,7.694733,2.929439,15.936605,2.861885,2.483158
21.235905,14.953624,12.833528,35.653194,5.675596,11.401672
93.310432,32.788273,148.446655,174.443298,23.811457,45.864132
111.882828,42.252079,173.669540,230.071320,29.571228,46.307602
132.932877,29.955063,168.143906,265.720520,35.118168,55.125854
106.011780,29.989981,124.540894,208.761932,29.408911,47.809780
32.317883,17.059240,9.780409,22.342192,3.262428,6.454112
53.973839,31.715111,60.151817,86.143326,10.467773,22.545883
12.409982,9.039825,3.811105,12.339380,2.154788,3.433910
13.445272,9.968801,7.899213,7.068413,0.696417,2.668993
4.832713,3.205968,1.773439,2.945832,0.212390,0.167282
12.478421,8.651060,3.946924,5.301534,0.934024,6.190620
6.003246,4.035506,2.472330,1.260903,0.216960,1.288925
5.378981,3.638934,1.838957,2.122427,0.563032,1.927365
57.761189,34.484421,38.746803,47.576153,7.854742,13.289943
9.093035,6.528340,3.681146,2.721019,0.343058,1.169654
4.108827,3.262933,1.763312,3.123501,-0.075366,1.303524
11.671803,8.123597,7.359024,6.236061,0.798040,1.093167
33.056820,12.951872,15.677614,18.642046,3.429955,6.163927
32.489792,13.094736,15.900217,19.997679,3.300277,5.966741
12.155045,8.998406,6.062247,5.960733,1.564607,1.163519
19.576878,13.762905,5.686601,10.702615,1.621406,3.425141
19.001583,14.024531,7.682501,8.694130,0.731634,1.100000
11.637188,8.329589,4.434146,7.855074,1.147177,2.434727
16.836493,8.653796,4.974240,7.163451,1.254430,1.742826
23.331120,16.699711,6.630592,10.157200,1.501011,4.810770
11.340752,7.749286,4.550244,2.268854,0.960105,3.662222
7.617555,5.408588,2.817483,1.208608,-0.226972,0.681714
36.253117,16.997171,17.434336,21.606756,2.939323,5.055637
29.171787,14.721092,14.934608,22.172634,2.722689,3.003789
6.838263,4.945608,1.890541,3.536197,1.906069,3.807742
7.191790,5.419250,3.864850,5.580940,1.668234,1.435302
33.260532,13.652939,15.078471,15.583497,2.465853,4.284081
33.188717,15.935019,22.081331,29.279961,3.302714,5.747302
21.107594,14.652298,5.634405,9.059857,1.061683,2.127701
9.027533,6.156059,2.875106,6.211207,0.825458,-0.365411
25.924021,18.060553,6.694107,7.838277,1.503854,1.205489
35.153286,13.895780,10.159874,15.255318,1.271409,3.554468
6.731514,5.040016,2.513736,0.654701,0.136373,-0.330864
6.410020,4.543162,2.337522,4.284819,0.342665,0.410977
15.343455,11.080704,4.389191,4.157735,0.404966,1.526244
11.163064,7.833418,2.820110,4.960217,1.190099,1.733963
9.558576,6.704509,2.389162,4.328633,0.734434,3.171074
10.959439,7.852100,3.836187,4.484013,-0.016275,-0.121150
8.598927,6.050774,2.849257,4.323765,0.416958,0.086270
33.107571,21.843899,12.756481,25.306738,1.172327,4.111034
22.853672,14.941406,9.767511,21.407970,3.093751,10.522991
27.568916,18.347788,26.609974,32.845779,5.427843,31.366278
8.255060,6.306337,3.062203,4.557463,0.271319,1.848686
9.477951,6.844368,2.980469,4.956488,0.344641,1.209951
8.343318,6.262603,2.717992,1.495657,0.148897,0.601453
9.891967,6.980397,3.009389,7.575950,0.564831,1.316365
32.834980,21.258665,30.848656,35.215015,4.722496,9.582243
19.129709,13.104723,6.423224,8.299415,1.157275,5.079037
4.398459,3.089416,1.897734,1.930366,0.654736,-0.126962
4.046987,3.177820,1.928805,3.480288,-0.181784,-0.233606
7.786314,5.574631,2.170801,4.361619,0.699169,-0.046863
11.708187,8.401547,4.195029,4.383734,1.010324,1.715763
16.783541,11.699286,4.117245,4.794766,0.427054,6.583765
11.939191,8.059074,4.332349,9.985867,0.819010,2.249340
4.795048,3.541395,2.139785,3.603755,0.287735,-0.290523
35.712421,13.778609,9.918983,13.774130,2.317664,2.807618
33.730942,13.861670,9.673988,15.417754,2.411932,2.789216
13.801659,10.181559,3.780473,8.389102,0.637394,1.743148
7.633042,5.319011,2.301565,3.515017,0.881668,1.839319
10.186129,7.265135,3.734940,5.899919,0.513898,1.721124
4.744314,3.398268,1.942081,2.139662,0.087853,0.037112
38.079556,23.736694,25.953064,39.079880,5.297197,9.472315
10.771777,7.777482,4.478711,8.899693,0.825094,0.961184
6.122017,4.771837,2.271672,3.462739,0.562321,1.739932
19.558910,14.156682,5.540753,8.462986,0.172135,2.953153
10.828234,6.629454,4.288506,4.382128,1.231820,0.357690
37.271473,25.145285,10.848682,9.903667,2.277280,2.064366
54.899426,29.314272,60.271305,83.203041,10.604978,15.574778
27.691225,17.155924,16.560139,25.497765,4.385233,8.292723
30.813944,19.631920,35.011406,45.490208,8.275938,14.846046
7.891866,5.753931,2.051991,3.071225,-0.022410,0.361613
8.887622,6.690431,3.454785,2.290872,0.778058,0.874357
4.160871,3.314955,1.718842,3.493124,-0.037699,0.225014
7.824265,5.841902,2.331844,4.428882,1.133322,0.990169
6.691027,5.147279,2.447252,2.119750,0.167939,0.485410
13.778201,9.766082,3.426923,5.166107,0.901251,2.520957
68.136513,30.253508,28.240152,42.540340,5.205212,13.984240
60.145481,28.988024,26.111320,44.721916,5.206726,11.227628
20.304684,14.044122,5.616493,8.658882,0.950392,1.279444
4.549037,3.166800,1.591234,2.692268,0.473601,1.245478
9.549267,7.051940,2.659946,4.182772,1.128635,0.098603
4.385437,3.429602,1.709606,2.210410,0.220522,0.113350
4.602978,3.236043,1.866656,1.276063,0.644943,0.310411
5.586493,3.945014,2.220339,3.851930,0.560058,0.102039
7.119136,5.118532,1.807423,1.557144,0.629349,1.206831
12.376505,8.574778,4.029134,4.317293,0.570200,1.497253
8.190699,5.794576,2.157241,5.692804,0.567689,0.628306
11.015994,7.769557,3.040469,7.089347,0.291643,0.328621
8.974177,6.585936,3.032333,3.072747,0.794822,1.187526
12.900163,8.920775,15.543560,15.710846,3.375255,10.644755
75.887520,23.833101,63.492268,108.874863,16.952570,15.907575
95.523132,36.520184,52.881180,91.157402,14.474995,15.695933
37.469101,27.075975,24.314938,49.504227,6.858845,7.434235
7.663898,5.349909,2.592391,4.585650,0.973095,1.432698
13.919444,8.011252,6.095976,9.425002,1.877883,4.174346
16.299208,7.548935,5.675856,3.910710,0.915057,1.249319
27.194748,12.631027,10.701942,11.552234,1.860488,2.035476
4.941575,3.256155,1.768936,2.922808,0.372657,-0.675121
9.552054,6.649700,3.282655,6.447518,0.829671,1.447254
35.453880,17.554993,10.212082,14.129485,2.470068,14.900197
10.839186,8.102255,4.396884,4.317869,1.149432,1.544306
27.161482,19.467398,7.266572,9.081188,0.648260,2.168486
26.135386,18.274677,9.330777,6.887612,1.594030,1.263048
6.375339,4.341696,3.933860,3.020445,1.228045,0.621325
5.927573,4.187840,2.559946,1.343884,0.367451,0.326025
6.113208,4.601272,2.208815,1.606433,0.396673,-0.001178
9.727408,4.503273,3.682836,4.839357,0.859532,1.300694
13.922739,9.785215,5.768725,7.480527,1.151940,1.188045
17.815628,13.045165,4.546549,6.812066,0.969305,3.774286
5.161953,3.769486,2.070037,4.658564,0.058675,4.557222
8.749334,6.334578,3.108262,7.234417,0.441361,1.016514
11.130496,7.688045,4.566720,4.317144,0.873847,11.869553
12.486194,8.639607,3.008394,3.827847,1.321457,1.282551
7.120826,5.283237,2.322858,2.033258,-0.085162,0.153589
9.844831,7.514037,8.486934,6.619706,1.993656,5.974321
14.253786,10.190917,4.622280,5.560905,1.347531,0.889401
11.175882,8.288094,3.802208,4.584752,0.840637,0.825952
7.432690,5.232128,2.411313,3.483161,0.351919,1.098668
7.194979,4.914886,2.437442,5.938752,0.346698,1.115004
25.886641,17.397253,9.693948,15.655836,2.382509,3.850876
16.925835,11.553347,13.373826,13.408741,2.400836,4.434916
19.928946,14.228590,9.131760,17.031052,1.051230,2.133810
24.500645,17.315714,7.894902,14.387480,2.088453,1.747965
38.117603,16.637020,21.768595,28.385035,4.727939,11.399137
65.358948,29.759607,37.647804,58.935661,7.396410,9.246143
12.496040,8.853916,3.907479,6.162329,0.303506,0.171731
12.306953,8.618509,4.044504,8.720031,0.183130,1.255763
4.820754,3.333540,2.482952,0.850775,-0.134265,0.015025
11.684015,8.517210,3.707637,6.861941,1.328374,13.200475
13.203060,9.428725,4.252350,4.808009,0.714776,1.058725
13.704702,9.422066,5.790589,6.935380,1.969072,12.205308
11.034725,7.770548,3.535472,7.993788,1.421962,0.803100
6.072030,4.366195,2.193801,3.919805,0.941279,0.935903
8.675805,6.365028,2.651119,5.498055,0.842633,1.122376
8.196341,6.026793,2.896988,2.306600,0.374878,0.769270
7.935520,5.531171,2.549124,1.482902,0.745888,0.824421
15.381423,10.971858,4.632561,4.355767,1.707009,1.335680
6.512207,4.541179,2.446691,2.030658,0.226508,1.688730
9.435472,6.799232,2.724937,4.186602,0.094859,-0.161547
10.659992,7.943152,3.661555,3.045230,0.581888,1.854826
8.963082,6.699098,5.070312,5.138750,1.093250,3.253151
9.737764,7.009626,2.762798,2.903362,1.090321,0.985381
14.318941,10.097818,4.408289,8.943902,0.888033,12.171777
9.696115,7.108821,3.095279,1.829845,0.642532,0.633713
4.718812,3.208715,3.469214,6.118538,0.804669,0.857580
5.512771,4.235256,1.985574,3.410948,0.856757,0.885692
10.611567,7.365036,3.423142,3.609425,0.872869,5.585113
12.950612,9.272303,4.493444,3.403147,0.876047,4.098960
12.941867,8.820839,3.665839,6.265247,0.818242,1.890875
12.223896,8.847495,5.077471,8.817008,1.024283,1.694644
12.340676,8.524325,4.093983,5.396793,0.482657,0.233566
9.381467,6.606228,3.179507,4.303504,0.785975,2.294978
8.781100,5.992342,2.850777,1.561363,1.440014,1.695427
11.433070,8.244360,3.173200,5.198627,0.913533,1.195650
5.333839,3.748428,1.690977,2.773896,0.623273,0.466925
14.536325,7.267826,4.604038,4.154052,1.370978,2.488242
12.546462,7.152602,4.465558,4.570452,0.767145,1.775114
31.434029,15.214621,11.576501,15.296974,2.674721,4.262474
4.674718,3.477925,1.800166,-0.632448,0.790313,0.930472
6.191196,4.457144,2.594666,2.311744,1.134248,4.857492
4.242286,3.028769,1.981840,4.763079,-0.171295,0.281522
12.101089,9.035441,3.088517,6.848251,0.730552,0.769191
15.272888,10.906643,12.453736,14.918157,2.233697,2.571463
5.963012,4.299430,3.392644,2.907036,0.330435,1.744369
26.902525,9.948435,15.885845,19.529959,3.752993,4.477639
39.051392,12.128674,24.266567,30.793053,4.422776,4.953132
27.531326,12.126702,15.982866,23.213547,2.668333,2.962871
5.405287,4.288268,3.637028,7.984627,1.281126,1.620237
4.899133,3.574978,2.170228,2.620979,0.944643,0.465120
19.977327,14.796360,7.226497,9.742094,1.662741,3.869039
22.436094,14.018427,22.549950,34.647846,5.093416,15.674466
22.580149,16.105705,6.457994,7.566633,1.190835,9.738463
9.623172,6.656788,2.965656,-1.072372,-0.220352,0.994638
8.956202,6.296728,2.623161,3.541707,0.566520,0.142037
14.805624,10.198385,6.164765,10.625930,1.504002,1.490004
24.415617,17.580547,6.373416,12.760065,1.959927,3.134881
15.371511,11.157107,3.962584,5.817819,1.415192,1.803690
5.448258,3.956790,2.080045,1.964469,0.710794,1.396908
5.448376,4.176222,1.585573,5.096642,0.215478,1.111458
11.192406,7.812134,3.366698,5.540658,0.516060,1.600170
4.979632,3.280374,1.883877,-0.741623,0.349341,0.754407
9.330750,6.415264,2.712053,2.496254,-0.265030,0.256702
6.469429,4.458804,2.344029,4.540881,0.081843,0.612785
27.065882,18.858637,21.777170,30.149391,4.670052,6.942772
26.073460,14.462749,10.627647,14.487691,2.208447,2.710632
6.904575,5.084301,3.311559,6.245599,0.879429,1.387453
5.668522,4.108541,1.678275,3.981631,-0.019622,0.905388
12.150977,8.703246,3.811348,4.752827,0.407157,0.608973
21.344770,14.964321,5.637341,7.180184,1.704088,1.663829
23.506792,12.536784,6.174944,5.439308,0.962853,2.910032
16.588217,9.394305,5.045389,6.298072,1.155915,2.027403
14.534990,10.475924,4.165845,6.340931,0.781178,0.629526
13.101293,9.016180,3.244317,5.922338,1.301071,0.937731
6.124742,4.488440,1.867030,1.652932,0.285050,0.952388
12.144163,8.722528,3.799457,3.345219,0.385019,0.553459
21.552841,14.900096,6.456114,9.257619,1.500764,-0.131242
30.023916,20.610476,8.991804,18.905329,1.763490,2.322458
4.616056,3.196135,1.948643,2.192083,0.228758,1.245741
6.143345,4.095616,2.025149,0.118535,1.479688,-0.330775
6.893057,4.931753,2.700912,4.090884,0.499180,1.097034
10.400388,7.445086,3.764807,5.033339,1.211059,0.811644
8.080424,5.731351,3.148903,4.536551,0.701127,7.450826
11.038239,7.708991,3.504408,2.625370,1.038612,1.545431
17.736839,10.705998,5.890391,13.836173,2.061332,4.921428
13.540416,7.914663,2.837722,25.340431,7.521648,20.360117
7.323717,5.201443,2.534979,0.691458,0.137316,0.358810
11.935340,8.853356,4.141316,6.020411,0.754514,2.540297
12.761677,8.399970,4.614475,6.158490,0.916915,1.753979
14.977992,10.630667,5.313759,8.987878,0.715684,1.840610
20.484041,15.045859,5.362270,6.394715,0.676952,3.589576
8.834509,6.440009,2.711593,1.186613,0.364851,1.663211
14.544563,10.250415,5.314079,9.127680,1.424836,1.767690
6.341716,4.816886,2.131701,1.409902,0.302463,0.720055
10.328072,7.380270,14.505519,16.711401,2.062040,4.808672
18.134115,12.536003,5.617930,8.604527,2.006366,1.049852
11.034062,7.963676,4.205746,9.101166,1.266460,1.924000
6.667875,4.404688,2.195875,1.228246,0.279356,-0.021044
11.482419,8.291934,2.391593,2.729095,0.923934,1.856275
10.913684,7.712181,3.673386,3.429656,0.244096,0.479784
7.719514,5.490637,3.041503,5.780583,1.042216,2.256288
6.929739,4.739984,2.201887,1.403911,0.419107,0.685907
29.669039,20.488468,7.168186,10.631497,2.009396,2.607136
7.694298,5.304533,2.493734,1.759034,0.199908,1.117676
12.980693,9.369267,3.533961,5.043273,1.303025,0.690261
6.548934,4.935628,1.970716,2.492554,0.943926,0.643458
15.171720,9.640738,7.547500,11.789094,0.790330,5.903726
4.309494,3.140302,1.436977,1.751109,0.009811,2.198179
6.577608,4.955424,2.506946,4.065742,0.936495,0.573506
7.141579,5.168581,2.322469,3.499711,1.067250,0.554337
8.892532,6.202411,2.620708,5.373220,1.100500,6.865108
25.623569,16.785175,43.999252,62.991760,8.931181,20.675203
8.040735,5.548486,2.791045,5.444552,0.758563,1.841655
7.900328,5.673593,2.534865,1.884495,1.128271,0.158621
11.004392,7.562857,3.301096,3.546180,0.250212,1.514203
4.853889,3.763636,1.965598,4.777800,0.298331,-0.676084
16.969360,12.466039,5.574104,4.207526,0.920200,3.888616
23.084545,15.374892,23.367172,29.634752,3.289546,4.052161
49.947277,24.180286,24.741062,24.502785,5.054685,19.009609
75.649841,24.282936,34.222126,44.820374,7.206231,26.918074
49.121239,17.588022,21.331614,38.553394,6.378322,20.903900
15.381526,11.005660,5.826870,1.850726,0.780619,1.284343
7.297410,5.081263,2.552110,2.855664,0.626862,1.430058
21.734205,15.076578,7.960905,13.124834,1.523528,3.038788
6.878795,3.471720,2.654515,4.690073,-0.069209,0.977336
7.310686,5.070044,2.690052,3.868185,0.253197,1.322367
11.460258,8.626797,3.840099,3.764207,0.494643,1.175385
5.433932,4.128835,1.945192,3.402863,-0.313572,0.922141
19.424026,13.463624,6.050407,6.286529,1.257423,2.775351
6.290585,4.729802,2.375377,-2.437664,0.394198,1.115672
19.085850,13.850327,6.124194,10.437923,1.266657,1.905549
12.540412,8.868555,3.737391,3.336633,0.536598,1.808188
7.223842,5.213112,1.460650,0.290131,0.887166,0.400544
34.938137,19.198801,9.257734,11.226206,2.558820,2.265532
14.441751,10.086644,9.287116,10.398748,2.147412,1.541119
7.219698,5.005971,2.272611,-0.728124,0.851124,1.018415
9.728735,7.049564,2.940181,2.093856,0.407619,1.160584
15.989758,11.334511,4.458109,5.999909,1.336747,1.110630
35.290104,23.836119,9.004229,15.133354,1.645981,1.240679
12.370173,9.178220,17.100603,26.567968,3.175839,3.361601
7.042577,5.402543,2.382589,2.523727,-0.022816,0.926694
8.225101,6.131722,2.873159,7.346670,0.773453,0.509368
8.075469,6.182524,2.839022,0.556224,0.891191,0.541398
18.985786,13.061114,5.160847,2.769082,1.199586,2.869388
38.529869,23.007410,40.233025,51.555626,6.560027,8.111982
5.060797,3.984761,1.766480,1.863158,0.140856,0.704559
4.995505,3.760290,4.013216,3.712957,0.270293,0.735626
10.371608,7.563612,3.520343,5.512196,0.882763,0.853602
15.202631,10.800646,3.510786,8.107345,0.737162,1.914076
8.705795,6.558110,2.696179,0.473159,-0.036320,2.149148
7.932606,5.361535,2.586359,5.123216,0.863808,0.376329
5.137385,3.644175,1.772341,2.248444,0.323075,-0.267565
18.474367,13.164429,5.299322,4.265292,1.351797,3.315028
7.272716,5.416395,4.229934,4.917409,1.348058,1.278140
11.226271,7.972832,3.174703,5.520940,0.643323,1.111638
6.375216,4.719373,2.832830,4.508918,0.242039,0.846023
12.100242,8.584223,2.814358,2.606963,0.447991,1.098938
6.942586,5.174327,2.404597,2.759771,0.143566,1.037991
16.840302,11.856233,5.806855,6.895384,1.012144,2.523142
5.521981,4.042280,2.267832,2.722828,0.186978,0.847279
5.694893,3.733938,3.788039,5.440962,0.521729,2.394376
16.053679,11.550546,3.887445,9.301853,0.695214,0.595122
19.808971,14.433978,6.000518,4.138232,1.766019,2.126079
10.152418,7.181396,17.473204,22.302830,3.275663,5.954635
12.760349,9.248927,5.592255,10.101662,1.413793,5.894803
17.486666,12.462042,3.952651,2.431417,0.253430,2.273092
22.332237,15.487943,11.105055,17.062653,2.298942,2.489134
5.026044,3.719943,1.690087,2.636987,0.218095,0.645738
5.927394,4.506061,1.883092,2.765803,0.396206,1.118006
8.591524,6.254169,2.770066,0.919340,0.659705,0.905571
4.580560,3.155136,1.972020,0.651734,0.213626,0.982684
6.188354,4.534424,2.078187,3.177016,0.564045,0.696690
10.475721,7.620784,3.136235,1.099517,-0.048074,0.334659
5.834671,4.563684,2.838369,3.621190,0.847468,10.039124
9.528658,6.944097,3.073424,1.993820,0.544963,1.267939
16.643251,11.767789,4.836173,7.590909,0.257470,1.088163
10.432636,7.314506,6.059802,11.111414,0.921537,1.876987
13.034575,8.884338,4.052184,3.110605,0.808770,2.820959
5.128207,3.587297,1.553071,3.818042,1.182741,0.444406
27.676353,17.831242,11.851048,14.504189,2.563145,22.815664
5.575126,3.935739,2.556213,2.660814,0.123265,0.893270
27.447882,19.520287,6.739707,6.453144,1.467790,3.747963
5.145847,4.000055,1.688218,4.784568,0.750839,0.022279
15.685402,11.082067,3.045231,7.724251,0.800016,1.758427
11.683926,8.182921,3.431106,5.524282,1.072891,0.807675
7.713657,5.430604,2.546245,5.877689,0.115713,3.455382
33.168579,21.062162,14.174456,18.549118,2.105559,5.758483
6.337710,4.616682,2.468689,2.994553,0.551145,0.607764
5.885585,4.625195,1.873611,0.887770,0.403526,1.189701
8.413595,5.937053,4.317565,7.904037,0.799825,-0.011161
7.566593,5.475253,2.515354,3.189276,0.566070,-0.069043
11.613387,8.282181,3.556278,5.075326,0.753908,0.915145
64.399017,31.518917,101.836479,143.163986,19.943853,30.613787
8.067837,5.173487,2.217714,3.395912,0.325091,0.967996
8.471702,5.768558,3.591161,1.798349,0.068551,1.008851
6.761704,4.653693,4.529319,4.979908,0.609876,1.647538
9.482155,6.788058,3.011894,2.942487,0.180716,1.775133
6.879127,4.928217,2.745139,1.878445,0.690918,1.428428
9.825617,7.007836,3.090828,3.785522,0.730587,1.634833
9.810824,7.412224,2.594424,3.430957,0.881912,-0.005072
4.190098,3.156469,1.732950,1.903495,-0.147420,-1.151422
6.248345,4.628672,2.085593,2.340091,0.240642,1.826450
12.408347,8.887629,3.190097,5.683843,0.300079,1.349937
8.865864,6.445934,2.571563,3.440444,-0.012959,1.321747
7.866326,5.967911,2.417539,1.019704,0.690753,2.221242
5.350515,4.054095,1.972091,3.406321,0.091501,2.303972
6.250092,4.405099,2.386114,3.329584,0.665521,0.457680
9.689707,6.885462,2.814137,4.768119,0.567645,0.121903
5.531343,3.999179,2.329678,4.008895,0.506443,4.531720
30.192350,19.615488,16.260103,21.493872,2.904104,2.555990
22.238400,10.802720,13.791719,17.092764,2.230834,3.333169
16.890165,7.341462,12.660861,17.528763,1.946605,4.024595
20.209110,14.361282,4.847933,5.999957,1.517718,1.591245
4.472622,3.011382,1.564761,1.534124,-0.272379,0.701030
12.936799,9.340102,3.928340,5.977968,0.487324,1.508530
30.828129,21.098431,7.543687,11.337187,2.190193,12.089451
54.561157,22.006096,45.934792,72.467957,10.405023,35.520679
31.767708,19.876604,20.547836,32.903862,4.191126,4.636509
19.609266,11.793135,5.745949,8.126946,0.908607,2.231885
6.911183,4.964591,2.356807,4.025187,0.532805,0.285640
9.278505,6.485552,2.763385,7.189880,1.396025,0.737032
4.052789,3.119750,1.428681,1.640326,0.079591,0.338105
8.391888,6.014236,2.396387,3.584360,0.031450,2.037105
12.143896,8.550112,5.331985,6.211236,0.834069,2.865161
7.997724,5.559930,2.952644,3.122253,0.331896,1.165755
65.409378,23.197912,54.784828,92.760612,11.601777,16.842077
63.233242,23.113207,54.721172,96.302589,12.220015,16.362511
7.498005,5.267746,3.527101,7.572833,0.672709,1.447517
14.107382,7.577131,3.642073,6.375972,1.286416,3.053420
11.498829,5.180312,3.502040,6.817317,1.380147,3.422085
9.047256,6.176893,4.519490,6.004479,0.969721,4.262043
23.188473,15.342227,14.534828,20.634315,3.091019,26.071699
26.923862,11.789142,16.283854,25.637024,3.139411,6.826907
12.960375,9.208732,5.065936,7.565718,0.770840,4.424896
16.628899,11.810554,5.388479,5.406998,1.058817,2.282233
4.697247,3.656530,1.582813,1.122517,0.753067,0.588858
6.329877,4.368699,3.797571,3.442881,0.646031,2.113119
7.772744,5.529878,2.482577,4.349038,1.320661,2.301320
5.165937,3.728430,1.930298,4.403788,0.124618,-0.296996
22.269548,11.435138,7.181744,7.530374,1.111999,3.482905
29.644819,12.051650,18.646132,24.550377,4.406319,4.899667
11.400888,8.101784,2.663903,5.844572,0.573379,1.476511
9.182887,6.761591,2.332310,3.636583,0.249419,0.189428
15.226269,10.813931,4.591058,6.800056,0.380869,1.008344
7.908311,5.420053,3.085948,2.259446,0.945987,1.413315
29.133644,19.427450,9.007974,7.881993,1.126207,3.074345
5.129058,3.782001,1.411209,3.684052,0.743683,0.313723
10.195289,7.390708,2.854084,4.430261,0.257045,0.396569
20.260319,14.170160,7.897951,14.217385,1.292285,1.362340
19.554335,13.845479,4.785134,6.310494,0.437585,1.045060
8.230085,6.060850,2.114383,3.117038,0.574477,3.997998
3.728374,3.110377,1.648714,1.554796,0.088316,0.189634
8.403079,5.677778,3.395062,2.589700,-0.005226,0.756013
8.534826,6.274835,6.404974,5.192315,0.702450,4.961639
9.331491,6.965665,6.276260,7.208582,1.079197,0.951751
14.643240,5.875403,4.174835,3.226300,0.692191,1.483253
15.500111,10.133782,4.158741,5.420158,1.062786,2.082448
9.260148,6.400558,2.434465,5.843020,0.377875,2.770833
21.686514,12.434651,6.218185,9.399088,0.679912,2.472750
9.844246,7.136932,4.362328,3.523812,0.411604,1.671719
20.999723,15.347136,7.486201,6.473652,0.681823,2.204331
7.207601,4.896284,2.458840,3.026389,0.429197,1.703618
12.593204,9.147141,6.562819,8.786408,1.398917,10.936781
15.909810,11.685102,4.186851,6.978575,0.952820,-0.203887
13.644534,9.847427,3.307909,6.404544,0.257287,1.246800
16.985146,11.968776,3.328936,5.556514,0.859678,1.682357
8.010953,5.742784,2.262171,2.064218,0.402657,1.499095
21.962816,15.369636,7.467052,9.934207,1.566202,1.947829
4.431840,3.180576,1.712671,2.372151,0.661248,1.248126
9.125057,6.357910,2.806306,6.848866,0.946175,5.656188
5.318192,4.026616,1.498248,2.703644,0.485191,0.673101
11.896457,8.956333,3.456748,7.620476,1.067411,0.462865
7.391071,5.457675,3.351499,2.992664,0.108388,1.050327
12.206967,8.710263,3.962227,5.234637,0.372746,3.501921
20.890703,14.825035,6.018047,10.085515,0.695069,3.644701
15.322676,10.806392,6.281865,5.739303,1.297423,5.643629
25.240274,14.309993,13.337085,21.033302,2.535761,5.351861
5.072248,3.748909,2.294722,1.051574,0.349342,1.254242
8.994297,6.328331,3.024830,4.057501,0.574821,-0.265858
17.861752,12.356364,3.178116,9.158197,0.647092,1.701785
12.144008,8.480613,2.687111,17.309694,7.163225,23.497774
4.871898,3.530831,1.302129,8.639532,5.287283,19.568766
16.679861,11.765624,5.683130,5.338549,0.835090,1.162780
20.196421,14.393768,11.497888,15.043350,2.147811,4.240358
6.931052,4.737055,4.145419,7.495498,0.880155,1.140640
7.010418,4.822765,2.329850,1.219037,0.622363,0.432453
8.213371,5.670667,2.883082,1.339269,0.372138,1.374358
28.385181,19.830666,16.703577,23.017738,2.558716,5.977438
11.482025,8.109662,3.592049,4.070613,0.131741,0.194247
13.885643,9.985194,3.953831,6.124756,0.660497,0.664100
14.320543,10.033111,4.490573,6.477912,0.882445,1.637468
12.795003,9.293447,3.676575,4.956403,0.573583,0.527132
8.388690,6.355911,3.973952,6.337589,0.979564,0.994959
7.644217,5.505324,2.163681,4.736980,0.762945,6.349593
22.826069,12.666332,7.309394,12.476031,0.988333,2.853522
16.061317,7.711858,6.224427,13.748100,0.931121,1.122591
17.679056,12.304848,4.989094,7.484289,0.828716,0.880975
4.307901,2.987867,2.178646,-0.178837,0.592280,1.201566
8.310567,5.898696,3.365378,5.081102,0.151866,0.764934
10.974466,8.278360,3.090821,2.326188,0.565600,2.516881
16.062693,11.091862,4.792355,6.736175,0.702867,2.503289
6.657211,4.881488,2.466781,0.881808,0.253651,-0.479776
4.167392,3.081963,1.595769,3.173615,0.494279,0.670587
8.190445,5.593340,2.277882,0.413497,0.337582,-0.249836
18.145615,13.051827,10.696882,14.570740,2.006620,2.470873
4.606958,3.485255,2.776113,2.027406,0.305120,-0.072184
11.979613,8.665709,3.209365,5.135780,1.134117,0.160912
9.102140,6.959291,2.716675,1.936490,-0.198669,-0.293691
6.847000,4.963640,2.079305,3.359682,0.204771,0.931959
6.610999,5.134355,2.583677,1.379270,0.557666,0.505047
26.034328,17.988661,6.532385,13.991847,2.103799,0.773663
10.406342,7.365539,3.854471,9.694051,1.383634,1.963133
4.885038,3.771647,1.728040,1.141964,0.231208,0.911660
10.959119,7.990885,3.275687,4.185640,0.610902,3.345193
14.832526,10.663241,4.188604,4.028713,0.341939,0.097967
14.629837,10.284555,3.722599,3.680119,1.324061,0.301429
6.383584,4.775760,2.677600,3.142382,0.599984,3.609472
9.848066,7.078186,4.075988,4.520995,0.506573,1.497209
8.343269,6.141385,1.331782,3.241772,-0.221875,1.053544
7.814761,5.508576,2.238804,2.660814,0.506896,-0.860615
13.127727,9.272263,4.156544,2.162984,0.223899,1.289573
7.025656,4.979680,2.226032,3.647909,0.549369,0.691843
19.275892,13.168052,15.120600,24.927181,5.099230,9.383577
5.076210,4.045364,1.548821,3.210505,0.122932,1.228569
7.452506,5.371725,2.622808,1.013701,0.117903,1.784507
5.212404,3.811508,2.355766,3.504239,0.339244,1.545026
8.528996,6.271340,2.205291,5.723360,0.712620,2.100702
4.236341,3.147100,1.817944,2.433457,0.340017,1.792740
13.908128,9.255519,5.411340,10.644462,0.944846,0.391461
37.006393,14.814193,20.623497,28.330513,3.504327,6.016724
59.265587,21.235102,19.311499,28.667171,3.635115,3.334239
75.924950,24.270494,34.716881,46.054684,6.399389,5.685865
50.845448,24.305824,28.607069,39.883255,5.676167,5.343980
13.480503,9.705924,4.184923,3.942918,0.679376,0.572763
23.652761,13.686395,7.587826,7.617179,1.479117,1.303408
35.067608,21.330124,11.745909,16.330803,2.174030,1.312121
6.339934,4.899787,2.096877,5.094658,0.425118,0.378003
21.258345,12.649546,6.382392,4.243029,1.026315,1.840853
13.783721,5.405908,5.033301,6.123816,0.324806,1.366934
10.126846,7.302094,2.362509,5.223359,0.624596,0.159419
9.364474,6.761085,3.303502,4.542607,0.430209,5.206698
7.211822,4.895316,2.379171,1.964002,0.347639,0.809871
5.803869,3.961472,3.150046,1.286748,0.772486,4.845969
15.076489,10.501360,4.238180,7.095716,1.398969,3.847197
8.508858,6.004790,2.284574,2.608983,0.507569,0.109252
32.444515,20.883856,18.216166,23.287380,3.670534,11.553817
41.029556,17.621307,47.385845,59.579178,10.610777,88.037254
95.565231,41.712234,95.108276,134.434830,18.368349,34.286449
11.803248,8.198025,3.065138,6.702552,0.591732,-0.236079
7.027758,5.320005,2.242045,4.723961,0.981338,2.577503
13.957646,9.744683,4.415474,7.066234,0.203053,0.094366
20.826225,14.631839,6.011384,6.044746,0.802319,2.964833
12.655967,9.182451,3.440756,4.788171,0.842816,0.862760
15.709374,11.098807,5.366567,6.065336,0.907851,3.332522
13.076828,7.710647,3.106183,5.734100,0.204649,1.698848
13.093581,8.971599,4.423948,6.050685,0.807910,0.909383
7.439820,5.504787,2.400506,1.438272,0.172853,2.007537
12.124446,8.714171,3.321788,1.857458,1.091968,0.779099
17.787254,12.431920,10.423084,11.820607,1.569446,2.160104
4.469202,3.002995,2.036716,1.120803,0.304408,-0.372925
5.474031,4.308344,1.597321,2.522620,0.537491,2.357903
12.128198,8.702080,3.696088,4.921417,-0.030696,0.952462
5.141287,3.720636,2.007335,4.027336,-0.208081,-0.487007
10.688341,7.794072,4.022445,5.237992,0.300095,1.222980
11.712653,8.643663,6.137683,12.165346,0.546899,3.469778
8.467264,6.088826,3.578761,1.593309,0.549280,1.236720
10.954568,8.181401,3.677848,4.897648,0.859385,4.330190
6.711204,5.184319,2.479852,3.320784,0.447655,5.177144
13.356435,9.717327,4.289811,4.609025,0.656330,1.079285
4.333977,3.296979,1.712159,3.448268,-0.176879,-0.023917
28.806677,16.127636,7.756330,14.339254,1.518313,3.788474
4.054434,3.325698,1.355623,1.974324,0.423904,0.256240
13.591190,9.074002,28.782480,41.593571,4.851059,8.394527
5.312109,3.542562,4.126387,9.619271,0.958716,0.815810
4.611053,3.535261,1.782848,4.262690,0.123668,0.123642
14.640103,6.168828,4.156216,5.549520,0.579655,1.146129
23.921225,16.337021,7.649166,8.552704,1.812610,1.335883
20.331739,13.755148,11.722716,23.477720,5.087375,12.994725
4.833068,3.645987,1.845624,0.317633,0.311084,1.118552
16.391771,12.268258,8.013470,12.717561,1.610412,1.276562
12.500154,8.762142,3.444434,5.643426,0.911162,3.144287
13.892988,9.918372,3.552696,5.172905,0.679998,1.375788
4.212573,3.313391,2.509227,3.213933,0.507188,-0.232068
10.884267,7.737454,2.964653,6.634461,0.356427,1.098026
7.583119,5.468770,2.582984,2.776596,0.550350,2.391696
16.782513,12.674280,6.482186,8.905185,2.112284,11.768191
7.157586,4.912489,2.251952,4.913074,-0.048513,0.699967
10.893156,7.635594,3.600940,2.252350,-0.005003,1.398648
8.432170,5.922386,2.459179,4.160982,0.584604,0.703465
32.682297,22.195541,9.398832,12.567412,0.966394,2.377738
4.578223,3.431356,1.586846,1.351075,0.068751,1.480810
6.075199,4.315008,2.652020,5.839400,0.844998,1.597437
16.135876,11.785812,4.345630,5.213468,0.749975,1.537383
12.159719,8.505204,3.985070,3.576925,1.258606,0.625743
12.553628,9.391258,3.713292,2.075189,0.186241,2.351057
4.296500,3.252836,1.804148,1.386515,-0.013868,2.229634
12.714064,8.782921,20.023544,20.606882,3.201445,7.810489
5.371113,4.185689,1.775348,2.299942,0.606250,1.007075
9.184124,6.528001,3.127897,3.757166,0.833661,2.329549
8.844713,6.179458,2.984423,3.298833,0.425549,6.227414
6.775344,5.202391,2.823031,5.350000,0.211376,0.337454
27.028784,18.459816,10.611888,17.468185,2.497146,3.401002
4.496704,3.543914,1.591863,1.961885,0.561424,1.051651
3.798939,2.991286,1.449859,2.692576,-0.359674,0.032150
16.077682,11.777909,5.096207,7.103088,0.609810,1.605472
7.021310,5.057365,2.684286,3.944474,0.308115,0.844810
4.027153,3.058808,1.638807,2.156438,0.791421,0.357647
22.527182,16.271198,8.216974,21.299423,1.599190,1.426486
7.917709,5.851464,2.224605,0.951050,0.024601,0.252960
7.912774,5.836460,2.446627,3.921750,1.043655,0.165416
4.494256,3.496881,1.642657,3.107459,-0.144200,1.287367
18.974623,13.727526,11.289289,13.566593,2.304840,2.789015
8.005640,5.581165,2.474495,1.082432,1.002353,0.027576
8.664334,6.468809,2.620879,2.039396,0.475784,2.310678
10.505656,7.793652,5.845574,8.695930,1.533509,14.532852
8.801451,6.668843,6.453407,10.716291,1.074512,1.325414
9.798787,6.860868,3.502748,4.674759,0.039234,2.505149
26.989222,19.283636,6.740945,13.809343,1.812664,4.977057
16.862810,12.199912,6.359043,6.671837,1.146099,1.434532
5.925192,4.431846,2.258574,2.454475,0.149230,1.707077
19.408903,13.761658,8.320239,4.537904,1.455398,4.439641
25.824913,15.170376,6.666607,5.152652,0.594689,3.051236
40.184650,27.532131,10.434918,12.330650,2.061075,2.885448
11.405642,8.120451,2.957684,1.698109,1.288883,0.202543
5.687222,4.151656,2.007959,6.129327,0.333305,1.102057
52.247990,24.040182,12.964053,18.991177,1.968367,26.535339
4.094583,3.175852,1.470060,1.828995,-0.159039,0.482891
9.042446,6.766440,2.312989,5.797269,0.900502,1.020252
7.796377,5.487895,2.732875,3.495786,1.274873,1.919354
5.825047,3.982988,1.978073,2.380185,0.499839,-0.057312
18.580162,13.569563,6.236263,10.505842,1.503009,9.126684
18.728941,13.111664,4.624116,7.194380,1.596603,2.097016
24.497707,17.117535,8.907521,15.460425,1.480864,2.308439
11.540636,8.406677,3.419472,4.950245,0.102843,0.314876
19.006281,13.712256,4.954496,9.136107,0.636917,2.335486
5.614298,4.208537,1.658270,-0.062788,0.733893,1.548930
14.665047,10.484059,4.238047,5.051287,0.935507,2.553673
12.955152,9.343246,10.347711,17.106993,2.696237,16.955456
5.760348,3.825521,1.840546,2.943525,1.766000,4.184402
58.128090,31.393778,24.742285,28.506458,4.504829,23.396465
10.126942,6.518156,2.925622,4.105526,0.558754,-0.069652
21.520338,15.111692,6.087731,8.711831,1.848143,8.253508
5.582038,4.119077,2.251448,2.734743,0.961557,1.392815
6.328624,4.921066,2.163835,0.834026,0.573273,1.443307
5.047880,3.823363,1.821443,1.402341,0.274381,1.578424
14.174541,9.911284,5.789402,10.022040,2.156739,1.261724
3.994733,3.154154,1.724551,2.581681,0.605746,0.024150
4.664492,3.261033,1.878718,2.241249,0.617198,-0.312655
28.583761,19.608454,14.079739,20.078398,3.686993,3.869716
7.708815,5.773335,3.164631,3.370787,0.831037,3.758965
14.197346,9.893737,3.867384,7.765852,0.706169,-0.999983
7.225911,4.788291,2.990877,1.344496,0.248982,-0.436048
8.435574,6.283238,2.546627,5.995634,0.110390,2.088331
18.129086,12.400325,7.050093,7.232255,1.782413,2.336458
8.189620,5.864562,2.672739,2.402797,0.049433,0.182033
5.160391,3.846704,1.748730,-0.050951,0.067643,-0.296228
13.916949,9.828748,4.180966,5.406687,1.008552,0.607111
5.306070,3.949125,1.991127,2.690603,-0.094607,-0.238887
6.871358,5.235713,2.183649,-1.376393,0.024162,0.417124
10.116299,7.036800,5.644403,6.206836,1.603305,0.356988
6.443463,5.005237,2.522332,2.668647,0.362597,0.958211
25.324892,17.154316,8.127481,12.567620,1.080043,4.750699
8.724880,6.460454,2.996608,6.120533,0.900182,0.326057
8.532747,6.081094,2.862699,6.202222,1.100439,1.818434
4.212718,3.390579,1.621998,2.591544,-0.230678,0.374003
34.745773,18.174839,8.786764,11.248647,2.118490,4.179985
27.670183,12.440390,8.056255,13.458153,2.294390,2.020038
20.547962,9.009170,4.524856,7.987921,1.162468,13.711488
18.173782,10.486985,4.597292,7.895782,1.233890,5.619759
16.925709,11.780591,5.994068,5.966031,1.508368,3.587847
4.418737,3.499983,1.498018,-1.012157,0.483132,1.347347
15.866862,11.269075,4.556089,6.951124,1.761316,1.532226
6.748589,4.873924,2.521388,2.969093,0.227798,0.135009
10.671836,8.063087,3.446934,4.706788,0.259479,0.083773
5.269577,3.778590,2.136428,3.354663,0.685859,1.429291
16.690872,11.771065,5.663353,3.886116,0.508428,1.661191
4.558461,3.308312,2.438446,-0.388921,0.325697,1.212767
11.431635,8.194901,2.784858,4.537067,0.631964,1.514507
6.069064,4.451421,3.997517,5.826834,0.813435,2.344711
4.863796,3.948219,1.958998,3.627267,-0.315793,1.363822
7.101192,5.008821,1.874657,2.966857,0.591412,2.374596
4.196076,3.155612,2.125972,5.357366,0.379631,0.767361
16.489513,12.272862,4.981417,8.151124,1.180198,3.678898
40.576874,27.271343,12.219430,13.866227,2.337917,15.878228
6.440190,4.768671,2.129262,0.258195,-0.643897,1.668572
27.538807,19.443636,7.146588,9.094339,1.609996,4.107241
11.937844,8.575296,3.462570,4.417476,0.080487,2.472832
4.360885,3.168572,1.838529,4.507138,-0.154498,1.314768
11.332686,5.675111,4.128610,4.872211,1.090159,2.089112
9.517962,3.986719,4.244174,5.517078,1.199244,2.369905
24.200975,12.863538,6.809022,5.793950,1.064775,1.971815
7.072707,4.784037,3.974408,3.306187,0.291445,0.248321
33.949814,22.558189,13.759699,21.520760,3.316030,4.550239
5.446992,3.934627,2.024109,1.780470,0.514404,1.199418
5.930930,4.309594,1.949875,2.375057,0.390366,2.794993
10.736935,7.562836,3.054375,4.613667,0.828957,2.078282
40.110291,26.126541,12.176359,15.662229,1.539768,2.598867
10.746633,7.591386,4.078728,4.368515,1.858059,0.787194
9.159140,6.308686,3.028308,7.123679,0.682071,0.265569
41.429661,24.118164,25.735746,25.744061,5.110660,15.609846
17.403240,7.732492,6.613401,7.777725,1.447044,12.758377
17.528584,7.614993,6.744637,9.977301,1.263820,13.659158
22.222364,14.930675,25.674480,33.963711,4.620661,16.353760
5.952275,4.137554,2.087109,3.026192,0.260910,1.661620
20.443331,14.854495,6.083776,4.486385,0.495549,0.590538
38.351810,21.073298,26.282484,32.941090,5.233605,11.100101
18.809294,13.043940,8.098670,9.043541,2.051653,26.664709
6.031490,4.330842,2.453934,5.263318,0.439656,0.995131
16.350157,12.100630,4.160958,7.982584,1.246533,1.821199
15.392756,11.174874,3.907810,7.013991,0.913002,1.485475
18.364143,12.847728,5.001437,7.182804,0.959057,2.226725
33.374443,22.458134,9.780761,13.883377,1.704188,6.761063
4.927879,3.857151,2.950440,5.899441,0.383998,2.156111
26.604523,17.578314,9.826553,20.436199,2.316405,5.072185
15.381903,10.862144,4.246002,6.973513,0.774830,2.566501
11.107794,7.994932,3.439467,2.998218,0.793940,3.408831
5.426921,3.878751,2.595157,0.486244,-0.029434,2.569368
34.517685,15.967934,24.170849,35.689686,4.994780,16.959829
30.910833,14.172005,28.817154,49.332382,7.275043,12.047435
23.739666,16.837353,6.470533,9.241278,1.151834,4.225069
11.602623,8.184778,3.119780,2.710804,1.046011,1.044736
12.696261,9.379516,3.756595,2.809436,-0.194321,1.007799
19.208378,13.676015,6.242648,6.527894,1.329646,1.264474
14.288658,10.346885,3.591060,6.854352,2.005212,2.623799
11.854312,8.909904,3.334885,3.963098,1.253469,0.242838
8.745738,6.368195,3.044076,3.003717,0.370898,1.652025
11.025684,8.233493,2.615072,6.287386,0.396987,0.931730
7.827192,5.978677,2.603463,4.503543,0.508260,1.425481
6.464382,4.465114,2.077238,4.207742,0.026702,0.668747
8.597582,6.412262,3.062950,4.661987,0.882614,1.879656
7.537616,5.237683,2.463801,3.027934,0.337787,0.481817
9.218728,6.589464,2.796108,2.797912,0.011144,1.084540
14.635340,10.420856,4.216118,5.971193,1.337974,4.581148
16.614168,12.027445,3.858440,5.405640,0.265355,0.833602
13.258999,9.435065,3.259328,8.158836,0.548277,0.594505
11.933654,8.907978,3.621228,4.460611,0.174016,1.584332
8.598519,6.618968,2.152647,4.097880,0.602168,1.024851
63.101730,31.722038,46.011967,61.268818,9.498412,41.997883
5.677289,3.812674,1.805499,3.307945,0.559730,1.160629
10.798314,7.820308,3.282231,5.579191,0.324815,2.626037
4.747564,3.447269,2.128134,0.069866,0.393766,-0.316017
15.648496,10.637346,3.899888,6.149791,0.870196,1.056621
9.095325,6.468528,3.178313,3.719100,0.300508,0.789668
17.057959,12.072338,5.711539,9.064616,1.131564,2.450829
13.234540,9.489372,6.576832,10.457326,1.255804,1.411376
12.615454,9.166162,7.103884,11.182177,1.446470,6.364746
5.041334,3.721922,1.732797,1.178488,0.264891,0.604164
18.523027,12.935734,7.871812,8.054600,1.151828,3.361947
9.544118,6.869984,2.872099,2.585511,0.560045,1.611981
11.341624,8.194118,3.253371,3.658930,0.366850,0.433710
4.899728,3.684247,1.641525,3.866050,0.406146,0.314164
6.010045,4.476678,2.442901,2.244790,-0.160539,1.391720
6.399872,4.721893,1.920732,1.685955,0.974165,0.458911
10.189507,7.235636,3.217698,4.617275,0.453849,3.755073
6.470838,4.871293,2.136664,2.720121,0.112331,0.448075
7.250579,5.159872,2.164511,0.431027,-0.103405,1.486191
12.941541,9.326841,3.591217,7.389545,0.699391,0.959161
10.935748,8.227581,3.265757,5.695594,1.211286,0.724116
8.191845,5.925401,2.303857,0.616021,0.200964,0.059368
16.397081,11.603709,6.824525,10.722989,1.181776,5.098643
4.387455,2.992606,1.668656,1.305871,0.188558,0.732871
14.325142,9.986063,3.440746,3.780501,0.855547,1.890445
8.845697,6.190616,2.848030,2.700132,-0.083127,1.188377
7.779104,5.772639,1.890572,4.003191,0.658952,1.890858
13.546446,9.740122,3.262559,3.145957,0.623876,1.278996
12.269534,5.743608,8.317463,9.946809,1.709440,4.726480
10.328768,5.278187,6.548721,8.845278,2.408281,3.495484
6.334279,4.578390,1.985160,4.000560,0.271144,0.127624
13.409173,9.406170,3.510666,3.561792,0.360238,2.840080
4.316464,2.994358,1.495777,1.166143,0.572451,-0.473221
11.204293,7.626986,2.499513,5.698053,0.547645,0.813995
4.912945,3.619842,1.916048,0.892693,-0.104153,1.620587
14.706917,10.366067,2.889439,5.443989,1.137165,0.910144
7.125370,5.217075,2.556615,-0.859780,0.538347,1.303654
25.979319,18.635223,8.241304,13.899273,2.428108,3.637003
6.419037,4.559438,2.380344,2.959920,0.349955,-0.477445
12.689343,9.026062,2.466772,5.700760,-0.006285,1.555029
15.253990,10.749395,7.177710,6.069242,1.303105,8.066143
51.828205,24.102850,26.941578,34.619858,6.154603,27.371490
62.781498,32.275658,59.551624,94.980164,14.363119,70.064346
7.919526,5.423100,2.895624,5.108443,0.717912,2.079443
16.067747,8.546828,4.844431,5.853318,1.088779,1.140932
12.217180,8.747692,2.878397,6.517033,1.130826,1.267240
7.033578,5.093321,2.279028,4.167758,-0.390949,0.440593
5.449736,3.868765,1.615765,0.530050,0.023890,0.198635
13.768309,9.581354,10.327994,15.707522,1.364246,4.870129
6.690428,4.645661,2.180985,3.636501,0.011918,2.637582
16.481417,11.939346,4.834057,6.124312,1.309167,17.085251
6.398409,5.057568,1.462725,-0.048465,0.230192,0.384848
4.885252,3.849369,1.901726,3.452441,0.575421,0.604175
16.610209,11.424816,5.807598,6.370088,-0.233868,2.187838
7.833593,5.321323,2.799900,1.520656,-0.172929,1.535027
12.540698,8.978982,3.449473,3.661906,0.371093,1.185775
7.861288,5.633396,2.267106,3.729999,0.616285,1.044467
13.215066,9.397187,2.856536,5.259537,0.231556,0.989164
14.990824,10.773664,4.276911,6.625825,1.310406,4.580821
5.155099,3.577026,1.853483,0.622574,-0.064420,2.487887
6.294063,4.386629,2.065224,1.442039,-0.141421,0.505729
52.313042,28.315681,20.667967,29.583492,3.857636,10.311776
32.127640,13.772973,16.880466,29.131126,3.551096,18.030537
15.244570,10.467513,4.088620,5.245430,0.514968,0.792756
10.221489,7.055767,3.327162,2.711673,0.628099,0.671279
12.978933,9.454011,4.220278,1.220938,0.502004,0.931615
4.159360,3.165353,1.860094,2.636508,0.434592,0.404245
13.015776,9.487164,4.177036,2.485240,0.169486,1.894695
10.885476,7.838245,7.198236,10.315726,1.492066,3.668946
14.392818,10.354160,2.885108,5.000763,1.302602,1.693475
12.451001,8.854513,4.013073,2.806491,1.048018,0.837294
15.311118,10.627799,3.950941,2.510919,-0.391019,3.781558
6.967776,5.042283,3.285081,3.672519,-0.364072,1.207890
4.768153,3.652222,2.475399,1.855112,0.209478,2.193824
9.943937,7.308187,2.987134,2.740249,0.414150,0.932665
5.491022,3.884303,1.788415,2.623853,0.097005,-0.571164
5.334747,3.939378,2.095553,-0.011985,0.083953,3.107498
5.954360,4.064233,2.234324,2.495593,0.543878,0.752938
28.435589,17.725206,26.811825,29.086645,3.451694,5.826080
14.270103,10.274921,4.114816,6.555027,0.659301,1.403526
8.539409,6.033851,4.893285,5.890272,0.178589,2.671928
49.208870,27.545551,33.791016,42.335976,5.387106,14.091946
33.598621,17.927296,60.645206,98.838913,12.284612,12.652338
7.618930,3.642542,3.139506,5.150831,-0.316518,1.057715
7.154140,3.531701,2.883889,5.305692,-0.718871,0.184305
11.083137,7.652972,3.454280,5.477526,0.905576,2.791887
5.567989,4.176943,1.754050,1.695067,-0.319412,-0.172198
5.112074,3.295976,1.756865,1.553298,-0.672779,0.998241
8.953210,6.517571,3.031725,2.332475,0.084401,1.094283
7.558619,5.224689,2.700059,0.757895,-0.032945,0.443144
15.522635,11.313647,4.754241,7.937156,1.272037,2.256832
6.339046,4.973188,1.933411,2.402029,-0.023468,1.122672
9.494571,7.011364,2.696401,2.480902,-0.217094,1.532255
9.533862,6.898850,2.941001,2.695906,0.525290,1.428302
11.216362,8.197927,3.405427,4.237696,0.838372,1.110557
4.820338,3.530482,1.901736,0.891162,-0.236211,0.193439
7.729114,5.727314,3.123781,5.725805,-0.158662,-0.143808
13.183303,9.227545,3.838903,5.906329,0.020973,-0.406836
12.354992,8.998593,3.974277,5.890502,1.280455,14.745751
13.300740,9.479465,3.756800,1.566467,-0.113756,0.723009
5.446448,3.939452,1.949597,0.725784,0.304103,-0.436891
5.131303,3.365363,1.713806,3.352026,0.556858,2.926987
37.668633,15.489121,9.227546,14.275514,2.280982,2.760900
43.990608,25.010933,11.237229,18.944620,2.671257,2.675521
8.157866,5.866975,2.460249,3.475572,0.264816,0.932516
13.109545,9.502370,3.574867,3.339805,0.440708,1.048896
15.837087,11.529857,5.534297,6.923460,0.898790,1.790070
34.693481,22.988899,12.307724,14.485745,2.677013,6.965256
6.522627,4.313280,2.058246,1.234987,1.042689,1.149218
18.693586,9.719168,4.694984,4.312710,0.825625,2.454798
30.403086,19.895878,8.984844,8.270561,1.459051,5.122654
4.510373,3.353653,8.313626,8.836312,1.046668,2.669991
44.806427,24.193531,33.225361,48.637733,5.755880,7.723145
34.328766,21.935516,14.767413,18.789242,3.003620,6.136023
35.158127,14.186547,35.687992,35.706154,5.862735,20.899014
33.368938,14.219250,41.786236,48.620907,6.967466,19.399853
9.066346,6.532950,2.381101,1.279964,0.880142,1.673540
9.337355,6.863039,2.676240,5.501038,1.232473,1.690268
16.772894,11.905932,4.019259,7.287580,1.255960,4.944743
8.550733,6.104352,2.514238,5.643611,0.151278,0.534889
8.949999,6.538823,3.065634,4.747175,0.845366,0.861043
6.301588,4.713196,1.618172,0.983858,0.499269,0.524773
9.721593,6.666781,5.118342,7.200350,0.783845,1.663787
12.687452,9.416083,4.212481,6.528914,1.006956,0.574692
11.471252,8.044605,3.528364,5.190701,0.717134,-0.724721
6.932012,4.883303,3.348737,5.806743,-0.051417,1.153133
18.698139,13.331800,4.874388,6.806097,1.302572,0.844247
11.092657,7.840490,3.135282,7.843039,-0.106970,1.002593
14.727909,10.487278,4.682470,1.540630,0.686782,2.496904
6.950397,4.745222,2.489083,2.512732,-0.670044,1.011801
4.804781,3.942296,2.352661,3.522916,0.333217,1.254115
5.305089,4.079241,2.102256,1.162690,0.943117,0.176119
8.053242,6.058517,2.028381,1.399976,-0.048852,2.734032
10.157401,7.284607,3.060603,2.897156,0.528493,1.651838
13.170324,9.055818,3.100423,6.854333,0.079462,0.625113
6.177236,4.508053,3.665972,6.558923,0.077834,0.634289
10.459250,7.435005,3.328471,3.014171,0.707298,1.807605
11.315127,8.036163,2.879510,5.385905,0.864630,0.574412
4.327349,2.921547,2.043608,0.905774,0.449868,1.546440
7.481983,5.452523,2.762175,1.782130,1.010576,1.194345
10.921420,8.153457,3.419022,3.694950,1.360238,3.866667
8.225075,6.027254,2.350618,1.510767,0.568226,1.418056
28.603037,15.807394,16.310606,19.390303,3.314683,3.639848
5.233514,3.957125,1.716115,3.162524,0.750150,1.572765
10.065492,6.751117,2.936344,7.628355,1.083017,1.452721
28.318565,10.716006,13.803118,17.857855,3.452021,6.662632
27.799040,10.767985,14.688221,18.921888,3.401133,6.119624
12.551153,8.971331,4.944166,4.241648,1.181849,2.890049
26.327301,17.300053,9.222600,10.464917,0.988066,1.930989
16.416061,11.073741,6.328049,9.096275,0.732547,2.928681
15.121559,10.390669,4.800275,7.474266,1.386789,1.919168
20.063000,14.469215,4.460409,6.017334,1.445189,0.061747
4.774636,3.625055,1.922119,0.533787,-0.195931,0.337649
12.100775,8.766728,3.608551,3.282368,1.164036,1.212148
13.521257,5.056961,7.879117,11.088988,2.244877,5.544665
20.142729,12.444896,13.416227,27.022390,4.247869,8.525355
4.647150,3.480853,1.490094,4.159337,0.671493,0.765731
18.925465,13.718755,4.740519,12.600846,2.367260,2.896632
130.760147,32.815605,296.360382,411.255768,56.934181,136.141434
67.784279,24.199184,50.886787,100.156181,12.787539,14.919715
13.032312,9.201883,3.919622,17.192036,3.069465,2.576394
26.532980,14.398124,16.099323,31.407173,5.771826,10.064659
50.292076,18.453161,45.541317,71.860344,11.870307,39.100391
79.937668,38.441944,141.365005,208.554489,28.054621,73.838516
78.235771,33.372055,48.238567,80.786377,10.787382,16.542662
81.796844,33.419670,50.343086,85.150436,11.467808,18.590048
47.201828,17.457165,34.015881,63.567215,13.025545,45.092491
103.894073,45.665798,110.184914,217.965210,50.287949,123.385338
139.360123,43.839222,231.563583,320.619385,44.562534,93.792923
102.227203,24.654846,71.902779,142.184280,21.474855,51.462936
148.519531,41.066566,257.791687,359.050110,46.948498,82.876862
48.469925,22.126570,39.486656,70.409668,10.976761,24.205282
59.691566,36.677124,62.996777,96.439316,17.155453,124.820244
172.412537,46.350239,403.679871,510.240509,76.917480,165.940689
150.435242,38.871254,199.517105,282.791138,44.833447,122.941940
107.470375,38.930260,174.269547,265.682770,38.457829,118.250267
71.323265,25.595835,48.117176,75.699387,13.371792,63.907570
50.790295,25.466921,43.512424,71.870735,11.640476,55.438335
7.426095,5.359843,2.085916,3.854988,0.139594,-0.911953
5.125210,3.771292,1.994187,4.029577,0.611497,1.429489
16.264278,11.400693,5.092596,7.007322,0.889767,6.898859
45.345879,30.156708,26.148153,25.278759,4.706302,5.074273
19.559006,13.772525,5.132275,8.993075,1.006293,1.358822
6.253223,4.298245,1.767330,4.393190,0.933770,1.620323
9.543914,6.700263,4.140997,9.479533,0.992537,1.739605
20.000175,14.387045,5.558964,8.532678,0.969621,0.406580
44.828362,27.472645,17.786663,26.509859,3.816942,4.613368
8.482327,6.241189,4.457633,6.769756,0.416203,1.500413
4.082074,3.244276,1.961992,2.674815,0.986626,-0.586347
12.061301,8.833299,3.235596,3.633058,1.707879,1.302635
15.332111,11.075630,5.548739,2.709053,1.818766,0.172171
6.689980,4.828459,2.314054,1.983680,0.714821,0.040498
8.399812,3.404034,3.098831,4.281145,1.168355,1.153762
9.622388,5.623279,3.554400,5.773441,0.582636,1.037255
4.298347,3.496624,1.853930,1.966902,-0.202524,0.791297
15.257021,10.930846,4.606160,4.430289,0.743142,-0.008749
5.066965,3.816290,2.113753,3.778694,1.348889,0.679005
4.724148,3.379677,1.738840,4.028048,1.233188,0.640478
9.993168,7.572983,2.428922,2.493928,0.583892,1.480184
6.309513,4.768025,1.861502,3.905797,0.549942,0.531355
18.022764,12.751946,5.069606,13.288119,1.277066,4.497704
6.021821,4.321216,2.425489,0.893367,0.920217,1.614650
7.901304,5.862149,2.506109,1.799522,0.968251,2.109070
22.339344,15.882338,7.649938,8.255003,0.993644,3.849138
9.261193,6.539035,4.391732,5.416194,0.651340,1.517335
34.891060,22.921318,10.547675,15.727514,2.594510,2.965434
39.874771,23.340590,12.889356,21.452902,2.840400,3.537007
13.551624,9.425266,3.889891,4.524115,0.864353,2.031271
7.041065,5.389763,2.123918,4.070264,0.647553,0.204080
9.717253,6.944057,3.147223,3.973810,-0.008265,1.125430
9.022332,6.428078,2.900798,6.654937,0.376479,1.011636
14.127053,10.312127,5.024755,3.360026,1.022300,1.798172
9.200287,6.748563,2.948261,1.518202,0.706747,0.508838
7.766810,5.856164,2.035770,4.814500,0.371268,2.409163
11.711521,8.863876,3.459619,3.820081,0.627721,2.188153
14.263007,10.218288,4.020628,6.458826,0.781801,4.321581
4.898491,3.310083,2.338312,2.068995,0.957862,1.358932
44.499084,23.258793,40.683514,56.505226,16.450998,66.993866
5.261694,3.958391,3.450852,5.260219,0.792332,0.543513
14.845037,10.805696,4.373289,7.450447,1.391338,1.141836
36.567009,20.132809,14.736401,21.797678,2.714257,3.213922
16.822701,9.054956,4.519248,3.059123,0.807108,2.877928
11.958222,6.808807,3.711375,7.020180,0.313294,1.592231
19.128733,13.574914,7.201596,8.499775,0.658896,1.495067
24.636461,16.588678,18.105656,26.352221,3.538534,5.426750
44.341660,18.731161,10.745339,14.946635,2.594915,2.718319
6.949414,5.067830,2.326058,0.654835,0.997536,0.585926
10.688060,8.055128,3.232588,4.336937,0.660446,0.248417
18.724331,12.951501,6.402314,8.637744,2.125179,2.187643
15.842862,11.263680,5.365304,6.255675,0.988546,2.554694
8.890522,6.270122,3.268781,7.202423,0.418251,-0.713771
24.393389,13.506374,6.667689,8.597064,2.232013,1.548401
37.570511,24.115671,11.814629,20.278683,2.677403,2.571199
4.524136,3.491257,1.789387,4.209096,0.343901,1.084751
9.911766,7.098749,3.773132,6.303816,0.214045,3.284291
43.564468,18.808830,18.757835,36.848240,4.798457,9.007719
41.047077,18.849197,18.696383,37.214142,5.353527,9.041851
40.914799,27.517742,21.003004,27.716040,4.236008,3.884187
4.898340,3.606760,1.883355,3.238486,0.081268,0.428824
15.847545,12.060149,4.009757,5.825016,1.067263,-0.036985
12.660426,8.782218,3.518318,6.977698,0.350228,1.431098
19.074574,13.455270,7.674915,10.588354,2.143956,1.120689
5.481045,3.777288,2.050428,0.758056,0.562448,0.821053
14.194425,9.867419,3.876709,6.459496,0.697734,1.660824
5.400188,3.956420,2.289462,1.815078,0.690479,0.991202
13.205013,9.147996,4.057460,3.241297,0.696888,4.251518
45.788719,21.524473,22.296257,35.308918,4.956169,3.858181
12.176181,8.498017,3.986899,4.718014,0.610780,1.056077
4.605592,3.301686,1.851193,4.589175,0.385205,0.278177
46.703442,24.675520,12.818311,23.264839,2.073929,6.818455
6.479335,4.841668,2.600318,3.847816,0.516999,0.630029
7.919260,5.775711,2.565624,5.962805,1.061329,1.045596
34.369999,23.650114,11.874662,22.471327,1.596850,3.740932
14.514097,10.750443,4.963300,6.732361,1.184530,1.610076
6.109756,4.549264,2.062638,3.040935,0.291321,1.341161
22.782873,15.631762,8.183398,11.484463,1.031351,2.956482
5.964261,4.378332,2.224506,4.701324,0.579382,4.973948
10.792229,7.637793,4.894756,6.121555,0.740399,5.723119
6.196558,4.427801,3.545882,3.540824,0.413982,1.807433
17.404875,12.369665,4.504903,5.143684,1.234147,1.831772
8.522678,5.929844,2.999722,5.064640,1.047256,0.506579
5.348529,3.220695,2.419936,4.098767,0.144161,0.236442
4.715066,3.528421,1.688111,2.186814,0.190982,0.516170
17.294552,13.009845,4.074610,8.141044,1.615029,0.993953
6.048973,3.977853,2.729592,5.017226,0.954625,1.066038
8.213869,5.627140,2.474624,3.606385,0.451007,0.154585
6.877958,4.920097,2.519305,2.299139,0.092982,1.081595
9.217414,6.432143,4.878832,6.917161,0.680925,1.278387
20.907206,15.205987,4.885172,8.888349,1.049566,2.506088
7.683249,5.365686,2.279246,6.764196,0.309123,2.330878
44.403278,20.911240,23.175020,34.492218,4.790905,5.775251
5.449454,4.342213,2.175483,3.684147,-0.194239,0.447030
5.746215,4.130965,2.343739,2.550120,0.217528,1.871573
17.391829,12.129388,7.078398,8.762580,1.673889,4.213162
6.176747,4.497787,2.500575,4.320470,0.254550,0.762333
16.335833,11.997604,5.138050,2.776492,1.075498,2.744969
6.792391,5.083769,2.263432,1.284692,0.564443,0.956712
8.722559,6.473316,2.911792,4.086356,0.720528,0.892787
13.176199,9.533548,4.166074,5.752208,0.520165,0.276117
8.190739,5.896573,2.633471,3.835708,0.767430,3.887941
7.113612,5.355469,2.573668,2.775749,0.366499,1.079982
7.883690,5.687654,2.557621,2.796859,0.519534,5.271703
10.644149,7.762830,3.032288,6.765399,0.009372,0.613515
13.185946,9.500287,3.935936,4.864026,0.164433,2.947625
12.917376,5.568613,4.210845,6.928121,0.347096,1.317330
12.872943,5.486834,4.422600,6.063884,0.091802,0.958305
8.619556,6.177888,2.606901,2.364501,0.411322,0.867772
9.503223,7.018454,2.895974,3.216019,0.000061,4.154893
9.126270,6.587357,3.996404,5.184131,0.910506,2.070399
10.153223,7.308244,2.579804,5.099943,1.739921,0.448684
4.778531,3.047360,4.523338,9.127825,1.009474,3.975111
6.129655,4.661530,3.077533,5.078270,0.246536,1.339006
6.767477,5.002852,2.439981,4.953181,0.343063,0.939676
10.605895,8.006481,4.039814,8.257232,0.776302,1.089882
11.380982,8.404025,5.359775,5.419101,1.176539,0.261068
10.310288,7.290270,2.349631,4.568293,1.274996,0.905257
26.033184,17.824993,13.375720,18.118444,2.363165,5.132365
16.931585,12.476505,6.818441,12.288531,1.012053,0.525758
28.882168,14.951556,9.099007,18.342918,1.599208,3.301438
5.504052,3.984202,1.804224,5.179214,0.467764,2.524863
21.618702,15.104820,6.177701,9.649402,1.403107,1.180326
10.938269,7.692273,3.362402,3.742815,0.990573,10.096211
6.065068,4.348358,1.949076,5.307868,0.115305,1.226631
12.178569,8.722091,4.202706,5.980591,0.905256,0.920344
5.873008,4.074927,2.037591,2.962449,0.489433,5.283325
21.237913,14.521946,7.243268,9.649173,0.676811,6.096119
9.678171,6.852800,2.930557,3.209810,0.441307,1.934100
12.279853,8.803530,3.860433,6.998297,0.598452,1.316378
12.887527,7.337587,4.823029,3.117151,0.285540,1.435693
4.422561,3.525296,1.388578,4.166657,0.332864,-0.355048
19.293379,14.101815,13.609698,21.019789,1.579938,8.732200
10.319949,7.229618,6.408594,7.424220,0.739214,2.908964
10.250564,7.276394,2.737020,2.157207,-0.239760,1.115927
5.385108,3.977242,2.043733,1.335449,0.163903,0.674406
14.249015,10.364267,7.051836,15.228580,2.279079,2.630082
9.017828,4.599946,4.711691,7.197235,0.858439,1.635291
10.065545,7.341817,3.145461,3.915528,1.236391,1.718352
7.264939,5.233851,2.539008,3.670670,-0.073070,0.742835
23.940029,16.842058,8.527221,12.914007,1.763614,1.653336
8.222278,5.959368,3.240624,2.611562,0.723862,1.958581
4.357146,3.309679,1.684722,-0.475242,0.071733,0.854487
7.324776,5.378528,2.602085,2.393063,-0.014644,0.911564
11.286113,8.082742,3.131579,6.397876,0.572814,9.432802
4.301707,3.125261,1.516149,3.261788,0.814261,2.236166
5.602604,4.082134,2.321805,2.487755,0.777410,0.443256
17.314713,12.611800,5.478425,5.100432,1.040052,1.906904
5.362978,3.967611,2.297423,2.857512,1.487347,4.418362
4.092212,3.228661,2.136629,3.275710,0.114575,0.392145
33.186569,19.038404,40.690727,49.032570,7.887258,15.664900
7.386522,5.284039,2.975712,5.583210,0.705872,0.217224
12.197153,8.959743,2.873109,4.345306,1.105550,2.479861
13.591757,9.712199,3.840332,4.947929,0.978250,3.379748
30.012442,15.281654,9.601219,12.496036,2.085155,1.852411
10.228191,7.670168,3.317615,0.917691,0.990565,4.378476
13.819541,9.888918,4.586592,5.205848,0.886882,0.813007
29.598913,21.285732,13.394161,17.198860,1.331558,2.787837
13.913901,10.069016,4.301414,7.103274,1.383488,1.221774
15.630363,11.316477,5.619136,9.761110,0.545242,1.345183
6.948779,5.104198,2.148014,3.003825,0.476903,0.098123
21.091820,15.024676,5.565309,9.069088,0.733925,4.148913
17.449989,12.039873,14.049527,23.270674,2.685131,5.437834
7.554640,5.689262,2.331630,4.868836,-0.101296,0.318210
7.180576,5.359496,1.977581,1.515894,0.989666,1.297701
18.346624,12.946740,6.647896,8.837329,2.652839,18.422413
5.316799,3.935684,2.056187,2.475281,0.591375,1.301897
12.134331,8.826354,4.753010,6.627149,1.238284,14.961032
15.443474,11.175120,4.045657,4.312777,1.662357,1.016254
6.294057,4.733219,2.199903,3.090222,0.244697,1.027846
5.850842,4.046709,2.016008,4.586930,0.382918,1.259552
4.208678,3.304221,1.762078,3.217624,0.164981,0.593908
4.544266,3.448764,1.692402,1.680534,0.706855,1.517462
11.380116,8.012715,3.970628,5.383226,0.810586,1.411212
16.501715,12.102809,4.515475,8.741939,0.896790,2.028403
8.587514,6.215384,2.866260,2.326392,0.815811,1.125506
9.575984,7.005912,3.208053,4.123991,0.574885,4.803066
6.297963,4.477185,2.242279,2.922719,0.034308,0.947074
9.516239,7.275798,2.888064,2.803364,0.351341,0.091405
16.480446,11.699641,5.688209,9.641457,1.127908,0.940070
12.726228,9.042651,3.883658,5.237852,1.031501,8.456862
19.540754,13.449987,8.209974,10.669600,2.105948,14.643184
5.649865,4.020507,2.087060,4.590134,0.040272,1.024266
9.271109,6.751544,3.172777,0.788598,0.066245,1.421335
14.876822,10.549074,4.254261,5.868320,0.933102,2.431098
8.514235,6.414899,5.573015,12.812573,0.859932,1.549963
8.689326,6.634087,2.940682,2.268606,0.563819,1.812600
7.326285,5.483119,2.413087,3.866570,1.498142,0.372401
8.062287,5.505481,2.774373,0.664346,0.048963,0.206881
5.016106,3.774278,1.984161,4.656431,0.285986,1.905767
6.629615,4.645857,3.163679,4.340142,0.615832,1.992709
12.811861,9.334460,3.617293,4.717343,0.258513,-0.018077
10.336390,7.024547,2.677131,3.837691,1.103208,1.064355
6.701632,4.851800,4.242435,8.915238,0.837685,1.372307
7.152448,5.203467,2.841911,4.055790,0.005655,0.108611
14.383835,10.218582,4.302046,2.899227,0.216775,3.420769
8.399818,6.329745,2.746979,0.930970,0.371152,2.262150
7.176581,5.691679,2.446632,2.931690,0.346090,9.569844
19.608582,12.924908,12.686626,16.141430,2.359736,5.236509
5.083477,3.543822,2.134921,1.452369,0.671002,0.723601
6.390715,4.431315,2.260795,1.654633,0.286554,0.348294
4.630022,3.131755,1.998053,3.218770,-0.040504,-0.043590
14.637359,10.616119,5.197689,7.948420,0.493197,1.246464
20.858854,14.596725,4.739813,4.391420,0.591385,0.828072
20.394106,12.516379,5.746479,7.306466,0.724246,2.357147
5.592830,4.140435,2.166720,1.107305,0.052913,-0.000706
9.272139,6.570903,2.543377,4.428416,1.058357,0.484193
8.677116,6.274127,4.892304,6.730124,1.122114,1.728264
9.903113,7.067122,3.794087,2.714319,0.629090,1.962072
8.514110,5.942053,3.036706,-0.194875,0.191682,1.359262
4.147906,2.965531,1.709050,1.096216,-0.695510,0.846284
9.063694,6.277412,2.135306,12.431326,4.405371,15.238979
15.534825,10.936906,4.503514,3.728680,0.667500,1.258801
13.058224,9.263445,3.401920,4.723342,0.746502,0.654596
4.324280,3.299474,1.831971,-0.282507,-0.296546,0.996543
18.741693,12.461822,4.912016,5.592408,0.802989,1.472239
7.124489,4.877813,2.403121,-1.865809,0.590524,0.223774
4.538179,3.500743,1.835425,0.508891,0.448213,0.442932
11.633731,8.415671,3.064619,0.908789,-0.520511,0.999306
5.073900,3.711446,2.402432,-0.886225,-0.312261,8.147684
11.013476,7.671588,4.251725,2.912227,0.711987,1.461308
7.858521,5.714742,2.376659,3.691478,1.252665,3.028703
30.713472,20.512560,9.531596,17.488197,1.630917,2.546581
4.349309,3.383520,3.785917,2.677605,0.321462,0.080807
39.613712,21.839474,14.660503,17.956612,2.767947,6.470180
16.066132,11.722983,4.188121,6.310551,1.135114,0.608476
5.074956,3.720050,2.235017,2.004485,0.248753,1.441386
6.614886,4.689041,2.177303,4.136132,-0.557722,0.648484
8.578587,6.417872,2.822095,4.497344,0.102854,0.863740
9.997254,7.267448,3.405399,2.346274,0.413692,1.917062
6.453093,4.758558,1.943787,-0.398590,-0.283810,1.580918
4.647406,3.430980,1.784755,0.363766,-0.368379,0.501012
7.351359,5.470953,3.020638,2.028983,0.027331,0.265503
6.159184,4.344914,1.896776,-0.946541,0.549936,6.007976
6.665881,4.802797,2.626849,-0.562553,-0.177851,0.351763
13.857651,9.677089,4.505642,7.145814,0.340732,1.050340
9.140966,6.444366,2.766037,1.507060,-0.270930,1.426565
31.619041,20.176838,11.289684,12.128222,1.172054,1.887642
11.094057,7.474389,3.031330,4.816979,0.301098,0.111299
19.157352,11.004647,8.481973,10.586639,1.093876,1.899888
20.542843,11.092917,10.036757,12.018442,2.001791,3.014133
4.092737,3.060068,1.989509,0.207158,-0.621004,0.801570
11.074271,7.776350,3.037766,2.352715,0.314802,2.604860
5.891516,4.578811,1.709597,-0.037685,0.323083,-0.337441
9.782083,7.177329,2.310663,2.150831,-0.095062,0.703410
4.045907,2.998706,1.725183,0.257305,-0.149458,0.424804
5.771006,4.105422,3.108022,0.644223,-0.253179,1.857149
23.726606,16.102091,9.211008,10.176965,1.520532,3.339145
14.775876,10.719510,3.866631,2.957591,0.693419,3.968060
5.634942,4.017903,3.263070,3.963725,0.745692,7.698236
8.867189,6.040835,2.793995,1.189040,0.574157,2.184285
9.694275,7.177125,3.082812,-0.182344,-0.354576,0.974534
8.098092,6.125329,2.671675,2.965387,0.377526,3.452338
8.889119,6.409728,3.123504,4.811132,-0.156160,0.140124
4.302230,2.930419,1.689352,2.951196,0.206001,0.762555
8.093946,5.823751,2.941612,2.664302,0.447741,0.875724
9.680668,7.131979,2.488791,3.713008,0.396013,0.190324
4.509746,3.222848,2.779220,3.284288,-0.049476,1.718793
51.896408,20.707870,16.022116,29.213690,3.807852,5.538317
51.557938,20.695953,16.271288,31.464890,3.820708,6.035515
4.751339,3.633828,1.708961,-1.339097,0.674632,2.829029
18.367039,8.275776,4.921583,4.481649,0.289744,4.300490
16.467695,6.723753,5.275928,5.482177,0.217502,5.298042
14.503486,10.430390,5.331195,7.272498,0.302702,1.469433
9.326774,6.478932,3.321705,4.613653,0.717598,1.654181
7.739174,5.440558,2.929530,2.601678,0.085284,2.264797
5.211708,4.159501,1.491875,2.148350,-0.211019,0.091003
4.219925,3.064068,1.957702,-0.021326,-0.309016,0.570868
14.535182,10.613379,3.619626,3.190010,0.600071,1.284618
12.078031,8.740579,3.326292,3.227115,-0.450392,0.567214
14.149853,10.081441,6.381535,7.153906,1.032903,4.712848
40.712803,25.420858,13.501695,15.442256,2.932572,14.952480
8.021075,5.849073,2.424710,0.922312,0.181787,0.266292
8.977216,6.732845,2.766732,2.561968,0.199276,1.050827
7.203564,5.202322,2.148605,2.275153,0.960614,0.316988
4.983466,3.826089,2.019970,1.329488,0.544317,0.711975
14.267303,9.900347,3.727166,4.516448,0.546532,0.766188
4.984548,3.732681,1.911867,-1.354820,-0.276085,0.876496
8.097907,5.815247,2.273854,2.425158,0.471394,0.252184
10.297020,7.083799,4.400633,6.842565,0.299627,1.375672
6.588425,4.920853,2.177534,1.073701,0.417953,0.468644
4.220568,3.384038,1.317680,1.503542,0.074052,1.045566
17.672260,12.451635,3.737353,4.667057,0.556293,1.086064
4.997778,3.632177,1.588387,-0.318251,-0.052017,3.636610
10.199659,7.312385,4.553425,2.993437,-0.295172,0.527759
5.933637,4.286730,2.241339,2.637733,0.242603,0.743715
5.724664,3.967764,1.923668,1.198454,0.125908,0.151838
14.214550,9.796817,12.511864,13.668826,1.953821,25.760702
10.763140,7.774610,3.021489,1.464290,0.561324,4.734004
11.049719,8.336346,6.787131,7.314444,2.991803,16.713823
14.625723,10.694133,3.816819,6.333634,0.199520,0.665441
33.375854,22.811487,16.660330,22.151897,3.470732,2.469572
19.119659,13.574487,5.254470,7.520241,1.195714,0.903856
8.454517,6.480856,3.573254,4.281285,-0.268043,0.794029
16.301273,11.286978,5.039025,6.216477,0.502910,2.330060
10.557726,7.757258,3.512598,1.063447,0.858189,0.239731
16.950144,8.400766,4.393136,2.294535,0.719328,2.410910
45.906792,29.046154,15.513571,18.573317,3.629327,4.373262
4.756968,3.709768,1.900591,-0.531002,-0.294528,4.035018
7.922273,5.403836,2.502649,3.386925,0.147032,1.522529
16.602592,12.041976,4.832739,4.449215,0.966164,1.757019
22.540337,15.977478,7.195600,9.935599,1.207666,0.800331
16.084057,11.221813,4.246863,6.533700,0.684758,2.436022
5.449508,3.974935,2.190639,1.710013,-0.074721,0.841657
22.263285,16.222750,6.779621,10.796093,0.193888,1.743442
4.680939,3.697659,1.956090,1.921535,-0.339819,1.322615
7.498540,5.774618,2.225155,3.509705,0.566968,1.384204
9.153743,6.553158,2.663834,5.471798,-0.109939,-0.576164
9.365282,6.804622,3.019955,4.569695,0.382981,-0.248293
6.968253,4.958040,4.716840,10.828077,1.125669,2.069428
28.091099,19.229977,8.554248,13.639964,2.190165,12.122829
3.717884,3.035551,1.741676,3.640216,0.204624,1.407772
11.447993,8.723763,3.101549,4.226425,0.353058,6.507854
20.035749,14.151392,4.975909,3.809604,0.883126,2.971383
25.865356,11.897274,7.090415,10.470672,1.300270,1.777572
32.020027,22.115442,8.853144,17.192627,2.936960,7.596443
39.904091,24.195580,41.161850,62.374229,8.324306,13.611032
61.295582,29.829935,28.637285,47.273323,7.674255,39.105328
18.133011,12.956961,7.719475,14.544969,1.472000,3.816908
6.605162,4.884269,2.057164,3.358688,0.569653,1.463965
5.814169,4.794625,3.650251,6.265941,0.954477,0.524550
7.032347,4.751872,2.143542,7.602787,0.633172,1.437583
12.541282,7.074328,4.493119,7.860114,0.313225,1.503764
21.066715,14.544957,4.864789,10.464530,0.952516,0.827281
10.992577,8.048980,3.384324,6.372209,0.600754,3.317695
10.909716,7.653395,2.634571,15.261362,1.857783,1.161375
15.968412,7.432721,4.717694,17.390413,2.285952,4.596267
14.455548,7.487948,4.862731,19.879976,2.490939,2.844510
86.547081,29.088669,57.398342,86.922691,12.319498,23.064487
133.789490,41.338505,98.431686,156.885345,20.397053,31.977375
122.349480,31.317316,100.040314,182.875458,24.630768,33.062222
133.228439,44.100845,106.512878,174.401474,24.526957,25.591782
50.190643,26.098007,46.844337,95.518906,12.114732,26.084684
58.737900,29.459013,100.175941,224.869522,72.722351,317.312256
64.392456,20.471811,58.005440,124.887764,20.218231,51.524979
61.689651,34.837791,58.649815,103.119980,14.678475,25.082495
27.806616,19.970802,8.985260,27.933853,3.989379,4.759854
12.735691,9.407817,4.332338,28.886705,4.102945,3.906687
86.478348,32.582317,174.739929,260.638153,34.676174,68.692780
82.993950,35.410728,77.933281,147.913300,22.618801,51.370159
71.756210,30.888863,103.792740,164.292480,23.376163,26.168938
114.372337,40.157497,101.092163,172.603119,25.460255,70.074669
188.226990,51.809216,181.682159,291.830414,39.064220,105.241806
217.550751,51.831974,218.241669,324.990723,47.621525,122.244682
192.318161,54.101379,210.706741,314.601471,45.935276,111.016014
243.016800,69.918701,262.132843,367.566345,47.966370,117.131401
236.861832,65.053230,245.032166,360.337952,45.144199,95.203903
185.465408,50.496605,201.978302,305.003387,37.015179,89.343102
99.749405,24.680649,112.006462,167.886841,25.423094,72.700157
138.021698,48.875347,105.837082,160.799774,24.566027,54.203056
134.224136,50.097424,98.653633,163.406525,23.366743,50.177731
186.102051,58.128693,238.249634,318.239594,41.511593,77.415703
134.401199,41.227596,174.388382,275.230164,37.074326,81.215630
27.661285,11.461276,12.654981,61.994961,8.520347,9.705292
71.675484,31.436804,37.262009,74.275192,9.231945,11.122364
134.854126,51.944122,221.916428,297.593079,43.607792,124.383606
242.327209,73.272903,401.028992,537.707275,73.856071,157.704712
235.578613,73.408592,404.687836,570.580261,74.592392,139.926651
162.091095,44.088573,267.730621,434.406250,57.731102,94.241379
164.641312,44.026283,255.656845,411.884766,52.160580,82.306808
143.936951,41.623295,212.305298,357.153381,47.332985,83.705299
152.508484,35.432709,108.237984,195.174072,24.170424,29.783443
113.039383,35.416565,85.868294,160.427444,18.226175,26.010311
166.104584,45.249798,241.036896,363.244476,50.183285,64.978264
147.819763,40.256935,153.516296,239.972824,32.667908,50.934093
162.732422,40.527706,177.407303,281.217834,37.083496,56.842018
88.825012,36.233547,41.687965,96.356621,13.390514,17.940090
24.867083,9.328856,11.744285,44.388500,7.410447,9.515601
23.785233,8.340721,9.740696,36.596203,5.706587,9.774174
14.257104,6.495297,5.851635,29.935171,4.077795,7.196583
4.642119,3.619944,1.562275,19.033560,2.049005,4.044049
32.571724,19.080988,48.219543,86.892799,10.328303,11.296318
18.889130,9.449135,4.696982,22.732073,3.940054,3.913039
17.368778,8.083911,5.144423,27.624624,3.849365,4.789658
77.604179,27.333862,48.367374,80.196442,10.753679,19.967266
60.860180,27.298723,42.513668,75.185394,9.268612,17.055399
123.360847,44.550655,237.512970,284.138275,41.278175,77.553780
136.067078,43.966202,195.460602,257.899719,33.198345,42.204674
6.436281,4.750988,2.463387,20.665062,2.668125,3.259985
250.846146,81.223915,288.034363,352.860413,51.498409,136.255035
40.366356,24.458260,22.477131,74.757141,9.805558,16.017725
24.940342,15.239937,16.392235,39.270126,5.090579,8.299482
51.874195,19.141314,29.777000,62.166317,8.656051,9.754633
29.876194,19.554623,23.946692,56.898056,7.711945,9.489343
6.964835,5.378300,2.595828,19.838608,2.821991,2.199502
41.336517,26.220819,15.136597,32.706379,5.483900,10.883222
53.580181,27.018860,21.667393,43.534191,6.633401,16.149027
97.023476,42.536480,75.890869,116.311172,17.612492,40.857689
95.711266,23.924425,71.831512,127.843170,17.304523,43.810902
91.228058,23.901791,83.509102,132.756790,20.224163,56.858383
120.233704,35.880466,137.879547,221.961990,30.105547,66.634865
145.210632,44.965275,204.444931,346.750519,47.144447,102.602684
131.666977,37.481571,160.454269,235.198593,35.748154,79.230591
161.748672,47.054691,219.542587,332.270630,46.870346,86.579430
148.792007,42.894764,177.012421,302.475128,44.088127,95.713348
121.670799,35.631393,186.091095,279.895142,40.435467,116.911720
10.258363,6.869983,3.865604,17.664089,2.407605,3.039217
26.174557,18.280624,11.711744,29.891930,4.111265,9.537920
137.933472,39.173790,122.294968,197.474213,28.024794,48.637138
130.560837,51.020794,126.521423,208.383881,27.119991,34.418232
162.939896,54.176579,143.605164,246.252075,29.781410,34.533913
24.862278,14.957628,16.050714,44.431763,6.563120,9.317086
40.782997,21.590429,54.944042,89.231819,12.559377,23.878237
47.484634,22.815187,169.496338,246.206955,32.734852,37.739067
57.313839,23.963177,80.793541,172.630676,20.503065,30.874273
91.785988,35.436161,97.795174,160.627380,23.672762,84.741089
149.830063,44.778275,167.530014,228.007965,33.259834,125.113594
67.888237,33.787075,59.703117,104.929611,14.254737,30.361971
82.826004,40.593067,102.428490,186.824493,23.315725,26.329033
37.740334,21.809618,48.174961,88.564415,12.536096,16.104296
100.031021,35.814083,150.887512,208.825974,28.643026,54.469948
95.227592,48.609486,71.901436,129.530334,18.794970,35.057079
7.400572,5.062857,2.363439,17.608891,2.498515,1.693908
8.565480,6.168203,2.577420,12.098551,1.485979,3.518481
5.561118,4.449123,2.612427,5.486597,0.682872,4.249953
8.422519,6.438234,2.804015,6.861396,1.362274,2.075685
10.167155,7.162149,3.893703,5.486634,1.131169,1.883702
28.939554,18.951946,15.963488,21.560051,3.396369,8.235713
25.779966,17.423281,28.457577,31.923544,5.088794,30.529438
4.489049,3.745148,2.184799,-0.126926,0.443773,2.149228
10.726206,7.386783,3.184091,6.095642,1.405851,0.729951
13.097352,9.710121,8.452640,7.543906,0.917847,1.883344
10.051613,7.210133,3.375357,4.254494,0.123435,1.486524
29.246424,20.563868,6.454633,12.102686,1.371539,2.217666
4.580644,3.725111,1.728894,2.605253,-0.062037,0.607884
13.345284,9.145741,9.097914,12.912373,2.216320,9.157012
25.366838,17.546547,17.465176,29.562519,3.679235,6.074982
5.931453,4.277898,2.166825,4.029256,-0.008547,1.442122
5.849019,4.204417,1.631600,2.249269,-0.204900,1.417952
16.966696,11.944693,4.947465,7.793431,0.483205,0.613475
10.516995,7.471017,3.470145,3.913998,0.111654,1.189663
39.914288,28.207661,19.532986,28.702309,5.092712,21.730520
13.020525,9.608140,3.447806,5.091337,0.568666,3.941084
4.510878,3.155581,1.801841,4.997184,-0.332044,-0.090293
19.878595,14.134700,5.935560,8.378515,1.541934,1.461682
28.956429,15.378230,7.307069,9.618578,1.230588,2.668105
28.441055,15.399754,7.264211,10.785123,1.615758,2.254617
12.908880,9.064993,3.104028,5.806529,1.051819,0.791888
4.672505,3.311617,1.760841,-0.946197,0.452862,1.010040
5.590986,4.001876,3.197949,5.598159,0.527367,2.373264
12.264014,8.903415,3.901664,5.871913,0.444715,0.087731
3.834409,2.952206,1.290962,3.012807,0.694607,1.704338
32.657787,21.970730,7.350079,9.927114,1.412186,7.494667
12.214643,9.119009,3.786237,5.617057,0.722227,0.931632
19.939108,13.656536,7.094760,12.915239,1.711245,4.324339
13.580620,9.455130,4.265094,6.683974,0.926372,0.984090
13.457834,9.629679,4.450859,6.826225,0.633698,1.569721
8.705664,6.149661,2.429765,5.869758,0.767481,3.463245
16.610905,11.846260,4.883609,6.213727,1.023848,5.526994
5.752790,4.206921,2.229880,2.172241,0.096643,0.153577
8.166018,6.105879,2.652501,1.587613,-0.067157,0.716532
4.689381,3.615025,1.535812,0.703613,0.409069,1.501089
21.690590,15.108780,12.332317,16.228558,2.769244,3.220379
12.074702,8.626554,4.082953,5.289768,0.824851,5.884563
9.772113,6.792674,3.001010,4.309936,1.023000,2.972884
15.869191,11.246752,4.215961,7.577693,0.798289,1.541391
36.105156,23.811352,36.878986,57.386765,8.785402,22.285830
4.106373,3.199622,1.103389,2.030306,0.724195,0.443555
6.675556,4.825892,2.181535,1.870728,0.943892,1.555522
13.011482,9.044387,3.123159,4.973161,0.860704,1.741746
12.973490,9.491252,3.553444,3.914029,0.288211,1.016975
10.762918,7.563960,3.333684,6.039266,-0.037444,1.928804
19.455307,13.538490,8.652241,8.765741,0.576287,3.902805
10.270464,7.464318,4.098752,4.745486,0.697506,1.617514
7.656156,5.645661,2.390359,1.730136,0.510032,5.075324
18.122932,7.490170,5.260571,10.746702,1.170249,2.108792
17.341619,7.610960,5.107272,11.560060,1.102121,1.339813
5.660676,3.853760,1.524881,1.558164,0.541640,0.768313
3.928567,3.032137,1.348093,-0.963411,0.328615,0.660779
10.433287,7.603544,2.522490,3.470632,0.881010,1.363369
7.138813,4.115505,2.183909,4.072679,0.991351,1.067360
4.959157,3.719350,1.795217,0.754992,0.465735,1.716682
13.719102,9.950166,3.839136,5.074972,0.967813,1.963745
5.887870,4.406522,1.757041,2.463418,0.684024,0.061477
13.582698,9.807626,4.056283,3.525322,0.594190,2.017329
10.311563,6.045772,2.594466,7.119030,0.511977,2.137749
85.006424,28.303295,29.832600,43.316734,6.229888,12.050649
73.069565,26.278261,26.277004,42.573399,6.014089,10.905818
22.077829,15.135101,8.328775,14.893661,2.048326,3.279417
12.474808,8.916512,8.003443,8.130747,1.694688,9.804108
4.676078,3.267103,1.618003,5.723641,-0.185241,1.431703
14.739864,10.676744,3.780831,6.923003,0.994386,0.844883
10.879187,6.844703,3.758591,4.220822,0.766776,4.198018
4.111712,3.164512,1.636443,3.918969,0.135960,0.865358
10.757052,7.988735,3.158684,6.047544,0.667871,0.371349
7.541201,5.801176,2.670937,5.193916,0.319993,1.142203
8.313416,5.922803,2.634529,2.814710,0.706545,1.164415
4.154716,3.030281,3.447082,4.561621,0.440055,-0.317878
8.989681,6.536310,2.907177,4.887364,0.155481,1.889835
12.594294,8.747201,3.973698,7.102412,0.987534,1.739415
19.589121,14.150629,5.947456,12.372697,1.265196,1.458692
13.213482,9.195281,3.265387,8.178770,1.352887,0.882925
19.864145,13.879437,4.746177,7.617330,1.125706,3.392114
14.819165,10.138724,4.476866,8.233412,1.517470,15.271173
10.983294,8.213837,3.179874,5.406391,0.808254,2.680204
5.002334,3.443476,2.110406,5.044462,-0.096994,1.332135
5.537244,3.967613,2.409875,2.797330,0.095940,0.297480
12.616480,9.219154,3.870082,6.721502,1.814220,2.118954
10.300259,7.103117,2.796183,1.269730,0.644074,1.275131
12.084659,8.270796,3.861150,4.037643,0.784224,0.706012
10.442299,6.864745,12.823386,15.831882,1.417957,3.215969
6.683337,4.839299,2.148299,1.970089,0.188039,0.528177
13.890158,9.941897,10.610257,14.230923,2.045224,5.036893
39.432098,26.918230,14.994592,20.505322,3.362141,3.459491
4.865575,3.519331,1.860418,2.852170,0.039622,0.851989
9.308196,6.740315,2.612067,3.547641,0.230333,1.310907
10.621803,7.602188,3.398656,4.980300,0.700233,2.251061
5.366272,3.909302,1.989963,3.083609,0.914211,1.676849
18.515177,13.067610,4.505195,5.107190,0.245399,0.557348
32.479095,15.285778,28.583254,43.096672,5.299122,17.974272
13.897114,9.597084,4.181812,4.387929,0.692288,0.836593
7.029995,4.910703,1.841248,3.785158,1.145893,0.735471
11.708862,8.111618,6.150419,7.856708,1.242398,0.415392
5.344578,3.874522,1.736046,3.521560,0.410136,0.366157
16.924843,12.242250,3.781490,6.363248,0.379648,0.218526
4.107488,3.021349,1.637323,4.720002,1.018055,0.328687
21.590996,15.235568,4.912068,11.092431,0.870920,2.451258
12.574162,8.935298,3.328606,4.597322,0.526179,8.739534
5.101810,3.705522,2.061733,4.085771,0.284467,0.978525
7.473022,5.319445,4.000198,4.215075,0.635044,1.040381
4.887104,3.680776,1.812627,4.453388,-0.203621,1.001929
27.186476,19.049259,7.613122,14.217163,1.816484,4.136955
11.730548,8.364154,3.622752,4.992790,0.420665,0.668608
5.499249,3.854999,1.888123,-0.539372,0.075072,2.520792
4.646357,3.601086,1.684017,5.682480,-0.183392,-0.032295
9.315471,7.184395,3.304348,6.149737,1.015886,4.567705
12.087914,8.710093,3.154523,4.857457,0.411336,1.531129
12.347774,8.737491,3.810418,4.567391,0.205065,1.031221
13.839659,9.571393,3.183787,3.759060,1.938739,0.849558
26.145845,17.544468,8.969936,13.621197,1.537397,3.201720
7.365784,5.386349,1.963888,4.605437,0.582869,-0.547675
10.012408,7.162676,3.692110,6.746684,0.988881,1.584424
12.360800,8.841596,4.032855,6.057782,1.070233,1.030999
4.331972,3.335858,2.094723,1.708149,0.434123,-0.398166
5.288573,4.219759,1.624655,1.621601,-0.066409,1.267594
21.219713,14.980252,5.763682,10.303289,1.522812,1.743693
21.685459,15.459850,5.351196,11.021669,1.061516,4.154462
4.191839,3.167172,3.920659,5.590491,0.831047,5.695683
17.295341,12.201044,5.889698,5.542177,1.167431,8.659714
10.482275,7.749708,3.404974,5.383314,1.003255,8.856876
7.792103,5.464602,2.675822,3.392579,0.838535,1.224200
7.941272,5.678071,5.655944,9.407750,1.945746,1.432926
25.505199,17.522219,6.114590,11.488482,1.453538,2.620492
7.884320,5.696910,2.448568,1.411363,0.298417,0.772370
6.384810,4.277564,2.230567,2.467875,0.263870,0.529893
16.697014,11.937545,4.392608,3.957422,0.504242,1.496154
8.395589,5.978626,3.990553,6.530214,0.910286,0.286676
14.376885,10.345209,10.662974,11.391105,0.893918,1.281391
12.544200,8.948006,4.006733,6.936596,0.480139,1.699564
15.665451,11.102946,6.302517,8.086716,0.706795,0.828609
6.198102,4.542468,2.644262,2.045111,-0.126936,1.470347
9.688686,6.942479,3.271169,2.302378,0.469992,2.375501
6.264833,4.368335,1.295072,4.337750,0.726302,0.711662
12.103820,8.875869,3.402385,4.979969,0.370433,1.510553
7.309813,5.224355,3.834801,6.270446,0.872306,18.776133
10.568722,7.615303,2.873235,3.803995,1.416825,0.685590
9.249860,6.711361,2.867276,7.178117,0.743143,2.433513
3.934158,3.059322,1.214340,1.656456,0.840816,0.975406
13.762968,9.622963,6.108874,8.630143,0.673579,1.066959
7.543188,5.370812,2.389105,2.667198,0.241349,1.280194
5.120297,3.695290,3.348110,7.280955,0.613474,1.644371
9.468724,6.565268,2.935410,2.665378,0.630070,1.000250
4.566076,3.077988,2.219799,3.674947,0.408164,0.880976
5.403681,4.065122,2.088368,0.795897,0.311428,1.625917
10.662053,7.833634,3.141971,5.061242,1.837627,2.536204
53.678337,31.804371,15.203777,20.734821,1.939355,4.239435
26.444065,14.519994,8.353458,9.729073,1.311812,3.656626
14.702509,5.813457,5.734750,10.909160,0.748894,1.887555
13.774771,7.738495,4.404291,3.481824,0.874042,0.805935
15.859584,11.479358,3.799792,7.990199,0.503781,1.183507
10.309678,7.451771,2.821107,4.105809,0.668565,0.651263
24.878902,17.523298,6.018629,9.516108,1.768208,2.470760
8.886591,6.509739,2.641650,1.903485,0.755768,0.660085
14.275919,10.044221,3.260682,10.293559,1.068036,1.271604
12.449459,8.949737,3.905647,3.186291,1.206247,1.725515
7.351956,5.539618,4.383440,5.213489,0.923144,1.702495
6.344277,4.320407,2.193043,4.335044,-0.112234,2.186281
17.809811,12.956621,4.378104,7.960240,1.361889,0.826848
7.199190,5.497085,2.153789,5.743294,-0.067144,1.960144
7.461554,5.070313,2.630158,4.201419,0.151164,0.360419
15.272025,10.726270,4.072453,6.481530,0.193606,1.525718
4.384086,3.364460,1.972714,4.626588,0.392486,1.767603
4.417511,3.266457,1.398261,2.095238,-0.114496,1.149549
4.581419,3.706084,1.776386,1.827435,0.348468,0.084183
11.940558,8.328028,3.603852,6.880405,0.789154,6.346361
24.071495,17.333733,6.368656,7.362659,1.867709,1.768949
10.282520,7.441448,3.690378,5.535171,1.410834,0.605678
8.403505,6.404522,2.730444,2.580287,0.399804,0.542664
39.134594,25.313995,17.855886,27.194773,4.288252,16.395561
15.364770,10.814652,4.355205,4.711994,0.773180,0.889230
6.124442,4.392312,2.834008,0.908223,0.204412,-0.708156
7.389774,5.560812,2.578685,4.176322,1.296769,1.249140
7.325147,4.936183,2.639449,1.252481,0.320818,1.125173
37.869728,16.384632,10.242772,16.055403,2.237290,4.091271
22.209375,15.511808,9.599278,11.845382,3.252306,11.013595
6.934570,4.274092,2.628520,6.208994,0.987825,1.429553
17.559925,7.931280,5.123234,5.676480,1.000874,1.704066
16.074818,8.067473,5.035167,8.100801,0.941792,0.986390
11.469427,8.246357,4.432086,4.354348,0.568249,0.780103
7.988664,5.694658,3.622902,5.219119,0.204001,0.271254
85.529366,33.362080,112.292259,139.601151,20.973537,43.087696
7.129045,5.424355,3.023556,3.027015,0.633085,-0.001125
7.241400,5.367613,2.027066,0.737491,0.667687,1.298741
16.641853,12.388486,5.683843,6.106891,0.553750,7.336523
13.582834,7.983909,3.897112,7.880749,0.115772,1.905705
14.526074,9.908497,4.842041,8.236342,0.897612,1.298956
4.856447,3.734662,1.585271,4.716701,-0.226846,1.144638
5.853922,4.257151,2.068262,3.797186,0.742132,0.509114
5.042038,3.748224,1.830566,4.499816,0.622568,0.924822
16.830133,12.257361,4.407035,5.381078,0.684847,2.263716
8.153374,5.649904,3.382261,8.463919,0.344383,4.818384
14.472808,10.494470,3.710573,4.488515,1.076513,0.378824
31.603426,18.187635,12.915220,16.676386,2.547841,3.849825
52.484783,23.546318,25.010517,37.841362,5.132586,12.586418
6.957150,4.829611,2.290875,2.749256,0.470879,0.776193
9.781144,7.328155,3.410491,5.007339,0.307110,1.713075
26.361769,17.895996,6.093564,14.015235,1.616532,3.580866
20.625889,13.206478,6.392998,11.780162,1.350175,1.242954
14.733944,9.676381,5.580864,12.495459,1.583750,0.805165
7.213557,5.349108,2.598972,3.901252,0.410992,1.934514
9.550332,7.195229,2.825639,5.532181,0.588715,0.556675
17.873224,12.550584,5.546396,6.776352,1.498714,8.907345
7.652751,5.229640,3.035558,4.938062,-0.225092,-0.106500
13.722930,9.769238,4.239813,4.563083,0.862156,1.339440
11.577324,8.282054,2.906362,5.430867,0.440682,0.560624
4.763864,3.638729,2.866038,-0.979107,1.082494,-0.073046
4.011855,3.157448,1.850076,2.968270,0.491309,0.200483
5.988196,4.457121,2.014901,2.179912,-0.042966,0.443459
4.325536,3.374891,1.471951,2.519947,0.075402,-0.139707
9.999210,7.128539,3.175708,7.464997,0.124707,1.365173
19.259382,12.030885,5.943191,7.408827,1.272050,4.034404
12.031283,7.353991,3.747550,7.108466,1.175464,2.057434
20.365582,14.298611,6.088410,6.105402,0.766501,3.484101
5.596670,3.810113,1.758910,3.173308,0.536544,2.446905
19.633081,13.911077,4.504163,5.438742,1.002909,2.382571
9.034681,6.400151,2.462063,3.185681,0.728650,1.272388
13.346480,9.556376,4.297750,5.342009,0.565042,1.687778
14.546262,10.540581,4.041428,6.328648,0.109154,1.751397
13.199854,9.875079,4.260258,6.212382,0.635674,2.713487
8.096165,5.790829,3.150448,6.160178,0.719080,7.910557
80.419945,29.742228,38.104340,55.367085,6.619030,9.041080
58.475277,39.824989,38.069687,57.029385,6.195928,7.953578
8.876754,6.546547,2.877222,7.375606,1.110388,0.925669
12.019207,8.759444,5.208597,7.815175,1.257967,0.910228
29.482697,16.902666,24.125364,32.608303,4.613087,12.434271
40.306610,24.437365,34.602612,45.716614,6.951422,26.839773
13.473598,10.116714,3.381402,3.833493,0.521210,1.292087
21.248287,14.193827,6.374489,7.495906,1.571656,2.662346
16.452652,11.881639,3.907520,9.308100,1.838645,25.599531
5.865588,4.641659,2.422535,2.422144,1.266703,0.498588
19.359478,13.746759,8.978417,8.289243,1.546841,3.459669
4.656377,3.502599,1.614406,1.069410,0.511740,0.660155
9.420306,6.618054,2.968705,5.293794,1.265448,0.457769
11.289105,7.945158,3.580185,5.139135,1.088145,1.162550
5.306751,3.704043,1.878297,3.062888,0.592244,1.119989
15.525887,11.355746,4.603754,8.195738,0.252160,1.080087
5.074938,3.951599,2.599614,1.608559,0.097713,0.852486
36.193901,24.541513,10.785210,12.477164,2.127542,16.924992
5.598129,4.049803,1.898464,0.753013,0.382770,0.039687
7.596558,5.666015,3.034700,4.336618,0.538064,0.821381
18.575224,12.985186,6.215012,7.496448,1.696211,24.448700
4.904797,3.762137,1.977385,1.668883,0.267019,0.745889
8.353940,6.118069,2.741636,7.419148,0.179145,1.496912
10.849464,7.659026,3.206672,2.369330,0.796616,0.650766
4.722013,3.317448,1.868587,1.166581,0.264012,0.324148
24.129747,12.214139,15.942396,25.776411,8.417236,35.877426
24.316973,12.274123,16.513094,28.643490,9.212087,36.208042
6.456385,4.464778,2.722007,4.639494,0.211355,0.046398
11.044806,7.816490,3.931869,5.745459,0.793732,2.492303
19.551477,13.862188,10.289013,18.096273,2.440593,3.201190
10.894946,8.299479,3.667682,7.825511,0.976949,3.435014
14.623026,10.559347,5.238081,5.325587,1.545897,6.182063
38.992149,24.651442,13.613349,15.660981,1.351577,3.670488
6.700754,4.548648,2.330503,2.153510,-0.021180,0.357042
9.549443,6.878591,3.189119,3.363381,1.300596,0.927741
12.461978,9.112721,3.466554,6.518416,0.922135,1.043700
23.274387,16.038815,6.057327,6.941173,1.285490,2.029629
8.465826,6.113514,3.031768,5.246848,0.416492,0.547140
7.591563,5.617391,2.365595,1.391385,0.231196,1.911897
8.893733,6.484807,3.309978,6.052227,0.252195,0.388446
16.528843,11.512600,6.619923,7.859014,2.315884,3.085143
11.867762,8.594903,3.742075,3.867840,0.761272,1.056216
6.790240,5.207059,2.304195,2.716989,0.548438,1.069858
23.525927,13.357183,7.897305,11.882131,1.891279,2.577925
9.419603,6.757216,2.768069,2.355116,0.710897,1.298884
17.225687,12.247093,4.873712,7.024129,0.688856,1.293452
5.222821,3.497828,1.935812,2.142364,0.096129,0.379080
7.751657,5.611187,2.666561,3.886660,0.238978,2.973407
8.775619,6.779043,3.277063,4.204163,0.798093,1.838343
14.874835,10.039024,3.995881,7.583311,1.805683,2.352343
8.681026,5.629415,4.404778,6.038081,1.671093,6.068880
6.642125,4.781822,4.127239,5.197334,1.105536,1.993377
8.154886,5.880458,2.331272,2.771925,-0.033178,1.480237
36.622116,23.719717,20.013807,26.454563,3.510390,5.159269
14.293995,10.662466,3.780654,7.515177,1.205132,0.305543
9.272149,6.552958,2.649816,1.846013,1.105740,0.384832
5.517804,3.711210,2.017207,0.855757,0.705552,-0.052834
13.721785,8.869843,4.230971,6.218200,1.590011,0.287445
9.023525,4.628066,4.446427,5.622217,1.724840,2.384979
26.998556,10.630691,16.310640,17.632278,3.884657,13.569118
39.716293,18.115540,34.609322,48.394829,7.677968,12.964811
60.339680,33.223007,46.208618,58.557224,9.300159,11.393355
27.855974,12.310060,16.430157,31.290821,3.714963,6.602292
70.410851,34.528728,83.455696,132.413284,15.615231,17.949818
10.557751,7.295991,4.155817,3.885531,0.853100,0.749991
13.314104,9.400769,3.877713,6.778502,0.713192,1.161742
12.504169,8.725574,3.444984,4.900035,1.385132,3.478009
38.166233,18.168148,16.811012,23.942205,2.257716,4.880203
22.510775,15.677759,21.646576,36.108143,4.893710,6.897798
11.679947,8.661846,3.395968,6.453047,0.946306,2.161695
24.700655,16.060461,9.157424,12.070064,1.533330,8.070063
18.457525,12.811884,4.477054,5.090336,0.742348,1.103376
27.132248,19.467394,8.316823,10.379343,2.165580,2.138045
10.540922,7.264998,2.981529,3.241659,0.664784,0.787340
18.328800,13.216132,5.421130,6.895493,0.414211,0.702073
11.948955,8.892903,3.256293,7.042202,0.919040,0.153380
5.102528,3.733960,1.510587,1.468374,0.224110,1.957855
11.408598,7.998977,4.205285,6.821655,0.855028,0.272062
13.559091,9.840929,3.372910,2.744898,0.589358,-0.894539
21.145910,13.096343,32.428516,42.174988,7.191581,21.658371
31.745770,13.653492,11.623029,17.162556,2.475105,3.900279
26.388062,11.124048,10.457863,16.950222,1.748451,2.895531
20.384348,14.789079,10.535217,16.291784,3.388072,28.699894
15.131914,11.206939,6.342992,11.353764,2.514585,17.592022
4.729259,3.436282,1.883371,3.559968,0.403759,1.581816
5.902458,4.097885,2.323814,4.310290,0.052046,0.810276
14.088226,9.983222,4.838159,4.641335,-0.095731,2.351059
7.084781,5.029356,3.069167,3.812443,1.548010,0.408478
6.813010,4.567935,1.999907,1.350771,0.176319,1.066121
14.088449,9.900149,4.329406,2.909698,0.508717,1.433378
5.403786,3.983937,1.860398,4.958416,0.885625,2.147909
16.794306,11.409866,8.730942,9.852499,1.116138,6.062467
10.639360,4.358097,4.546534,3.181639,0.697066,1.827224
6.482948,4.501399,2.665079,3.409071,0.890496,0.467701
24.193884,10.245508,10.443305,18.908026,2.076819,7.223286
22.896408,10.395518,10.333314,16.650255,2.282573,6.213936
6.114383,4.733814,2.275233,1.759041,0.193508,0.539314
13.009937,9.715580,2.948720,5.392135,0.898401,0.825982
6.680316,4.813869,2.798067,1.686265,0.176197,1.352034
14.343198,10.139914,4.943976,5.526083,1.123127,0.125286
13.342989,9.573387,3.559017,7.193417,0.964206,0.965165
6.941402,5.180508,2.449961,3.900353,0.280858,0.871164
9.662410,6.694820,3.447331,7.334434,1.039185,0.994596
13.449164,9.644299,3.904526,7.162895,0.811199,2.638725
16.384638,11.099664,5.812604,9.555180,1.667224,18.450275
62.602104,28.882118,51.782387,70.531616,10.747011,29.304365
16.358473,11.600368,4.993151,8.168777,0.593054,1.302458
5.458802,3.944932,2.991386,-1.242928,0.808830,1.646265
7.059041,5.186892,2.213036,2.331490,0.676049,-0.701965
12.299340,9.210693,3.633649,5.278502,0.482590,1.637218
12.219296,8.794805,3.397433,4.140447,0.074767,0.431605
10.672263,7.681596,2.570061,4.774391,0.289704,1.839942
15.938247,11.341749,4.762981,10.346704,1.446591,2.296044
17.401411,12.735898,5.462869,7.574325,1.883477,7.695118
53.289299,32.361465,23.752998,41.151146,4.193080,5.133763
12.071008,8.761213,3.925457,0.693674,0.889475,1.229156
6.413224,4.612389,2.376709,3.162791,0.660009,5.881765
21.488966,15.005961,5.511813,6.392054,1.110354,1.440450
5.807589,4.326012,2.236022,3.423176,0.989310,0.801350
16.269653,11.213902,8.593860,7.703317,1.588861,3.496840
19.469843,11.495504,10.585631,13.669241,2.613595,3.150321
10.620681,7.609488,5.301957,5.033472,0.855004,3.883398
19.502876,13.830213,5.140519,13.029273,1.362914,0.376103
9.771955,7.230572,3.009294,1.726421,0.858282,1.210896
8.216219,6.084363,4.170344,6.342705,0.510306,1.898790
14.557692,10.496512,4.027125,6.350726,0.336027,1.776186
15.979624,8.677807,5.347064,9.635982,0.710519,2.079114
7.464285,5.366232,3.517663,6.830873,0.723319,2.443986
5.834194,4.172844,1.475448,2.931012,0.247392,1.090191
25.293339,16.296190,19.976812,24.751417,3.582478,16.375986
8.399582,6.459074,3.128563,7.969219,0.472652,1.034659
10.010065,7.576439,3.148155,1.974688,0.371145,-0.465229
5.799683,4.586342,1.883758,5.104206,0.217741,0.037355
10.268737,7.212872,3.229300,4.205235,0.168172,1.338093
4.171376,3.260568,1.729132,2.393394,0.205375,0.771810
19.207561,13.699434,5.731549,6.298798,1.111358,4.364924
11.387924,8.021842,4.088001,4.098009,0.203523,2.169000
9.735267,6.984727,2.983942,8.451412,1.031740,10.775535
15.619450,11.099076,8.038502,6.086250,1.165657,3.316952
17.264498,12.568830,3.854146,7.131892,0.895215,1.195777
18.856220,13.301063,7.137416,9.008491,1.153553,3.401806
11.280788,8.127754,3.182156,6.843263,0.127463,1.314693
20.005621,11.869631,5.938934,6.659794,1.766281,2.213871
14.904975,10.626244,5.566770,7.975839,1.025586,5.557448
8.445879,6.085608,1.699121,4.563434,0.343681,0.754870
4.052609,3.035778,1.300128,1.677711,0.256982,3.350661
11.462787,8.029402,4.621075,10.232009,0.740799,0.741812
10.185765,7.570439,3.281102,6.396744,0.871013,0.513700
16.237778,11.557419,8.608127,11.173542,1.460563,2.990854
4.964949,3.648758,1.652198,5.829864,0.118349,0.401216
4.756350,3.596379,1.552360,2.118860,1.242445,0.817901
19.667427,13.848336,6.337873,8.074515,0.822197,3.624902
15.384528,10.664875,8.930408,7.259384,1.295625,1.762963
6.380471,4.541069,2.398894,3.052842,0.397501,0.426102
52.411892,23.198233,48.453281,72.064400,10.538445,13.742000
45.551327,24.159512,43.725204,51.679382,7.597445,11.313494
20.382875,14.466593,5.725706,8.979950,0.943697,8.722676
12.920960,8.957125,3.944892,8.619445,1.374127,2.762128
13.652533,6.621357,4.932343,4.945402,0.990934,1.776178
4.654126,3.706190,1.888175,1.474181,0.546567,1.067100
11.398236,8.363059,3.826543,1.704697,0.238706,-0.055527
8.664984,5.968625,2.892602,3.005832,0.707863,1.344319
22.211088,14.950510,31.236294,33.597610,3.697933,7.554803
8.497787,6.195120,2.750942,3.772815,0.969432,5.438901
14.788637,10.827907,3.793969,8.184668,1.334489,2.562357
22.641712,14.838961,19.616646,23.584620,3.711664,14.685904
88.063576,28.750647,104.889702,131.763031,19.130590,52.996601
64.554123,33.590508,35.886982,70.019363,9.423237,9.915345
43.530163,23.220133,25.912924,46.144749,6.339624,9.149105
96.557816,41.860954,112.912506,161.328003,24.938248,50.681503
115.051170,29.421642,112.456207,160.701355,27.503323,72.288437
106.397644,29.319265,99.859093,142.692459,23.116119,55.996658
67.197197,21.910769,51.078609,86.397461,14.876735,76.941505
42.394222,21.891136,29.677168,60.390148,9.991279,63.412807
69.636467,28.690662,51.384315,66.943382,10.159565,25.311752
107.245361,37.385098,90.301529,128.571579,18.269590,33.610344
117.795776,39.714146,121.908340,160.273666,22.028709,30.759375
133.647308,39.630054,129.598312,183.926773,24.837389,35.671181
104.126221,33.653057,73.227066,135.519501,16.243515,27.776953
77.510246,25.834967,40.375137,83.262840,10.746773,22.342848
129.194443,42.084393,124.980713,178.203400,25.199846,65.211388
42.338787,24.374132,29.802439,62.527046,9.481073,11.904104
101.774742,41.798115,113.366310,159.808319,22.078026,32.687084
88.680679,27.179337,79.290489,138.651657,18.642540,28.276531
76.910995,31.205914,64.237053,115.709351,14.022154,24.930912
5.529284,4.211775,1.988052,0.776280,0.219995,-0.056371
5.512446,3.973377,2.465749,4.301300,0.466340,0.825247
13.445278,9.941863,3.558427,3.598417,0.594989,2.192388
29.110956,20.659832,8.003757,6.349713,1.500980,2.216060
11.812161,8.605862,6.975595,8.133922,1.649764,2.131030
13.480586,9.606085,5.169775,7.142842,1.480991,3.031188
8.523974,6.410384,4.215625,5.822840,0.177628,1.160273
9.858842,7.287944,11.749355,14.024750,3.343412,13.516385
32.621704,20.719351,26.462214,38.764557,5.216341,9.470245
7.287250,5.282918,2.973726,4.267439,0.692097,2.534184
6.650816,4.675930,2.122344,5.389659,0.834876,0.492961
5.052993,3.659134,1.931543,3.435836,0.436094,2.766266
8.132296,5.826961,2.693118,5.465893,0.635053,1.146959
11.526082,7.867183,5.882237,13.345531,1.779124,0.976517
5.315166,4.203622,3.629113,3.728954,0.439591,0.789702
13.795507,10.000524,3.572422,6.720281,0.438176,2.571071
18.727047,11.046771,5.252797,7.129156,0.826768,0.434783
11.372841,8.391515,3.497218,2.169370,-0.309561,0.867297
5.035998,3.385757,1.947198,4.860780,0.623170,2.236419
5.305346,4.033286,2.703182,2.548312,0.042390,1.762874
8.180641,6.161716,2.503695,1.478250,0.455141,1.662684
6.665547,4.771145,6.900911,5.859835,1.639377,2.827226
5.001965,3.325456,1.739596,1.692729,-0.098699,0.070163
17.381866,10.019704,5.169720,7.274903,0.732526,0.586852
9.702431,7.196819,3.673684,4.613528,1.212154,1.564278
7.865808,5.397604,2.704179,7.091592,0.463667,1.726390
52.031216,28.492371,24.083433,32.332317,5.067034,8.611359
17.471212,12.478487,5.751637,11.945697,1.630669,2.594978
12.331499,8.478563,4.204842,4.343709,0.326872,1.776756
4.142056,3.137210,1.453292,1.442655,0.862311,0.222185
7.742892,5.845782,2.328816,3.391105,0.747374,2.118764
10.441854,7.372001,3.651147,5.812681,0.438731,0.055461
9.561288,6.997296,2.843160,6.348540,0.614843,1.156967
50.636806,32.862221,20.747780,24.414042,4.741457,13.532949
10.983028,3.825643,8.582238,12.130477,2.128454,3.343591
46.380127,22.905415,23.615946,34.057743,4.922319,11.667190
32.363155,13.881166,19.520208,40.590843,5.489864,11.628262
108.143707,48.471848,96.684616,138.031754,20.292166,40.150478
32.050934,13.088345,19.668451,30.304813,4.511865,3.352351
23.505213,16.187222,8.545647,12.631892,1.903826,2.588632
9.172949,6.754685,5.463846,9.154576,0.207807,3.239221
11.369915,8.322900,3.038703,3.963150,0.559487,0.211034
19.919231,14.243595,5.779510,7.183969,1.208904,4.168127
30.920689,19.129282,23.579927,35.581772,5.858495,42.559753
4.691987,3.692713,1.614300,0.513201,0.362049,0.385327
6.529475,4.804136,3.019795,6.053379,0.362205,2.314472
32.212158,21.887238,9.453514,14.547400,1.159374,6.196400
54.680279,21.629915,23.633987,41.380512,5.191369,7.021802
70.404205,21.789577,29.829239,51.407528,6.281970,11.011864
42.223385,21.030376,21.674667,54.220715,5.693650,8.753585
18.254885,12.679877,13.882868,20.363283,3.564107,6.271518
32.201122,21.139332,27.947290,51.827930,6.521378,9.820180
14.210848,10.505448,4.901997,6.697083,1.120438,0.521817
3.952739,3.064398,2.524564,4.634751,0.588016,2.491503
8.666054,4.870720,4.461121,6.035469,0.716351,2.797681
10.633344,7.596780,2.726723,4.954754,0.592074,0.758052
18.661016,9.237175,5.952212,10.028589,1.101557,1.254166
6.770020,4.478639,2.458627,4.361028,-0.037803,1.492602
24.958700,17.171488,8.922217,12.921036,0.880278,1.447493
7.053236,5.029965,2.384247,2.588094,0.213441,1.000440
21.745289,15.268890,9.307329,11.588341,1.249142,5.234927
9.587042,6.493479,2.675725,5.304797,0.216674,0.049080
13.224627,9.453922,4.024817,7.058008,0.985021,0.662292
11.032474,8.161098,4.198679,6.159838,1.549861,5.013309
10.500377,7.512825,2.917821,4.024487,0.361989,-0.040683
8.212106,6.289914,2.567620,1.815024,1.157864,1.839172
5.917294,4.470123,2.464720,3.627380,0.782856,-0.482193
16.444172,11.663039,4.712214,7.145629,0.983498,2.350426
32.582233,22.885618,7.307818,12.230246,2.482323,4.758609
19.883530,14.476301,5.541552,5.868291,1.241861,3.197402
6.213003,4.610205,2.255281,5.490464,0.139354,2.464898
4.877771,3.776586,1.819104,1.272495,-0.312372,0.951084
8.235151,6.046489,6.431114,4.257826,0.858052,1.350069
30.773342,15.841314,11.658033,11.199555,1.525049,2.468422
8.555511,6.516578,2.447778,1.800486,0.014892,0.921472
14.084075,9.952571,3.860919,3.816341,0.612199,1.720286
12.187766,8.670293,5.044325,4.432102,0.700000,1.856866
5.327595,3.999626,1.687097,3.774350,0.585718,-0.533085
16.413958,11.498986,5.810894,6.166892,1.472319,2.341011
8.925858,6.789546,2.868666,4.266450,0.740401,1.443987
5.686090,4.048427,2.289355,2.892159,-0.017892,0.663218
5.660042,4.317310,2.260653,1.985897,0.272800,0.450280
5.000325,3.559559,1.728676,1.448008,0.458932,-0.512130
13.380572,9.696575,4.756578,6.088881,1.459150,0.033424
28.155035,19.604071,6.566895,14.046734,1.267338,2.389681
5.961488,4.490286,2.479795,2.843317,0.949144,1.157333
8.076977,5.810392,2.543600,5.787637,0.625638,-0.317778
10.862123,7.411906,16.026638,21.530798,3.772866,3.687840
14.183122,9.897750,3.776132,5.789836,0.918612,1.550829
6.253350,4.506731,3.235626,2.351692,0.103862,1.794064
17.076324,11.891867,4.461651,8.162595,1.241086,6.378028
6.837852,5.302273,2.398077,4.959028,0.102002,1.087250
20.090616,14.639791,5.953454,7.920014,0.644522,6.903850
11.623972,8.633322,3.164481,6.214090,1.304151,0.432550
7.555104,5.160794,2.220319,4.199864,0.655392,1.664166
24.642111,16.570452,7.618783,12.771201,2.305281,2.010756
17.544418,8.965413,7.284861,9.583661,1.048165,0.148559
10.023519,7.408748,2.597574,6.164347,1.129702,3.355636
10.041034,7.294971,2.689922,1.871633,0.238639,0.107529
9.879147,7.371016,2.949542,4.037947,0.824680,1.267532
14.069674,10.269621,3.252063,4.731905,1.011365,0.851991
4.451357,3.043509,1.956112,3.209805,0.783976,-0.239964
9.579956,6.881845,3.218910,5.700831,0.769741,-0.386767
9.598570,7.196141,3.351366,2.309194,1.036262,1.815715
5.531339,3.804450,2.069040,2.274469,0.312863,1.051577
11.863471,8.565271,3.216217,6.508609,0.645195,0.817450
24.341263,15.744677,16.159267,26.861380,3.529895,5.971636
23.101892,16.575172,6.178715,7.016165,1.296716,8.898589
4.282904,3.320513,1.868819,1.502925,0.268242,1.385643
9.725549,7.385801,3.295789,6.016372,-0.071943,1.200780
39.020153,24.452806,26.146742,30.379934,4.823680,8.113768
9.073117,6.329947,2.262027,4.109898,1.108594,0.477978
5.562477,3.826791,2.074212,0.515194,0.511746,-0.310300
9.376678,7.008957,3.486556,1.867195,0.625831,2.023073
8.393736,5.650068,2.506490,6.492533,1.036491,3.064208
93.154251,33.078777,98.753998,117.553123,16.080843,31.615778
127.971886,40.845520,132.775253,196.160065,25.989651,62.101322
128.783142,40.772663,139.465637,205.184967,26.601654,64.428444
13.341808,9.476986,9.708084,20.940300,2.320720,1.893670
12.859880,9.313650,6.829824,8.989576,1.152300,3.282630
6.753256,4.916087,2.589497,2.817555,0.152010,4.971803
8.348974,5.839433,2.660117,6.364655,1.001389,1.427494
21.806669,15.443387,15.028249,15.856450,4.970311,26.981215
8.741846,6.042966,3.174098,5.029283,0.200426,-0.742505
19.089270,13.211960,5.898912,6.285555,1.659159,1.047322
16.114100,11.524597,4.358292,5.873589,1.033051,2.672515
8.829488,6.684374,2.800406,4.329850,0.410928,0.013323
10.846987,7.904593,15.324528,27.828993,4.384369,10.967151
13.187110,9.124806,5.494537,11.172438,0.422769,3.880992
18.865646,13.344151,7.105999,10.620676,1.532233,4.537012
9.688080,5.331850,7.530145,5.945775,0.756032,5.852022
7.019780,4.925131,2.965134,10.709637,5.378066,23.253748
7.879016,5.722550,2.291757,2.161554,0.428659,-0.087779
12.345510,9.211398,4.757928,7.070215,0.837302,3.434952
12.052752,8.769311,6.006999,9.095898,1.471830,6.327273
7.055659,4.985343,4.681224,7.150016,0.737773,2.089506
9.900839,6.922638,3.567908,2.524718,0.591822,0.692998
6.143554,4.172807,2.574969,1.339150,0.724543,-0.163190
9.731710,6.757964,3.195757,5.713048,0.627866,0.095970
4.335747,3.357900,2.512781,0.807503,0.348954,0.300058
11.550325,8.234212,3.707203,4.799195,0.413735,5.090899
6.619474,4.901033,2.376747,3.204205,0.983364,1.249497
31.687862,19.283859,10.471100,17.068230,1.962065,2.436854
11.029956,8.132438,4.182335,3.518253,0.316628,0.804164
12.952189,9.176317,3.654229,5.634751,1.078218,0.821713
9.682004,7.277755,2.846428,3.783824,0.016661,3.936185
9.395284,6.673955,3.101059,5.505776,0.606844,0.919095
6.244421,4.547300,2.249794,0.999901,0.829275,0.516163
6.226659,4.457892,2.236981,5.723327,-0.012843,-0.387202
19.096058,13.431186,19.462246,19.934105,3.682920,3.589803
20.378876,14.518625,4.719438,7.741385,1.348565,4.912538
4.545511,3.302694,1.121326,-0.113220,0.118856,-0.301830
21.146818,8.555603,12.089387,18.223097,2.376230,5.206952
19.832678,8.557646,12.957857,19.755966,1.996765,4.136236
8.635473,6.365072,2.311199,3.428463,-0.120789,2.337030
15.600050,10.175903,5.273837,8.281888,0.849841,5.004767
11.731089,8.737657,4.787339,8.623089,0.481319,2.730806
6.339145,4.526011,1.694007,2.698152,0.531304,0.090515
4.341987,3.398946,2.219248,-0.102273,0.498494,3.323911
7.130135,5.180038,2.715513,2.689394,0.138056,2.909738
5.050166,3.691638,2.442565,1.506059,-0.028157,1.287521
12.033723,8.799190,4.358052,5.162566,0.907086,3.070226
9.593500,6.987754,2.857646,2.873694,0.845911,1.704809
7.578755,5.512779,1.955839,4.847551,0.631041,0.515464
6.684387,5.011718,1.920806,2.650572,0.832365,0.322663
13.277599,9.560026,7.239553,11.499485,0.905602,1.050959
8.731771,6.529595,2.555917,3.867687,0.094441,1.210627
15.591232,11.360084,3.430684,11.262101,1.132114,1.499388
8.086559,5.472939,3.145297,4.921282,0.517519,7.476000
14.143765,10.288784,4.222515,4.353121,0.639212,0.634109
10.013608,7.076732,4.125188,6.027243,1.192765,0.677163
17.623716,12.365463,6.404442,6.361381,0.974171,4.207603
5.442485,4.026824,2.101345,1.936688,0.058284,0.528446
9.754614,7.259819,3.221946,1.826284,0.281067,3.233410
6.551651,4.426522,2.198579,0.632469,0.269981,0.897653
4.770292,3.451869,1.756942,-0.472914,0.155383,1.383660
10.777298,7.850577,3.109193,2.781073,0.594485,1.136134
27.227203,15.014309,10.216229,15.934205,2.442689,10.313060
16.517469,11.978734,3.617197,4.992801,0.761280,1.028943
27.861897,12.963775,9.471773,13.523068,1.604589,2.226514
12.044341,8.627608,3.958395,4.609535,0.328986,1.183018
10.191718,7.511486,7.928240,13.732913,2.541434,2.214052
6.482965,4.417199,2.041900,0.276053,0.729550,1.730276
11.578730,8.344876,3.678748,5.813631,0.491093,0.740129
23.040588,12.107619,7.345638,9.911792,0.832516,3.509482
8.959251,6.437292,2.720191,5.400171,0.969779,0.366896
31.877432,12.455626,12.937053,19.033295,2.492793,4.707495
35.186623,19.617767,19.846703,32.750462,4.571366,7.024894
5.421859,3.942430,2.289773,2.583623,0.414475,2.079692
5.061409,3.873677,2.055078,1.197968,0.209793,0.250512
5.314772,3.912137,1.897898,3.038487,-0.271034,0.377174
14.458836,10.284072,3.765746,5.185468,1.212684,0.293308
19.700277,13.844989,9.941743,17.462984,2.317761,4.787015
12.746305,9.163157,3.876658,5.570580,0.758244,2.026495
9.212784,6.253199,3.355116,1.338415,-0.100497,0.499094
24.953554,17.096106,5.836027,9.499888,1.611028,1.405843
18.685146,13.486234,7.557013,14.846807,1.278541,17.157156
12.317188,8.739988,3.492432,2.524025,0.516440,1.403477
4.558455,3.512578,1.557273,2.576553,-0.547155,0.455051
9.613395,6.847825,3.093605,2.521046,0.316106,2.109729
14.143848,10.060677,4.599113,4.316222,0.716388,1.217183
31.080189,20.907770,9.336257,8.790474,1.444928,2.408430
13.708979,9.743292,4.389875,5.245823,0.539475,0.651351
3.770520,2.998036,1.459645,2.818400,0.038087,0.030079
10.529143,7.549846,2.524300,4.093371,0.409869,-0.039796
35.419022,22.383120,26.779440,34.744869,6.025514,8.267891
12.164583,8.691293,3.397541,6.768766,0.746039,1.211713
6.740386,4.554032,2.087806,6.482490,0.202969,0.988469
12.129426,8.587073,4.011226,5.716513,0.082212,0.150312
14.491007,10.307071,4.796506,4.626751,0.706791,0.100959
5.625255,4.023628,1.983273,3.153219,0.171228,0.510821
6.955492,4.739508,2.367785,2.413892,0.299201,1.204323
5.581975,3.961703,2.352781,2.795197,0.335711,1.105822
9.560766,6.497901,2.861028,6.496793,0.027958,0.668898
23.091150,16.631582,6.923967,10.030807,0.982555,1.973390
17.437559,12.284945,4.400241,5.653198,0.316689,0.894612
7.991370,6.085611,2.380764,-0.382345,0.841201,1.359782
5.087368,3.743138,1.983748,-0.207441,0.211287,0.003029
17.398293,12.860754,4.987540,9.206944,1.118171,1.750975
5.282379,3.805961,2.875425,2.123930,0.746937,2.102587
12.266414,8.529931,3.590392,4.225026,0.575115,0.712231
6.478179,4.744846,2.056360,5.085569,-0.274211,0.598636
52.087360,21.293417,22.662333,29.748672,5.291917,4.783231
64.526657,21.355215,29.300745,40.918617,6.813694,7.012168
35.748798,15.381903,19.370516,30.154722,4.240426,5.853321
15.566100,11.181310,7.375302,7.542041,1.628155,3.725510
10.739717,7.652216,3.242759,3.797901,0.389925,1.454562
5.113515,3.616725,2.195488,2.094729,0.057003,0.448355
7.481458,5.080365,2.285123,2.778064,1.015555,1.626138
11.540004,8.211808,3.709297,6.263446,-0.135272,1.956146
42.790413,25.531845,29.649279,35.657398,5.885535,21.109035
31.463478,13.161631,25.614534,39.595562,4.806101,10.592585
53.617039,20.704546,44.032726,66.805862,7.691064,14.019196
57.600933,22.092997,45.633160,70.723557,7.885392,18.912498
5.675231,4.240059,2.127928,1.005890,-0.297298,0.775495
6.044703,4.369897,2.142403,3.940610,0.082205,1.398437
6.558257,5.067028,2.797055,6.374759,0.784974,0.896271
8.344940,6.204352,2.812686,4.205590,0.150408,-0.050006
14.848390,10.377362,6.810474,5.791937,1.308959,3.485300
10.837134,7.796837,2.882386,6.683872,0.893886,1.059657
6.982245,5.199780,2.845395,1.866543,1.197835,1.432713
7.732345,5.703836,2.229609,3.241621,1.364691,-0.384455
20.307322,14.483382,5.977379,6.707179,1.060854,1.795872
10.519607,7.332370,2.930494,2.814279,0.257398,0.491717
8.602157,6.190072,2.324866,1.831033,0.414319,1.654178
5.200435,3.843161,2.167785,2.890063,-0.043374,1.524838
9.214214,6.662726,3.737984,3.889452,0.538184,-0.209586
8.050488,6.045216,4.520511,5.218287,1.195538,1.633767
24.072937,16.799303,10.836049,16.133890,2.130944,3.143331
8.753648,6.354982,2.456886,5.409303,0.309443,-1.083390
22.714981,16.385923,7.815490,10.969334,1.334870,1.233874
7.254027,5.132417,1.884700,3.082838,0.381509,1.836609
13.895858,9.854575,4.002464,4.003575,0.903951,2.229132
14.278439,8.833070,11.376050,22.018450,3.257227,6.918590
18.959448,13.991696,4.472517,6.377814,1.338878,2.871587
18.927443,13.584977,5.324380,4.608308,1.303189,2.081591
4.867806,3.478411,1.705681,-0.896621,0.339559,0.065986
17.955647,12.643742,6.992793,11.919638,1.633123,5.303810
16.603468,11.725773,4.812354,7.222162,0.038138,0.758347
16.787020,11.791016,5.372773,8.508091,1.336083,9.849184
4.351696,3.231426,1.838425,0.110110,0.455874,1.460719
5.060844,3.615292,2.424433,1.751947,0.155909,0.464238
32.503139,13.791193,10.015416,11.409525,2.333864,4.037877
10.438152,4.984858,3.296312,1.840210,0.397507,0.725417
7.585129,5.269705,2.776170,3.244215,0.311490,2.292634
15.493642,11.085665,3.678129,4.386684,1.131689,8.600253
9.513976,6.696321,3.779898,7.938620,0.230015,2.899961
10.031756,7.011666,2.960552,3.688617,1.084962,1.361281
9.630775,6.946174,3.126031,3.890016,0.288374,0.868342
50.885326,25.189711,27.450563,44.208900,5.037970,10.393811
73.165871,32.197052,49.197708,65.408379,8.383683,14.804893
9.166036,6.368215,3.688897,6.138017,0.545800,0.891123
7.632313,5.939547,4.132498,5.969374,1.604057,10.438728
14.308288,10.445641,3.618237,5.644462,0.362472,2.158630
31.290821,21.511942,10.824363,14.437439,2.048892,6.614280
18.171225,12.332693,14.284293,18.805431,1.412768,4.943233
13.695764,10.088941,5.853018,9.021597,1.212027,1.354336
7.637614,5.527416,4.654358,1.817436,0.802626,1.718287
4.262701,2.964003,1.420999,-0.882064,-0.105633,1.051346
15.082036,10.830602,4.052776,5.137980,1.539484,2.560515
14.850685,10.335282,3.642037,8.982511,0.746205,-0.141992
14.819873,9.866183,17.700052,24.695515,4.054224,4.778008
12.521834,8.731728,3.579250,6.558528,0.101622,1.291405
4.638563,3.363734,1.384773,-0.229208,0.877511,0.232828
13.486834,9.733624,2.604443,6.117079,0.856850,1.238011
15.027248,10.574554,3.485713,3.950125,0.287069,0.245951
13.785846,9.712636,3.704830,6.379593,0.581779,0.726008
14.583091,10.637900,3.684734,5.135201,1.070907,1.050103
13.831197,9.697613,3.820530,2.955350,0.367082,1.218081
5.061384,3.752919,2.263610,-0.807794,0.342080,1.403921
13.758152,9.772172,4.486355,5.704655,0.865171,1.664552
8.000360,5.862801,2.516229,2.555431,0.672168,0.383843
5.641087,4.084629,2.346308,5.451380,-0.271576,1.215676
16.663208,11.937467,6.566470,9.713078,0.753536,1.572731
5.126251,3.369531,1.539801,4.812632,-0.007739,0.630959
8.922416,6.305421,2.917019,2.606913,0.234514,3.523401
17.323421,12.087619,4.731961,4.513069,1.604717,1.608879
11.466493,8.417109,3.095657,0.595234,0.284218,1.005558
20.065557,14.480332,5.655162,5.171718,0.625853,0.712536
27.709942,17.697533,18.969004,24.294683,4.500031,5.611950
11.142630,8.346309,2.591767,5.525991,0.511610,3.280274
12.568841,8.824692,3.592478,5.300988,0.653324,9.204639
10.322875,5.734643,3.408319,1.312367,0.941697,1.174984
32.493412,19.341391,9.792555,12.165440,2.530656,13.584272
6.585867,4.639743,1.913811,0.543360,0.628543,2.185950
8.744732,6.024867,5.481168,6.129233,1.186922,9.965782
9.060931,6.427742,2.585269,2.565272,0.835226,0.953471
5.440821,3.805642,1.949918,2.157040,0.688048,1.803003
4.314429,3.158537,1.562430,0.253202,-0.053629,-0.491832
45.230984,21.694710,21.031248,27.248308,4.723697,11.449981
15.370070,10.654751,4.341354,8.504807,1.499876,1.526053
9.797174,7.450824,2.967901,5.181198,0.558843,1.783076
7.379888,5.512669,4.599749,16.884045,2.807752,4.646967
169.492493,54.007927,371.046906,528.501892,68.742607,91.744064
170.292236,56.502533,409.681854,549.233032,72.365356,114.731255
176.632217,47.137650,167.885040,240.033081,31.458500,45.622021
163.141449,44.193100,166.729797,249.452637,29.842085,38.664101
104.738159,29.436172,80.737007,145.593674,15.788721,18.817316
214.913330,55.450802,402.042236,538.194031,77.064316,175.267273
192.750854,55.599426,336.122162,461.774750,62.095695,144.752823
174.765228,46.579468,182.297379,261.225555,39.485744,84.495537
213.932953,48.280392,229.094482,317.715851,46.346840,98.088570
163.345566,48.284126,203.252930,306.676025,39.758762,66.992172
61.706425,28.981600,88.748856,177.553772,21.423452,27.941292
38.490543,23.135736,37.413677,58.439728,7.679491,44.079361
26.201258,18.179407,16.965502,33.089596,4.751693,17.437498
22.850105,12.757345,5.777998,24.238695,2.759356,7.200487
45.515774,23.377701,23.578354,49.668938,7.855463,17.403364
85.070496,26.958857,57.994164,90.167213,15.414058,49.972973
96.831970,32.006065,77.488914,127.120628,18.801449,48.494553
86.000053,40.019730,95.973236,130.065964,18.318344,31.776960
127.785133,43.143856,109.330109,153.337097,21.569897,34.375923
132.557068,38.100697,160.589951,231.013275,31.775661,62.624893
150.209381,48.338928,252.118408,347.133270,52.821095,131.498947
237.150192,65.209930,395.199097,551.516907,78.527290,205.161774
171.956696,47.017078,241.993423,359.428375,54.855484,116.868118
221.345093,55.230526,365.215851,527.833618,71.058022,138.137711
114.560226,37.226559,114.654877,184.541656,26.480572,68.577164
38.244232,18.512121,30.481466,66.605881,8.271757,9.251267
84.950294,33.373421,74.574150,114.539177,17.958582,31.404551
102.798500,35.996143,188.092361,282.244781,42.108753,63.436726
133.508041,35.868813,208.727158,336.950745,44.840225,57.186607
59.770756,38.385075,30.693121,73.220055,9.075680,6.680924
12.598037,8.878572,3.697675,15.297610,2.622039,2.786636
5.301195,3.551661,1.811637,2.798132,1.220760,-0.397698
6.292747,4.424658,2.326388,2.445959,0.587067,2.237888
14.945420,10.205005,4.830641,6.782849,0.597518,2.685869
20.353743,12.950322,6.460197,13.007578,1.469639,2.054576
8.792369,6.058656,2.011358,5.343751,0.954424,0.303545
24.080564,16.452858,12.516151,18.802763,3.569640,22.836050
8.832174,6.225213,2.392910,7.455629,1.121786,2.443209
12.454374,8.800890,3.238400,6.535409,1.139286,1.154372
11.341271,8.285708,3.213171,6.771031,0.803042,1.289964
8.091226,5.892798,3.250145,6.027039,1.520119,1.194848
96.448128,46.336788,73.511559,116.551842,18.266718,52.379997
65.290138,24.265415,51.477352,80.424530,10.610322,14.594511
54.749050,21.346783,33.256104,57.955082,7.978004,14.202251
135.055817,43.198940,89.546898,131.521454,20.671799,73.581467
145.279251,43.227428,101.032036,161.477142,22.875418,81.825089
110.904259,35.871334,123.495071,167.968048,22.193050,50.596481
44.070137,21.506542,22.036558,28.922796,4.837869,6.478069
45.119362,22.436665,25.328611,37.049950,5.768038,7.099411
6.797742,4.708735,1.796538,6.041735,1.174974,-0.181255
12.257380,8.713957,3.719273,5.278346,1.332777,0.856536
19.336950,14.138138,4.862402,7.353888,0.227629,0.548711
14.240825,9.744670,14.961768,23.150696,3.843287,8.480088
10.903236,8.055159,2.835438,2.362974,1.325145,1.547101
6.964271,5.132254,2.518965,3.796712,0.116639,0.195990
22.149849,15.886750,6.740952,13.419177,1.369474,0.590772
6.442497,4.582981,1.887213,3.819924,0.527761,-0.355062
8.605897,6.408325,4.078558,3.672219,1.623132,0.842215
10.461284,7.351326,4.221231,3.640729,1.420676,3.147667
18.979986,13.441321,6.114955,10.392814,1.040781,-0.313914
8.474497,6.383242,2.386652,2.225065,0.631685,1.744126
14.963414,10.389267,11.124378,15.536304,3.043020,4.384277
17.349606,12.544159,7.906302,21.183832,2.251574,2.465244
30.998636,21.975088,10.670922,16.063999,1.806844,6.701552
16.123373,11.833586,4.628766,5.285316,1.478579,0.984185
48.591637,21.944185,15.883155,19.754927,2.725704,6.541557
48.775608,21.971073,16.154751,24.175087,3.002770,6.058316
8.194944,6.136978,3.004894,5.546749,0.864240,2.126892
7.001736,5.165466,2.616424,1.659361,0.546511,1.427329
6.169888,4.360109,1.921316,1.731704,0.381816,-0.026132
11.166451,8.044507,3.469018,3.545805,0.762643,1.437525
8.564475,6.362634,2.516104,3.813626,0.584365,1.945706
45.237499,29.834423,24.944332,37.785019,5.936086,7.991707
36.851009,20.621284,12.359381,24.914265,3.680957,4.378906
39.950172,19.940516,56.634396,86.878273,10.062689,8.936667
6.186524,4.483891,2.034474,4.499913,0.777097,0.932169
29.027925,19.763443,10.751226,19.090775,1.976575,8.883298
7.710328,5.358127,2.456283,2.732736,0.709645,1.869092
5.557070,3.773523,2.963774,4.725268,1.136769,4.851401
3.728933,3.148993,1.399771,1.158952,0.844894,-0.513656
4.108498,3.230121,2.004034,1.864129,0.429806,2.591712
9.688253,6.677574,2.779073,2.870767,0.464935,3.668409
15.093823,10.732389,5.094109,10.091448,1.332299,2.043346
6.180968,4.601858,2.103580,2.566075,0.839029,1.728134
5.742234,4.205187,1.831533,3.624679,0.688058,-0.254001
7.886288,5.957758,2.647849,2.407986,0.504311,0.469888
8.142462,5.622582,3.389757,3.885850,1.170770,-0.237962
4.376471,3.489037,1.775292,1.870278,0.291097,0.105171
12.566357,9.237504,7.813022,11.597345,2.447722,2.292857
12.730898,8.798530,3.891119,6.063779,0.833296,0.157634
7.477748,5.191580,7.213128,10.743688,1.845068,3.893126
9.982765,7.389913,3.091326,6.550483,0.644813,1.332876
14.104018,10.195591,3.636389,6.720804,1.724661,2.466520
13.470857,9.404305,3.660845,5.095453,1.407519,0.734749
9.311359,6.286087,2.790301,5.601019,0.306075,0.637067
8.527487,5.786427,2.534644,3.882270,-0.081513,1.605065
10.951724,7.596989,3.091384,6.615548,1.010226,1.442850
7.385786,5.117714,2.490749,5.616440,0.461504,0.388110
6.789126,4.626636,7.825552,7.888489,0.742118,7.006152
8.779698,6.400578,2.401099,4.369853,0.882852,0.251677
4.753700,3.622102,3.501825,6.906759,1.635677,1.521918
12.432942,8.744907,3.458159,5.561196,1.457373,0.563197
18.737595,13.432083,10.119609,17.469341,2.932070,3.857432
7.013237,5.334539,2.255445,2.942309,0.378733,-0.171909
11.503691,8.641977,3.410548,8.183542,0.222315,1.342158
5.183267,4.024460,2.131145,3.967747,0.634320,1.185562
11.425472,8.434906,7.687427,13.272780,1.099929,0.406585
10.449706,7.562872,3.967268,17.944967,7.963922,30.776224
18.359291,12.881912,6.400117,6.578551,0.615627,3.880404
24.418001,16.762114,8.484950,13.677714,1.126337,2.903005
8.190543,5.835683,2.365221,7.113529,1.263279,3.455402
22.097509,14.800789,24.458244,34.144894,4.957435,10.577429
10.882967,7.773192,4.384769,5.246224,1.031762,1.161473
15.608493,11.448132,4.632786,9.081622,0.596897,0.627657
10.919390,7.760367,2.907921,11.637709,1.342565,4.613325
16.005230,11.505883,4.871384,6.631822,0.768375,1.154513
23.657141,13.891414,8.934778,11.877620,1.918166,11.425298
13.306534,9.309443,4.154850,3.579878,1.516888,1.348994
8.343806,5.583371,2.932017,8.192802,1.243030,17.403086
14.583193,9.317405,6.243377,9.365950,1.786573,7.408046
7.160285,4.978354,4.923938,4.309567,2.079679,2.122742
9.044491,6.703338,2.669534,4.506490,0.870765,0.059502
13.496872,9.581806,3.968524,4.398169,0.423130,0.900129
6.182933,4.653550,2.170992,3.614942,-0.211666,1.503489
21.332809,14.433847,7.070342,12.881667,1.375080,1.633371
15.777290,11.049948,4.141017,3.946389,1.342406,1.215125
5.096103,3.854388,2.931998,3.945051,0.613790,0.061230
29.116982,15.629258,18.902330,34.059395,3.799135,6.774121
36.748905,21.141232,38.243641,72.019089,7.949759,14.425611
7.434831,5.449083,2.182462,2.668586,0.032291,0.422463
28.626541,11.534874,8.265514,11.045348,1.363442,2.998328
27.598251,11.691733,8.217574,11.371037,1.293312,3.301401
9.075644,6.315267,4.756074,10.240668,0.437425,1.261574
5.290129,4.210977,1.765080,3.035371,0.154130,-0.447015
47.467236,21.626434,19.802618,30.723871,4.772045,5.137040
51.365013,27.449076,39.346146,73.783539,13.875253,82.751495
34.753941,18.419909,17.583904,34.305122,5.631606,12.912641
24.076889,16.236870,7.271144,7.619785,1.733406,7.207063
13.837873,9.748980,3.665343,7.646811,1.567488,1.356528
34.336258,24.164413,14.120962,14.950527,2.266145,5.052861
9.628847,7.256315,3.172249,6.599483,0.376970,-0.438311
36.999184,24.539114,10.475745,15.632825,2.020568,6.225236
23.387306,16.785683,6.295316,10.762596,1.613450,1.992104
5.139864,4.097562,1.882847,1.678190,0.638514,3.436243
10.629543,7.790481,4.210703,8.177789,0.971026,0.577741
7.644522,5.656065,2.953166,8.723372,0.503883,1.431813
5.055940,3.737053,1.928272,1.816513,-0.195015,1.032278
57.461555,34.733898,34.443829,45.705093,7.241686,25.828060
4.553447,3.187230,1.678333,0.603058,1.055475,0.647728
13.708999,9.507556,3.519654,5.962589,0.922168,2.235524
11.447687,7.971342,7.031364,11.469255,2.651024,8.454316
8.010576,5.666902,2.671096,1.370914,1.087669,0.682264
7.409882,5.141598,2.393792,4.232252,0.442862,1.242545
4.224404,2.993185,1.659341,-0.818652,-0.124371,0.355488
6.208797,4.141211,2.458928,4.922531,0.092436,1.083513
4.755914,3.570281,1.244756,1.408070,0.535212,1.244364
6.258990,4.368006,1.978263,2.345122,0.618815,-0.764721
15.186946,10.461617,4.148652,2.275712,0.484378,3.261012
8.507614,6.253889,3.091817,1.223780,1.551039,1.120318
23.453131,17.004324,5.575739,6.552218,1.244152,5.008961
27.456926,16.341078,8.120569,10.972968,0.684327,2.363377
8.984867,6.435496,4.501479,7.194633,0.949118,1.799906
13.022371,9.224812,3.380527,6.429409,0.917611,2.543000
20.847519,14.894902,15.373469,23.343697,2.343367,2.602939
20.760168,14.055389,13.707016,16.527124,1.536552,3.278893
10.800586,7.892614,3.923198,4.378485,0.601918,2.550673
39.630798,27.601477,12.451289,19.824547,2.896454,2.801879
15.835889,11.398201,6.014226,9.592463,1.278126,2.762811
14.136895,9.821769,4.749752,-0.633516,1.486539,1.422412
11.912422,8.135902,7.648879,12.996819,1.568447,1.662499
12.050501,9.118924,3.935621,6.911459,1.238263,1.916176
8.647220,6.064115,2.882603,3.597390,0.354800,0.665996
43.147461,22.522446,15.805550,21.044163,2.444639,8.075465
7.487570,5.456032,2.520427,4.323239,0.852108,7.999132
4.815726,3.586725,1.442975,3.740734,-0.234548,0.117945
17.460604,8.238505,18.359310,26.137533,2.172484,3.280380
6.001807,4.478962,1.898353,2.724396,-0.045499,-0.195413
28.895390,20.512484,7.423913,11.032347,1.307560,14.477476
5.389065,4.157403,1.789225,3.552664,0.742744,2.318207
20.491896,14.036854,13.050590,13.651308,1.955843,2.000272
47.744370,19.879047,21.589552,24.797754,3.707092,9.479352
49.620480,23.982430,22.186398,28.451178,3.952055,7.834309
5.666886,4.126211,1.749965,6.316551,0.289381,1.870634
5.622770,4.250148,1.824304,3.942729,-0.039488,1.100154
6.709818,4.790991,2.336092,1.284148,1.039973,0.511788
26.993275,18.121532,11.447743,16.950878,1.828544,2.970640
4.026584,2.899894,1.523733,3.497209,-0.140526,-0.699425
13.118645,9.413517,3.957318,5.873398,0.977670,1.502266
11.730545,8.548799,4.504999,5.612034,0.983469,0.067809
14.239072,10.020161,6.359312,10.286246,0.792161,14.321458
6.837528,4.814879,2.128180,3.044652,0.541388,-0.612487
17.659796,13.266177,6.526668,9.753865,1.144487,4.094648
18.616953,13.619413,5.874480,9.305727,1.226646,2.209541
10.675929,7.331819,3.113158,4.207548,0.974003,0.872884
9.499770,6.396693,2.903615,4.264752,0.015485,1.772676
21.129614,14.799944,6.868368,5.302271,1.105980,2.324533
8.842506,6.539374,2.750244,3.686029,0.516701,2.551392
7.103399,5.063902,1.934779,6.190850,0.396068,4.778020
9.327453,6.270015,2.259682,2.337581,-0.104505,0.479038
4.879429,3.641668,1.672621,1.346886,0.405109,0.315728
6.458539,4.336359,2.427611,2.914481,0.200259,0.999459
6.963098,4.776157,1.881453,3.381337,0.915667,2.692868
6.665817,4.874571,1.646019,0.589163,-0.270230,0.541271
12.255900,8.617897,3.520019,6.235414,0.455318,0.976695
8.728032,5.879189,2.796359,4.146277,0.587527,-0.430945
6.268206,4.707616,2.165836,3.626074,-0.167025,0.262132
10.049983,7.473332,3.205794,1.350715,0.967928,0.601035
23.848455,17.035267,7.500304,8.058817,1.023073,0.457576
10.366229,7.313565,4.526646,5.568660,0.950829,1.603493
13.627856,9.388972,3.845200,6.159529,0.749310,1.663059
14.914058,10.666633,3.559683,5.959899,0.142823,1.745450
14.624537,10.430147,4.392687,6.220600,0.397772,1.899017
6.404005,4.944800,2.382373,0.352666,-0.048102,0.367849
7.556741,5.519708,2.337129,2.889621,0.809934,2.081690
26.666702,16.623041,32.606670,41.636055,6.106260,6.295083
9.282611,6.478703,3.047297,6.043265,0.506457,0.597057
10.304022,7.412371,3.045137,6.022124,0.411777,0.820217
8.313299,5.821279,2.855076,5.885888,0.845469,-0.667589
12.441749,8.554048,4.287136,5.558711,0.653353,0.555496
12.599911,8.992431,3.600871,4.707944,0.054691,1.689701
4.771727,3.541475,1.982209,4.132485,0.705331,1.182341
13.124950,9.081152,3.638792,8.684394,0.660279,-0.040017
19.500397,13.625470,5.746882,7.314665,0.490046,2.181716
12.056269,8.737713,2.894316,4.718399,0.521240,0.462220
9.504259,6.599386,3.245119,3.662038,-0.081779,-0.760027
8.757331,6.095472,3.057457,2.932372,1.340899,1.652095
25.687256,16.423964,6.812982,7.023139,1.132060,3.063150
4.225633,3.153594,2.058756,0.281138,0.662696,0.615325
13.291641,9.481066,3.866357,5.912691,0.073959,1.236692
4.389930,3.475371,1.775829,3.419599,0.558012,0.748781
12.693554,9.149409,3.653662,8.180798,0.987057,0.710186
14.213891,10.435952,8.702335,12.916683,2.247114,30.768305
12.942549,9.079078,5.349869,2.412036,0.474770,0.573117
32.818279,16.145893,29.311785,45.042027,5.358514,6.730611
20.351194,14.735688,4.755567,8.314116,0.991980,1.725300
31.299255,21.504801,9.726503,15.665635,3.196508,4.150445
11.005508,8.156767,2.997272,6.402952,0.277828,0.356079
4.848609,3.708505,1.423434,2.884711,0.028014,0.830539
14.244311,10.151488,4.137066,5.069152,1.138140,1.164344
14.276423,10.651203,3.446068,11.915272,0.471567,1.865155
4.080490,2.968621,1.825179,3.958722,0.476301,-0.096381
3.904901,3.070833,2.196947,2.162504,-0.021103,0.715976
15.188664,11.061144,5.943944,8.975500,1.158245,3.404490
31.195351,21.839813,13.966634,27.230936,3.360723,8.908373
9.980492,7.396168,2.589024,5.856238,0.341811,0.336828
11.487054,8.008157,3.753767,6.860432,0.263719,-0.245894
13.931571,9.619287,6.621683,12.875132,1.337007,5.023142
11.651000,7.058599,4.919539,3.518130,0.843311,1.134548
6.649186,4.527834,2.343333,2.544120,0.390004,2.293553
12.495577,4.336327,6.045366,7.015746,2.105973,12.561774
34.963100,19.425051,22.927355,34.392864,6.095795,34.235485
13.129510,9.575795,4.467858,8.164201,0.957922,5.856014
9.221860,6.426664,3.211807,6.854698,1.143843,0.856627
6.406629,4.751519,2.223596,-0.344850,-0.018631,0.028873
12.307396,8.722363,3.635630,3.631978,1.104757,3.553145
4.864496,3.600111,1.718421,4.220313,0.092561,1.153625
15.107365,10.644278,3.610219,6.840821,1.237914,2.280034
13.933669,10.012214,3.490760,6.036632,0.641115,2.488318
17.708811,12.501451,4.396187,5.823021,0.263435,1.704732
6.797088,4.990093,2.246871,5.017967,0.044876,1.018891
6.077239,4.551188,1.959594,1.992238,0.998380,1.873829
71.597916,27.977558,88.810692,119.618256,20.293816,66.923302
122.852180,41.680416,79.089325,108.133873,14.538858,22.685116
45.594986,21.831711,22.145660,43.106720,5.469737,5.873677
10.230555,7.607620,2.600214,2.181237,0.813048,1.520488
7.147587,5.030037,2.874904,2.766803,0.803404,1.051053
6.040505,4.755585,2.237981,3.384056,0.868927,0.806777
22.533379,15.699666,5.168767,8.476372,1.068960,11.102929
7.487437,4.983396,2.031733,5.606134,0.548407,0.836955
4.177724,3.358190,1.488370,4.205273,0.411309,0.085902
4.839510,3.851402,2.349770,3.220338,0.757608,-0.951312
30.586254,20.563992,11.203267,15.531565,1.582597,4.033898
8.110868,5.977366,3.776951,5.866720,0.175414,2.098732
5.280112,3.693162,1.940359,1.629905,0.140681,1.961720
15.871031,11.245646,5.849240,10.990189,1.423566,12.909101
11.777910,9.068464,3.382459,5.994689,0.917523,0.596954
13.760803,9.883753,4.381533,5.340383,1.311583,1.705676
9.926523,6.585866,7.057061,7.220257,1.106455,0.766614
5.058304,3.652609,1.860023,4.137654,-0.254009,0.734194
6.793172,4.640611,2.359591,4.055480,-0.272980,-0.129787
14.219948,10.013315,4.240045,5.003446,1.347294,2.221629
14.439679,10.453769,4.203089,5.153804,0.587974,6.274989
4.332826,2.988864,1.554045,2.769286,0.083338,-0.144606
4.608601,3.636220,1.744749,0.943126,0.108951,2.046977
12.427729,9.118235,5.304680,6.113677,1.380598,7.771314
15.172069,10.358375,5.282992,6.277955,0.206758,4.333408
5.682383,4.350336,2.207177,2.226977,0.238936,0.337202
7.187043,5.473554,2.364428,5.819567,0.701890,0.279114
12.553767,9.294939,5.321058,7.795697,1.567056,1.747565
4.551413,3.444947,2.113889,0.925347,0.433311,2.064917
43.964920,22.235714,13.562784,20.981384,3.614728,8.402374
11.626686,9.002087,3.169134,8.337733,0.958992,3.270079
6.359679,4.797854,3.789791,5.088581,0.646908,0.004858
5.530592,4.151248,1.745805,-0.074628,0.113479,-0.071428
14.908282,10.385231,5.485485,6.657455,2.474804,10.279045
14.212523,10.224045,4.410792,6.806244,1.015194,0.090290
7.399594,5.693483,2.742455,2.379619,0.564663,0.549741
8.744546,6.806359,8.660432,10.452338,1.897663,3.624182
10.184705,7.343402,3.176507,4.612145,0.976702,0.313377
9.661952,7.412487,4.394427,6.832632,0.866573,3.723800
44.471237,18.336338,13.101170,18.327097,3.057240,6.364423
43.321812,18.404299,13.369093,20.949072,2.223834,5.781354
28.469213,19.560770,11.899415,22.376493,7.058647,33.899704
15.818627,10.952164,4.756629,4.396231,1.061132,1.123959
9.906087,7.138420,3.282567,3.444900,0.490440,0.950717
8.443222,5.978002,4.936967,8.959918,2.078305,1.962790
7.495900,5.314662,2.431220,2.518345,0.826289,0.448159
4.853228,3.647188,1.977801,3.889520,0.457199,0.133399
4.869042,3.443591,2.226764,3.032629,0.720983,0.549510
46.898418,28.369284,25.470057,38.608326,4.332724,17.027685
4.745897,3.737990,1.733848,1.676292,0.351552,0.808824
15.782947,11.350150,4.401630,5.499821,0.978359,0.230786
71.940468,21.610016,25.623863,31.832096,4.482955,8.054427
19.624750,12.999583,7.999365,13.041062,1.232638,1.749859
34.520500,22.727102,10.309391,15.611328,2.624021,5.181063
28.108856,19.651918,7.892540,7.572428,0.964626,3.726933
5.825572,4.151762,2.380052,1.268848,1.014249,0.623884
42.376362,24.454842,31.089401,41.185616,7.134456,14.814870
22.398977,15.925800,5.300136,9.474851,1.009790,-0.012068
28.155605,14.294043,10.097230,7.495509,1.329704,4.000782
27.829607,17.055216,7.869438,12.171180,1.856430,0.417098
14.430470,7.763926,6.541642,6.085027,0.969724,3.508056
14.597498,7.885513,6.203392,6.845102,1.318944,2.743880
14.639818,10.583854,3.942777,6.263801,0.355815,1.848571
17.659893,12.525229,7.130439,8.133822,1.023380,2.331328
11.117479,8.227377,3.772028,2.832392,0.177278,1.034600
32.599895,18.240591,13.318160,17.828369,2.695250,5.117045
15.580113,10.914733,5.076017,6.047215,0.391384,0.037865
7.625791,5.310525,3.636997,8.100250,0.582777,1.088834
28.161068,11.748520,17.699583,21.449778,2.541151,4.575255
26.649769,11.190898,17.490210,23.039917,2.872025,3.500578
4.725247,3.601630,1.893813,0.248717,0.407288,-0.709744
24.036606,15.479481,27.881622,41.514549,6.800021,47.888226
5.287897,3.910637,1.759981,2.308803,0.408266,1.267793
16.021948,11.626280,5.129585,5.292878,1.425410,0.909691
16.473982,11.611823,3.975513,3.298317,0.822723,1.701737
29.887669,17.830084,12.492476,13.426774,2.163439,2.610329
5.326824,3.906224,1.629109,5.240232,-0.140774,0.368966
10.048736,7.336306,3.246943,2.310244,0.276208,2.047745
4.700004,3.750872,1.790512,1.960789,0.061902,0.110202
9.109603,6.614187,3.000735,1.416985,0.327583,0.257541
33.246540,20.509645,10.626793,16.537384,1.307032,3.413934
21.261488,13.440630,9.376543,18.360672,1.402073,2.369738
5.505359,3.777579,1.910993,0.086398,0.270863,0.838567
26.073059,14.001288,8.859596,11.231506,1.257564,3.847263
36.232941,20.232819,33.490505,50.452950,6.203073,7.855520
11.395627,8.223231,3.897592,2.012921,0.739416,0.829044
21.442850,15.612717,8.231078,9.628213,0.893796,2.464766
4.695178,3.283989,1.997279,1.003301,0.273242,0.401504
11.501528,7.946072,3.207474,3.869785,0.411630,3.753993
47.666313,31.086817,33.178307,51.766548,6.735379,16.873438
11.172082,6.596140,3.861796,5.772027,1.229512,2.755038
26.130550,16.457615,11.578672,16.166109,2.660787,8.323002
17.121668,12.399711,7.941098,14.147776,2.405956,5.401765
9.173888,6.249189,3.081881,6.323940,-0.536099,0.836349
15.459440,11.083193,4.256526,6.123455,0.773436,2.448884
9.224087,6.418471,2.543906,3.024387,0.562947,-0.114632
14.184024,10.133969,4.519777,6.084969,0.937364,14.245149
10.226154,7.518800,3.067267,2.765677,-0.012225,2.156680
8.195750,5.864357,2.682951,7.675939,1.309713,1.125947
4.809649,3.298322,1.660698,-1.062281,-0.081430,-0.129280
6.488377,5.040916,1.993852,-0.715527,0.241526,0.019767
21.591373,14.282755,23.028103,22.858185,2.463263,6.616790
16.405825,11.284275,5.864777,6.205172,0.797654,1.216678
7.519333,5.385381,2.448191,1.423240,0.469108,0.341225
7.539226,5.548420,2.503963,5.027724,0.209326,0.471779
15.855009,11.178845,4.576041,7.116701,0.707472,1.034535
15.942560,11.304087,6.602302,4.134266,0.602255,1.549804
4.766370,3.400922,1.710581,-0.961985,-0.052592,2.080038
12.549692,8.872293,2.767613,5.792445,0.002392,0.498602
4.999861,3.381503,2.026020,0.335776,0.031404,-0.311773
4.495477,3.094031,1.420287,-0.055638,0.631644,-0.098670
8.369616,6.061646,2.712511,1.944112,0.012744,1.325125
24.852316,17.363184,11.008410,15.330413,1.819184,2.575879
4.952733,3.878307,1.718142,2.252315,0.014261,0.436473
10.668347,7.666139,2.860302,1.595028,0.233023,1.018692
59.943390,37.351517,29.632181,31.476624,4.969194,11.949098
9.762704,6.650673,2.859989,2.946095,0.173242,0.038289
12.009635,8.439332,2.807012,5.909853,0.040085,0.325216
15.537083,11.508539,6.115044,8.012697,0.014817,1.378335
6.663590,4.787601,2.138552,2.991055,0.396889,0.638389
8.051850,5.632489,2.329321,0.751875,0.762111,1.887678
5.564276,4.141038,1.730822,1.315105,0.206884,-0.149062
20.267527,13.978569,11.276387,13.611100,0.834245,7.003293
29.322243,20.754728,8.946013,6.714526,1.146631,1.432904
17.503189,7.606728,5.381290,3.468592,0.740298,15.754567
16.707209,7.578732,5.286192,4.439857,0.771121,12.031475
9.453453,6.620224,2.577543,4.378683,0.223220,-0.204630
5.677031,4.053544,2.204429,3.065913,-0.697312,0.343316
8.089356,6.069936,3.064804,4.925716,0.892807,0.352376
4.944849,3.695895,1.625600,-2.642610,0.084476,0.414308
20.075739,8.877637,6.453940,6.143183,1.546545,1.957981
15.756748,8.064498,5.303299,6.386605,1.702945,0.885127
22.587477,15.968412,6.312803,5.443287,0.691485,2.481943
15.637173,11.008849,4.550523,4.683272,0.238500,1.566545
13.087693,9.477826,3.663541,3.839933,0.521416,6.135878
4.394666,2.939021,1.667608,1.879428,0.156057,1.638210
17.355692,12.692118,5.516946,2.148021,1.342025,5.259839
5.268886,3.656133,1.893467,0.843739,-0.220125,1.740215
5.257976,3.920810,1.571732,1.334658,-0.175173,0.336508
12.912849,9.385487,3.522803,3.250247,0.126813,1.957663
13.928388,10.047060,3.036597,4.151868,0.861575,-0.310572
8.087909,5.808302,2.223036,0.676241,0.007530,0.682272
6.850840,5.391066,2.157735,4.340212,0.489379,0.619121
7.135917,5.251266,2.606969,-3.237915,-0.318083,-1.105687
47.342937,21.659624,21.202898,26.840466,4.174449,19.013578
20.458582,10.426944,6.584982,5.459286,0.741393,2.017668
34.979389,23.926708,9.219165,9.566356,1.330167,5.168956
5.387005,3.703155,1.368127,10.054214,5.218374,15.042868
7.022677,5.483606,2.459511,3.474823,0.185056,3.793108
42.951454,28.537340,13.159014,18.831545,2.086003,7.836272
10.738947,7.930978,3.197605,2.993069,-0.388418,1.144809
16.241560,6.341592,5.254435,5.151991,1.054976,2.337071
16.258560,6.440867,5.456481,5.902870,0.683131,1.804742
34.899551,24.633244,22.249985,26.075506,3.905236,8.113942
6.810097,4.821812,2.231059,2.287163,0.022140,1.178913
4.366721,3.119815,1.647809,-1.847297,-0.045691,0.594487
10.609237,7.611357,3.026532,1.479836,0.297414,-1.030294
7.486321,4.874760,2.794317,5.273193,1.004959,3.819600
26.672548,18.401943,9.767737,7.389654,1.324028,3.874693
4.429611,3.222316,2.024318,0.271249,-0.295377,0.770264
12.204907,8.787724,4.461971,9.097429,1.291016,28.080870
11.822721,8.247123,3.325900,3.922251,-0.271958,1.002462
17.499401,12.165113,4.149872,5.981303,0.102463,1.704216
5.562876,3.626774,1.856607,1.882393,0.525814,0.277667
20.275221,14.547473,6.511775,4.996210,1.106879,2.163171
35.270012,23.910473,12.435003,15.540461,2.276709,4.782269
27.209410,18.636501,8.232176,11.947792,0.964276,3.159387
6.950800,4.997056,2.437739,1.339512,-0.125817,0.549220
15.874315,11.344069,7.800155,12.120776,1.683382,8.483509
14.625093,7.005990,6.715138,9.954071,1.212018,1.197269
6.314426,4.473971,2.051300,5.493434,0.330051,2.128479
10.633906,7.467278,3.493112,0.763253,0.148840,0.148365
33.318024,21.618250,10.991981,9.667035,2.177665,4.118552
11.583778,7.033792,3.750038,6.438107,0.434366,0.604309
10.070908,5.012650,3.741875,7.661711,0.717480,0.449958
42.196201,26.681139,25.478502,28.581600,5.770653,17.856956
35.428486,23.907227,11.895143,17.468527,2.307423,9.724761
9.494789,7.160089,2.994973,5.332123,0.413821,-0.389207
12.262676,8.860955,4.316082,1.297762,0.850565,1.316302
7.917517,5.629776,2.713196,4.157220,0.134907,0.336028
7.174788,3.497190,2.596662,1.885561,0.144365,0.867845
12.647608,9.385594,3.787165,3.810832,0.108201,2.760140
12.446982,8.788671,3.343907,6.654816,0.562384,2.567084
4.138559,3.120887,1.225485,1.516498,0.325862,-0.333630
11.624154,8.313622,3.977329,4.958406,0.243933,-0.008908
7.154311,5.467402,1.921242,4.763547,1.071846,0.421241
28.963343,19.247133,11.886033,17.935345,2.104573,5.227239
9.931775,7.162185,2.436498,4.251374,0.706025,0.705403
8.488338,4.084362,2.480563,7.816280,-0.161353,0.242583
27.859093,18.468714,9.484140,16.473040,1.333283,1.496948
18.386070,13.101426,3.944250,12.181835,1.405584,1.453729
20.640238,14.679072,10.031366,22.683874,2.649003,2.738301
4.844110,3.364937,1.860026,7.410809,0.741230,0.065234
8.116910,5.704929,2.889196,10.869864,1.220311,0.892943
4.345702,2.968702,1.749432,11.622025,2.096992,0.491047
41.635403,17.297293,20.754557,40.520611,4.857240,11.788414
64.458420,22.009808,44.234451,59.195122,9.608341,18.247808
80.952904,36.424446,107.176155,144.222519,18.648333,21.744543
148.195099,52.930614,143.037399,227.284958,26.877636,36.158302
42.745541,22.810503,48.368965,104.400574,12.200370,16.626179
115.720680,38.945595,122.247475,172.592148,23.316801,43.264141
229.197021,70.445694,343.783234,455.385132,66.599190,136.901093
108.166252,40.227875,313.996063,416.666046,53.180786,84.455513
138.440689,58.316082,166.874878,266.929504,36.543232,59.276085
64.468887,18.863417,103.105377,201.962799,28.107922,50.314175
24.656586,13.477087,26.447451,88.497253,12.023591,12.615995
19.650400,13.432148,8.295726,35.347218,4.708313,3.557972
26.230074,13.422782,10.171725,33.275532,4.913298,5.529068
35.500256,13.228779,16.237839,33.774849,5.330646,15.037859
75.195343,26.096889,35.571819,62.137203,9.407601,22.930479
68.248489,26.144749,33.355034,62.906033,10.453289,20.088732
81.872406,30.721924,107.835381,185.060455,29.971670,39.564510
92.798759,25.727249,112.603485,172.243546,22.865007,25.940355
52.081017,20.318621,35.924992,82.122910,11.439749,11.501083
16.234592,9.628531,8.386210,39.216553,5.545776,7.796806
97.572662,48.747459,96.430397,148.773758,19.853226,32.441589
93.868927,37.689388,140.732849,190.170670,28.438169,101.121231
184.483093,56.885403,309.415497,441.981476,65.870468,97.144463
222.402512,67.914513,424.068695,599.825989,81.200470,102.574318
53.727287,22.755943,41.553398,116.904434,17.796440,19.943266
31.891912,19.884968,10.691544,31.880144,4.741259,7.203688
135.373291,44.216595,165.709412,236.574860,35.325615,154.698135
98.840927,31.355873,183.855011,303.828705,41.445404,127.777115
44.675072,25.490753,31.240860,81.337112,12.619658,15.154898
32.356453,18.603598,14.327021,49.613949,9.163461,22.765011
116.686600,41.990704,80.568703,153.348770,19.768177,34.776390
85.245628,29.726696,62.323994,117.101395,17.561811,23.187445
101.307823,43.632511,113.287811,183.386734,25.280283,42.560745
83.794975,28.907021,198.242538,272.135559,40.269756,114.374023
153.878464,39.797539,374.232422,481.701935,66.374771,153.228424
141.021408,51.168629,180.584946,296.391541,40.722122,65.062225
78.109520,37.932941,90.123795,173.802475,22.414566,33.207973
86.227135,28.630564,82.688377,125.974640,22.228590,47.806519
158.428329,49.581043,285.074982,391.675934,53.796349,118.287094
74.690681,35.700619,120.691910,203.168625,25.771280,25.597528
8.482652,6.192440,1.857104,34.896328,3.765877,2.557565
55.438931,28.146009,24.415743,48.926121,7.546568,9.331589
81.801826,36.012409,27.362085,51.815975,8.845016,12.671854
74.432030,36.917404,31.314228,61.530766,9.438460,16.028250
14.296334,5.263613,4.531697,30.069523,4.039088,3.277927
59.697094,17.970894,31.934488,68.125046,10.156466,34.249992
51.544861,17.891060,32.475212,66.844749,9.785095,35.725338
33.002396,13.378540,21.818806,51.828873,8.952394,43.822029
97.377785,32.960529,101.166702,182.377106,33.755394,67.290733
72.182121,32.883892,70.587341,141.189774,19.503782,22.593609
94.269966,36.811001,111.506691,157.724884,24.894537,75.034332
175.091599,52.572227,271.758881,397.969849,57.333729,153.717468
130.210815,44.651722,156.113922,272.462860,37.290791,56.278545
45.248898,18.419794,41.326241,92.049217,11.835346,18.588596
39.929588,17.477106,38.825432,92.052208,11.402755,15.380684
126.206131,39.157715,129.439529,168.764694,28.451635,67.653671
134.377426,39.178997,230.866074,384.473602,66.181801,138.930588
146.732193,38.915672,196.710556,294.920563,44.642532,97.643524
146.269028,37.795105,236.969238,369.069061,53.363636,110.863724
123.509682,45.080452,159.405563,287.328949,39.561543,66.615196
103.300896,30.395729,168.228775,243.395508,35.462135,54.387451
146.699829,46.080574,287.949066,405.033112,55.264717,91.621796
127.815247,45.993996,250.703690,368.640961,46.565014,75.082718
87.133156,35.228149,85.832947,142.187225,18.557384,22.912878
49.049969,23.008793,48.538567,108.106033,11.365696,10.896004
29.772287,19.134949,62.697433,98.759682,12.204087,16.960724
123.936859,47.878773,131.021774,189.171677,25.694216,36.796974
130.985779,40.833744,120.739960,197.886673,32.248711,61.839172
144.941223,53.509190,168.419937,241.029022,35.654102,67.110214
132.857330,53.558762,158.383270,232.355545,30.168196,49.260895
25.117496,15.575667,8.460938,36.983883,4.444395,4.102736
53.559769,21.282928,34.317066,81.944397,10.273816,11.591815
55.593452,26.754023,58.188908,123.509560,23.721409,90.347565
105.201637,49.127468,92.952072,152.615265,20.821243,50.021076
98.038200,46.635674,86.659721,150.727615,19.768211,42.626961
68.208755,30.855139,52.129448,92.633629,13.660322,32.481934
103.262871,37.200638,87.239067,148.304230,27.646101,85.477791
98.925331,37.677010,150.182266,215.978546,28.334627,52.815907
47.757000,25.511864,52.796860,88.184998,12.361720,20.501570
20.210625,7.699990,12.720207,42.182915,4.888000,4.491049
21.947680,15.199120,10.543155,23.242201,4.896840,4.015460
58.013573,32.035629,46.434002,74.670151,9.953509,20.620539
16.621328,11.190322,5.344710,13.085968,0.996784,0.757525
5.982380,3.602118,2.296244,9.784615,1.204092,-0.330545
7.036461,4.777446,2.165476,5.732572,1.237682,0.700405
5.285535,3.685134,2.109337,8.270928,0.586820,2.143266
12.090931,8.652983,3.195967,4.268201,0.777935,0.873655
17.064260,11.803279,5.297835,6.694969,1.204840,4.587359
4.564538,3.538418,1.693007,2.470826,0.540120,1.376529
12.665984,8.745467,3.437252,6.268430,0.790465,1.124176
7.589027,5.730138,2.821081,1.766951,0.235439,0.813173
18.869345,10.779743,9.133025,15.618410,1.944768,2.878998
5.242765,3.676539,2.670630,3.382222,0.465925,3.300164
9.382673,4.176651,4.105670,4.636650,0.773273,1.566859
7.631038,3.412900,3.585449,3.797895,0.304386,0.787856
7.947087,5.710934,2.514222,1.369434,0.380699,1.055748
5.737630,4.064630,1.903778,0.501327,0.565526,1.458831
4.766608,3.442356,2.209748,-1.200177,0.575509,-0.088307
59.033840,23.413361,30.273876,50.587742,7.672561,10.139493
115.201477,56.664337,100.834381,145.512695,25.535917,40.632553
17.500973,9.786403,4.885918,19.351761,3.129269,8.309850
98.717422,30.180391,166.871735,182.833206,30.681484,55.034771
147.538605,45.844936,339.261475,440.725677,58.909172,106.817856
135.335434,32.661747,141.445724,213.959747,29.634733,88.548607
187.049240,48.362843,244.111069,329.057617,44.459129,90.931007
220.705704,53.117371,300.769287,419.861206,55.768589,93.549309
199.974426,57.657158,255.001129,400.121490,53.674362,100.782753
119.302376,35.693249,222.886383,326.724579,44.177021,129.912018
15.484038,11.001632,13.872539,32.267456,5.050437,8.546037
130.445190,44.790653,143.409241,237.957382,38.521957,144.872391
15.979828,5.982769,15.433366,55.230732,7.849648,19.325600
69.540642,28.848457,115.301666,178.250229,26.892199,146.665192
25.941994,13.568894,22.591400,59.566795,8.535299,13.624009
26.556744,16.795967,44.929180,67.651978,12.078449,61.142891
54.845726,31.436134,34.421001,71.909805,10.253802,19.912477
71.643875,36.091282,65.719200,111.388260,14.692264,22.826935
17.496229,6.746350,6.635144,29.995928,4.224042,2.049369
56.008671,26.774771,46.624565,59.689594,10.148250,17.626425
97.511139,38.611553,104.134079,147.261047,19.462143,35.624031
43.672642,21.485098,28.542089,63.588352,6.712496,11.171708
10.937889,7.870777,3.365954,18.271101,3.424656,2.690572
8.313850,6.128675,2.562324,7.479468,0.354318,2.760668
5.687420,4.285217,1.628116,9.081372,0.363854,0.092494
7.015655,4.970139,2.543845,1.602414,0.491220,0.162876
6.066646,4.112472,2.420957,4.566289,0.217729,1.503858
4.453391,3.095594,1.872219,1.068018,0.542817,0.914332
5.693867,4.330987,2.134631,4.093555,0.730590,1.725516
12.122674,8.596856,3.561321,7.008957,0.954345,1.525264
18.223310,13.020644,4.324130,8.085032,0.753444,1.813004
6.265543,4.409352,1.838358,3.624737,0.162012,2.732648
12.205048,8.717753,3.631888,6.181987,0.625306,-0.256349
6.655555,4.668130,2.267194,3.297835,0.003021,1.425637
30.624723,17.571745,7.736345,10.525667,1.199094,3.621457
7.814632,5.851187,2.334274,4.841838,0.777695,-0.321815
17.400906,12.227954,7.574378,7.630351,0.954002,3.275432
7.950851,5.599438,2.153201,2.479055,0.239548,1.781828
11.643276,8.191636,4.006157,7.009059,0.422378,1.635812
4.671018,3.394405,1.591968,3.136478,1.313025,0.958494
13.566113,10.090812,14.918034,20.009830,3.013637,3.671456
17.243416,12.642507,4.785062,6.955982,0.681729,1.212703
8.693624,6.299422,2.729028,2.474879,1.182093,0.090304
7.842483,5.302823,2.346624,3.837128,0.203993,0.421199
4.831189,3.705467,1.699879,1.916319,0.490094,1.066865
11.142194,7.942029,3.548243,2.809186,0.369966,0.625470
24.543701,17.201502,8.807142,14.967039,2.218866,4.144609
14.835212,10.618074,4.166603,8.551760,0.947151,1.570741
7.038920,4.885774,1.933193,5.842630,0.619916,0.912414
14.400742,9.915940,3.574225,8.521494,1.044329,1.851199
5.832052,4.376925,1.977241,4.580336,0.274801,-0.606711
45.917000,24.431490,14.735983,24.420298,1.987023,4.376840
4.875403,3.511860,1.657707,4.750454,0.654681,0.627261
7.311356,5.212114,2.393269,1.231538,0.435719,1.800402
15.018536,9.295196,4.065776,6.905217,1.348636,0.686222
25.317854,17.477419,6.034297,7.382416,1.323561,4.527638
9.755796,6.922403,5.675711,10.591285,1.123310,2.298439
15.306467,10.576229,7.713260,12.617836,0.538719,3.756804
11.860215,8.324002,3.751312,7.221888,0.716078,1.618528
8.042322,6.334634,2.404450,2.111510,0.692315,1.902390
9.050797,6.509844,2.587499,4.144958,0.073597,0.204677
21.352966,15.070046,4.072109,8.727481,0.167966,0.933508
13.968853,9.998931,3.821826,5.635686,0.266046,0.697217
6.391396,4.553640,2.180373,5.340261,0.000221,0.227276
4.367461,3.414094,1.862888,1.746633,0.396130,0.659194
15.326172,11.060482,2.890857,8.429230,0.680008,1.527248
9.471104,6.736573,2.787138,2.432741,0.506386,0.646302
8.835332,6.085963,2.246900,5.532992,0.304107,1.184971
40.211304,14.808705,12.302975,16.033463,1.272884,3.526407
39.327255,14.786740,12.718911,17.703312,1.451826,3.950011
5.483978,3.939322,1.877029,4.263994,0.632916,1.337105
16.686785,12.338590,5.343152,7.949827,0.918585,4.037339
19.663713,13.635423,9.620996,17.388535,2.117649,6.192242
11.959421,8.220305,3.694793,5.957643,0.173994,2.768817
13.107706,6.336853,4.408976,6.811906,1.157274,1.171270
13.017514,6.169230,4.308004,6.953242,1.676447,1.171234
6.253067,4.461798,2.785148,6.623315,1.236700,4.336722
12.969028,9.224242,3.449585,7.175027,0.766539,1.203266
11.171136,7.930030,3.048559,5.775074,0.398433,0.413041
18.863441,13.307881,4.923555,8.169339,0.216036,1.952009
13.364444,9.207493,6.553902,7.707396,1.672688,7.137707
8.364021,5.949454,2.880250,5.666553,-0.077013,0.131557
24.442585,12.375634,7.406296,12.786368,1.242406,5.142037
10.925293,7.950825,2.782747,8.683250,0.236450,1.752906
9.629386,6.898659,5.700898,12.161523,1.560116,1.205356
9.965476,7.252786,4.069689,7.725972,-0.155977,2.122306
10.314710,7.405428,3.090836,3.241417,0.317012,1.137692
10.069730,7.457534,3.034425,5.186340,-0.131487,0.874101
6.492878,5.063097,2.974728,6.199075,0.644166,0.009019
19.891068,8.962834,6.494535,6.090649,0.838107,4.351237
20.251883,11.653397,6.519043,8.666718,1.741285,2.036361
4.161194,2.996812,1.211075,1.476784,0.984122,-0.238208
14.916083,10.774306,4.446017,9.742811,1.575154,2.155025
5.347977,3.570415,1.675568,5.167355,0.569617,2.545905
18.222406,8.490573,5.561291,7.495252,1.252872,2.029102
5.201772,3.943065,1.388927,6.840729,0.970657,3.097151
6.132673,4.506371,2.136386,2.988367,0.578731,3.869470
11.826606,8.805679,2.802378,9.435608,0.489565,0.405494
9.311956,6.952461,3.408765,7.568558,0.403102,1.683917
11.665680,8.465094,2.999544,6.005357,0.904073,1.021942
51.930359,33.761139,29.922009,35.502495,5.157579,10.068524
9.080880,6.751444,2.394907,5.214305,0.636482,1.302068
7.196195,5.358493,2.644162,4.801923,0.846115,-0.612001
6.213304,4.895748,1.788754,4.303907,0.456835,1.408281
39.603493,26.342207,25.462236,49.259701,6.492100,7.161386
40.420448,25.161369,21.960865,33.390442,4.580262,6.786784
37.598083,22.630688,39.256657,50.241413,7.440401,14.835928
3.600317,2.996452,1.390610,4.250209,1.059539,0.007081
24.038164,16.777727,6.183044,9.056029,0.982649,1.307222
4.985639,3.898229,1.433775,3.630648,0.553727,0.399121
17.558044,12.644754,5.736230,10.251092,1.534370,0.821101
5.399395,3.791705,1.917137,5.034420,0.205467,1.697855
4.858485,3.810082,1.638061,3.675282,0.749713,0.920977
15.975632,11.681949,7.110521,10.755325,0.700687,3.313210
11.389684,8.420958,3.709011,8.187531,0.650457,1.636237
5.926398,4.484438,1.667992,2.350944,0.180832,0.835247
8.207909,5.716459,2.877403,3.592545,0.762932,10.952045
14.939865,10.895017,3.574416,5.225019,0.804467,1.752228
8.656412,6.170173,3.258762,4.105492,1.014253,0.462571
10.642418,8.045339,2.547767,2.591635,0.413172,0.624219
7.427650,5.539549,2.509515,5.485816,0.259219,0.533326
16.603216,10.939466,6.066604,4.459683,1.468133,2.580912
4.983408,3.422730,1.931909,1.509598,0.522072,0.991769
4.987267,3.432380,1.479555,4.904733,0.633171,1.686077
5.011780,3.776714,2.010652,0.947869,-0.199818,0.966762
9.921885,7.237887,3.628536,13.467451,6.238503,12.900148
21.094893,14.695676,7.550450,8.497705,1.411505,1.823739
20.507891,14.887081,4.540453,10.098309,1.285312,1.172785
9.034588,6.744463,3.357832,5.519307,0.507982,2.088473
3.892267,2.970591,1.432239,3.512220,0.566710,0.783013
13.852684,9.704384,4.369688,5.181891,1.057738,2.033488
6.797050,4.902505,1.784647,1.809753,0.540219,0.669859
8.716160,5.299806,3.383583,5.744405,0.353169,1.350742
18.458105,13.531478,5.178983,9.702051,1.355349,2.040064
17.459795,12.370079,9.530181,17.869213,1.534639,3.257941
12.230011,9.003304,3.114980,6.349502,0.960438,1.489686
15.990351,11.227369,7.942784,8.191320,1.810101,2.493966
5.715313,3.896614,2.282552,4.114202,-0.023082,1.232448
4.705959,3.527134,2.135131,5.261662,0.522873,4.091537
4.944678,3.429943,1.968347,2.350300,0.332412,-0.147659
6.322190,4.489645,2.952913,5.211428,0.405915,0.131138
14.670995,10.302632,4.969391,14.858131,4.628106,12.353953
8.358324,5.877408,4.077351,6.807971,0.793028,1.751229
5.056559,3.642496,1.582179,3.192885,0.228085,-0.327668
14.035495,7.586591,4.495371,2.687917,1.584246,0.826359
19.570379,13.576296,5.322741,7.734784,1.433860,1.928044
7.787622,5.326123,3.740826,4.013794,0.799044,0.759001
26.839928,18.422831,17.311178,23.270962,2.956862,4.899770
24.120636,13.869619,7.633073,11.391371,1.712410,2.478193
9.006247,6.232645,2.591766,6.665157,0.198205,4.408322
5.048250,4.040498,1.542973,1.134382,0.929020,1.113040
4.197880,3.108716,1.904738,1.998302,0.374786,0.943386
30.709713,20.846537,9.323082,12.194770,2.315970,5.640414
5.243284,3.669896,3.090557,6.211122,0.359432,1.991523
6.728384,4.926586,2.533428,2.154433,0.537408,1.693490
5.414047,3.865920,1.956492,2.405480,0.180717,-0.292814
6.056585,4.157565,2.254594,3.928622,0.501230,0.728318
17.103724,12.352778,4.676687,4.429631,1.385756,0.174439
7.238756,5.145677,2.661340,4.959983,0.375112,0.441107
24.448545,16.722656,6.406330,7.931068,0.951802,1.937599
14.246344,9.855515,4.617321,6.212582,0.603816,2.442544
19.996437,14.551722,5.554251,10.079023,1.058746,1.416455
11.207642,8.013453,3.012515,4.476726,0.238049,1.417537
9.405359,7.074561,2.309656,4.842268,1.285726,-0.134746
5.015324,3.548993,2.120424,11.060769,3.978964,16.348305
18.482796,12.943526,4.299628,9.536571,1.283477,1.777715
12.003192,8.409287,3.546376,4.088999,0.304056,4.875162
10.675123,7.801596,3.169177,7.951257,0.409699,1.219803
12.330070,8.839659,3.600543,3.437991,1.419009,1.180678
29.014431,19.032965,7.641930,11.826049,1.167713,1.953831
32.048382,21.443497,19.117275,19.029940,3.241030,6.021926
31.115746,21.020504,8.745210,16.176025,2.105603,2.863544
10.402637,7.243345,5.489747,8.502980,1.290011,2.197131
22.607315,14.397033,6.055987,7.478175,1.122680,1.957797
4.196946,3.221264,1.697324,2.480994,0.721081,1.170321
8.001590,5.546536,2.611514,5.959816,1.282474,0.102412
27.038221,17.936472,24.615274,33.599388,3.743724,4.367828
39.673244,18.902102,14.250192,17.119957,2.253981,4.928989
13.087259,6.593704,8.280978,12.995751,2.353775,1.810893
17.698517,12.641552,3.852096,9.465344,1.761423,0.071005
19.096203,13.144893,7.368234,7.632655,0.570475,1.521934
7.078703,5.417828,3.639739,6.633391,1.396734,4.427681
13.323730,9.995790,3.583071,4.403113,0.721210,1.346847
10.068834,7.418324,3.091867,5.689697,-0.072119,0.957985
5.144035,4.045171,2.153897,4.690450,0.744787,0.673937
21.205414,15.340728,6.582871,9.380136,1.417550,9.298845
8.448158,6.217274,2.587281,1.040239,0.213098,0.400220
10.560863,7.655274,2.567961,4.587418,0.555764,0.759982
6.714357,5.022956,2.605022,1.935628,0.054118,1.534077
6.418505,4.653950,2.003858,3.300618,-0.219495,0.318382
35.452477,20.039551,13.890418,18.391232,3.192168,3.631227
7.783197,6.017731,2.603794,3.987613,-0.065113,0.448242
4.919459,3.419454,1.813023,2.221888,1.605107,1.171669
20.273521,13.953742,6.439290,9.458385,1.068595,0.526432
6.803911,5.219127,2.180684,5.316423,-0.096269,-0.085501
14.543260,10.099068,4.431364,4.594552,1.306642,1.524642
7.526351,5.054214,2.439381,4.089173,0.093916,0.521389
12.351992,9.159229,2.643631,3.881566,0.603693,0.456521
8.440353,6.133690,2.507207,4.742925,1.253828,1.540904
39.147621,21.232294,12.129769,17.210138,2.294093,2.204834
6.287582,4.523883,2.060395,2.990323,0.250423,0.700466
17.983807,12.650371,4.815538,12.262753,1.138580,2.843887
10.396261,7.723870,2.926115,3.161459,1.353701,2.525945
5.988793,4.276583,2.002245,2.068963,0.446848,1.077062
7.774480,5.797168,2.983288,4.979714,1.040152,0.144389
4.734819,3.692405,2.258591,3.173541,0.636860,-0.703735
14.097990,10.322683,6.452462,11.991952,2.173949,1.397756
6.136151,4.199247,2.271546,2.552856,1.017671,0.573189
61.260330,21.631746,20.975706,27.119272,4.463325,3.013413
57.611134,21.540802,20.166044,29.556744,4.099673,2.816818
6.619368,4.768234,2.131994,5.791859,0.232024,1.992112
7.670372,5.748274,3.231210,3.416083,0.501314,0.464494
12.152918,8.677052,4.214672,4.941465,0.702676,1.928700
4.436431,3.011918,1.897122,3.415782,1.265762,0.675056
11.649268,8.520149,7.204225,5.312002,1.231678,2.376392
45.890537,29.951448,60.548016,99.931404,10.866809,29.907850
10.067181,7.336773,3.479215,6.889194,1.324075,1.101786
17.251280,12.579402,4.513309,12.087180,2.104339,18.098873
13.156116,9.605952,4.331518,3.476353,0.784407,0.599481
9.928283,5.038170,3.873369,5.236284,0.540275,4.321209
10.312527,7.929067,3.184103,5.270985,-0.180699,0.187923
13.159495,9.430142,6.505102,7.549190,1.196607,1.662812
17.554323,12.875484,4.544740,4.009860,0.246313,1.302125
20.292624,14.330760,9.241026,12.363244,1.960841,2.457602
15.553373,11.392249,3.756636,10.528711,0.994911,0.661471
11.726268,8.842654,3.833801,3.626038,0.417144,1.574887
5.741755,4.521042,2.144404,1.613612,0.248253,1.540409
3.820597,3.132949,1.943143,1.378786,0.285789,2.229412
51.198784,28.913595,27.351580,40.973202,5.747314,18.007715
16.667612,12.260338,4.604738,8.843192,0.579503,1.033350
9.491128,6.693274,6.899407,7.442518,1.642608,2.268178
4.711349,3.529027,1.798243,5.065525,0.895795,0.397847
14.100539,10.089258,4.081312,5.852160,1.610863,2.535469
7.702013,5.790188,2.616984,1.176956,0.317401,0.998364
21.650513,15.625133,8.647818,10.966421,1.326044,2.378118
54.401440,30.039713,16.764696,23.129890,3.488218,5.015257
18.492100,8.134419,5.838199,11.410922,1.376250,2.517407
26.207874,18.521362,6.053216,9.965198,0.934033,2.255864
21.330908,15.001267,6.880621,6.632921,1.929678,9.227621
5.048976,3.826266,2.186529,2.969156,0.535206,3.796936
5.131270,3.749141,1.948017,3.273516,0.642836,0.332098
23.079702,10.182737,10.388145,13.978742,2.314335,3.571198
14.530486,10.615274,3.634604,6.500717,0.443730,0.769316
7.505992,5.415850,2.653216,2.979622,0.629392,0.183249
52.314453,18.205387,33.251019,42.838589,4.957054,9.428573
50.272228,18.205050,29.790421,46.379429,5.208509,5.912828
9.004752,6.674927,3.307181,4.782502,0.247947,2.549767
4.879483,3.486438,2.059726,1.548378,0.641080,4.615537
4.389369,3.360771,1.754349,3.979781,0.541952,1.273312
12.803029,9.171317,2.907378,6.277176,0.652922,0.270196
54.746483,24.926598,31.814177,50.440510,6.553720,5.872655
49.339031,24.936426,30.184841,52.650677,6.681630,5.224864
41.922577,20.513489,22.847027,37.459858,4.071067,9.200760
5.030630,3.633958,1.927684,4.429529,-0.042043,0.194683
18.364075,13.241900,5.096181,11.219320,1.303167,8.794151
18.162552,13.175535,7.437189,9.263941,1.265352,1.103816
6.289300,4.517488,2.200516,0.369302,0.239456,-0.171919
9.762206,6.685160,5.627714,9.166558,1.138278,2.213008
6.123706,4.542024,2.488116,0.877600,0.654822,1.407625
6.012326,4.668026,1.659046,4.126410,0.619521,1.861558
20.431688,12.431569,8.716586,11.302056,1.127497,3.073560
9.406539,7.042804,3.207112,3.643579,0.341711,0.818868
27.985718,19.419313,12.438702,17.593582,2.127670,3.506382
15.254728,11.231432,4.905401,2.622648,0.205132,1.148660
6.936338,5.160568,2.580254,4.448741,0.057635,0.303782
14.568098,10.342556,4.576180,6.674095,1.010566,2.495351
6.794839,4.915208,1.886530,5.504272,0.049902,0.974782
9.662736,7.150140,2.029862,7.167259,0.388422,0.748604
13.385631,9.579847,4.553511,7.677163,1.745376,2.244522
7.761660,5.443182,2.537375,2.213082,-0.077516,1.808452
4.548791,3.080308,1.889902,0.791554,0.638549,0.331372
13.131623,9.716374,4.291326,4.958946,0.937519,2.507813
4.434705,3.301605,1.905088,2.797035,0.292775,0.273572
10.346824,7.824292,4.358436,8.378164,1.067420,0.567352
19.755341,13.845914,5.246868,5.339737,0.516183,2.520056
6.806221,4.706379,2.019535,0.718466,1.812275,0.790349
11.967083,8.742831,4.181219,7.304888,0.737294,2.644223
4.945602,3.592034,1.678225,1.164834,0.437431,0.739471
6.357750,4.557605,2.232751,1.882727,0.223625,1.458863
15.740875,11.586903,4.169369,2.012690,0.680204,1.532977
10.054240,7.253510,12.385408,20.442739,1.979313,7.185428
14.265810,10.283548,4.825456,5.701227,0.636817,1.197881
9.792004,6.772892,2.782051,2.503674,0.892757,1.593968
8.690790,6.583818,2.913881,4.731923,0.531624,1.668585
14.198883,9.817029,3.873505,5.366180,0.791127,1.097346
6.434993,4.920019,2.487943,4.220672,-0.074755,1.226540
12.209672,8.546974,3.189818,3.279857,1.279389,1.580118
6.053820,4.475231,2.201378,1.014477,0.336523,0.888078
8.747539,6.230921,4.118764,8.722249,0.779019,2.107615
10.433068,8.016032,2.859185,5.428044,-0.216643,0.347207
6.983330,5.131203,2.221324,4.806763,-0.408086,-1.197030
6.189734,4.755158,2.290225,2.853230,0.044281,1.562888
7.729702,5.597490,2.754950,3.256433,0.112182,1.490774
5.117331,3.590059,2.104780,1.423412,0.051238,0.268925
4.443539,3.172385,2.211004,-0.218013,0.140396,0.980961
9.804010,7.327972,3.095063,1.684865,0.582441,0.382708
6.461447,4.536519,2.031135,4.743948,0.261471,3.341455
19.736729,13.233493,32.713879,43.269318,5.785407,5.861978
6.912585,5.226359,2.196657,3.087183,0.422117,1.928807
4.412184,3.317439,1.568479,-0.767646,0.389701,1.091457
11.579301,8.215915,2.651551,4.877519,0.249075,1.366873
11.394496,5.835745,4.576403,9.886955,0.020646,2.045068
30.775640,19.992550,12.885543,24.473177,1.918888,4.349955
13.518126,9.756704,13.016187,26.692919,3.214114,5.774693
24.723682,16.264002,21.212513,28.235846,3.197951,4.936918
14.317771,10.538985,4.341540,6.252492,0.825019,1.338164
23.960949,16.789925,7.745746,11.807427,1.486706,2.665316
11.658692,8.432855,3.749244,5.768157,0.056975,1.348341
9.038223,6.578907,4.105436,4.371287,0.352795,1.556561
22.263649,15.451768,6.952586,15.461053,1.983960,11.616916
23.968124,13.212702,6.452226,10.574561,0.932038,0.302839
36.311054,23.276722,23.859488,38.218334,5.371697,8.155310
7.034523,4.967677,5.364009,5.275792,1.033774,3.054408
17.200121,12.259835,4.280533,9.366619,0.334436,4.850778
7.631684,5.379539,2.256334,4.413070,0.414335,0.983714
6.241038,4.606133,2.551018,2.093066,0.619205,3.309701
4.186089,3.242805,1.784606,0.208646,0.602014,0.472016
10.131512,7.784585,2.715997,6.837428,0.746780,0.712596
9.314798,6.733456,4.548322,3.429260,0.474514,1.922545
6.470931,4.481345,2.773875,6.218825,0.109906,1.229096
48.014019,25.572210,20.116541,29.878311,3.639756,4.955325
10.279838,7.358168,3.234267,1.263927,0.438924,1.293595
10.998562,7.667513,3.081138,5.332102,0.869115,0.698897
7.662620,5.612411,2.919858,2.938937,0.879491,0.654977
7.503498,5.336594,2.133968,1.756233,0.438535,-0.203967
9.580583,6.874000,2.864395,2.647773,0.276800,1.027471
7.318483,5.255516,2.809202,0.408754,-0.384533,1.433891
13.544222,9.297566,5.345177,9.003150,2.053315,4.232073
17.175049,12.074943,4.793388,5.739617,0.313430,2.266363
28.730740,15.919846,8.626512,13.545345,0.827628,3.412669
15.322742,11.074946,4.560528,7.668289,1.087078,0.486598
4.802262,3.607366,2.170690,-0.352326,0.324619,0.024631
8.385514,6.311919,2.807551,5.114988,0.984012,4.056665
6.653690,4.644997,4.113809,6.928699,1.356538,1.630595
7.161207,5.391348,2.373400,1.707416,-0.059981,2.867934
10.763642,8.024200,3.310766,3.695420,0.041355,1.763040
6.491014,4.526722,1.915356,3.508691,0.630808,1.497199
13.653348,7.435274,5.049439,2.698676,0.375894,1.670330
8.977940,6.459097,2.279854,3.076065,0.579825,2.072208
15.115461,10.545279,8.843876,11.751874,1.485659,2.771419
19.580067,13.737151,4.749391,8.446880,0.691804,-0.291977
9.443046,7.013621,2.967989,1.005389,-0.117066,1.027798
18.487299,13.079083,8.503723,7.088295,1.860090,2.163611
8.045234,5.887824,2.583358,-0.149355,0.508091,2.473377
12.885715,9.278804,6.115485,7.331987,1.355840,2.415835
17.496109,12.524743,5.149460,3.523004,0.836373,0.397790
20.742517,8.588196,7.955817,7.381856,1.142196,7.362605
27.304947,7.872374,10.469600,11.547057,1.766569,9.670506
15.870337,8.538247,6.188615,9.256597,1.392398,3.954979
19.751232,14.234286,7.129916,10.815908,1.640820,2.158762
7.886535,5.673646,2.202749,1.740170,0.200052,0.197858
11.016993,7.924486,3.289751,2.684755,0.392232,0.640437
5.947317,4.157621,2.197588,6.403378,0.629790,-0.226631
17.915249,12.726571,5.106695,6.760924,1.143809,8.317490
14.962466,10.943403,4.401395,8.004563,0.402977,4.459715
15.979030,11.258122,4.936162,7.947316,0.788094,1.769086
9.091608,6.418056,3.063175,7.236628,1.913703,3.344538
4.694016,3.598387,1.923331,2.082524,-0.171315,-0.353437
24.618635,10.678274,13.210506,16.445015,2.616384,11.033953
41.179970,24.598913,33.870293,54.841644,7.801338,22.054604
12.661174,8.760547,5.324411,6.989231,0.521950,1.394426
11.684843,8.256376,3.081252,5.758060,0.776346,0.766405
23.567060,14.443954,6.739454,7.804937,1.330640,1.530136
17.554916,9.695647,7.170546,12.263103,1.134901,1.978077
7.647763,5.451056,2.642303,2.978802,0.562050,2.297136
13.066765,9.451026,3.927948,7.408137,0.348804,-0.031060
7.001187,5.326818,3.715384,5.736881,1.042305,2.174311
9.290169,7.032993,3.040827,3.721480,-0.338121,1.129385
5.782922,4.121461,1.694540,1.502533,0.037258,2.099210
5.847869,4.608737,2.057965,3.986473,0.262368,0.038502
16.141016,11.484639,4.809762,4.398973,0.602496,1.069956
13.082940,9.889750,4.028386,5.388647,0.887727,2.134830
33.407944,14.930424,15.058616,19.629110,3.223759,7.353246
12.132107,8.879566,2.732168,7.668984,0.436744,0.236272
6.430899,4.504281,1.730764,4.679598,0.024573,0.748915
16.391878,12.020324,4.575957,6.560974,1.581350,0.367495
13.013973,9.044366,3.517166,4.166505,0.319280,0.534461
10.759272,7.582600,3.301177,6.655822,1.051793,1.388116
11.824114,8.517756,3.702720,6.383579,0.945537,1.072363
64.469162,21.222496,43.339943,59.677540,9.694436,16.758877
11.740660,8.333705,3.850454,5.057872,0.314076,1.392130
16.201279,11.795363,8.391617,14.557000,1.664325,1.933295
5.440929,4.025391,2.037167,0.826082,0.519391,1.482447
22.163919,15.746521,6.018504,7.938774,1.218104,2.608230
6.525041,4.808403,2.596457,2.135263,0.208942,0.983143
4.041794,3.174056,1.667502,0.775994,-0.407354,-0.543812
10.497902,7.779798,3.029495,7.496019,1.071894,0.056379
5.115965,3.778071,1.590965,1.415477,0.050954,0.112507
5.392358,3.674137,2.409690,1.322116,0.154484,0.218166
9.996367,7.316268,3.148473,4.946961,0.590370,0.761078
5.694157,4.343242,2.181389,0.002641,0.760057,-0.194209
16.274263,11.775830,4.203537,6.163302,0.802365,5.362925
13.270927,9.394275,3.522061,4.693075,1.008795,1.369378
16.799358,11.883173,4.562592,3.769685,0.603390,1.462655
7.347505,5.422958,2.269162,1.098940,0.114827,1.105729
7.469331,5.384030,2.159230,2.282591,0.078368,1.039801
4.121112,3.103183,1.627016,2.551342,0.124452,0.607485
18.641743,13.164845,5.236684,8.284837,0.692024,0.876395
5.437320,4.398926,2.021361,-0.742382,0.104437,0.847486
32.973312,21.704159,10.790071,9.089240,1.468779,4.203927
10.124225,7.470538,3.036464,3.560039,0.614549,-0.334786
6.575391,4.734565,2.113607,1.944711,-0.192060,1.010110
9.053042,6.702530,3.426726,5.338984,0.457049,-0.507238
78.915688,37.281273,47.847706,79.679092,11.962490,45.295502
48.446651,27.009050,20.979750,32.973503,5.430267,33.740646
29.306208,19.240118,16.057404,28.478449,3.860420,4.677696
17.188866,11.749583,12.388783,18.139280,3.199505,14.291024
5.695622,4.487909,2.512544,2.118974,-0.053574,0.695762
12.150422,8.628196,3.404975,5.478709,0.318130,6.337537
7.553755,5.326317,1.967837,4.826673,-0.107670,0.863431
13.043613,9.536181,4.131032,3.244025,0.366190,0.801237
13.206133,9.281827,3.715803,3.791248,0.990973,1.696754
27.582424,19.566698,10.789064,12.790372,1.820846,1.637787
9.131717,6.248689,3.179952,3.256303,0.160651,0.461674
5.957822,4.568979,2.005299,2.341266,0.253101,0.238735
5.148021,3.603265,1.923449,2.392204,0.342478,0.406508
25.423363,11.107305,7.623268,11.498670,0.793098,8.041247
27.421730,11.187912,8.600494,13.841515,1.227167,7.781568
13.045887,9.116419,6.051686,6.271754,1.726787,0.751040
4.297656,3.150038,2.329581,-1.412541,0.088477,0.654459
45.241550,19.057856,15.569652,24.242979,3.655359,5.956699
9.385188,6.765057,6.024493,8.080163,1.389720,7.651383
14.035960,10.215580,3.681628,6.976438,1.229670,7.815508
9.571432,6.856162,2.477037,2.965063,1.014915,-0.703208
14.148004,7.966981,4.926293,8.031864,0.796778,1.606746
7.663885,5.413194,6.584754,4.526105,1.226324,2.397195
13.533134,9.786355,4.416980,2.861880,-0.052449,2.317133
5.786428,4.610323,2.116524,1.828318,0.108593,-0.788434
16.570780,11.462157,4.039652,7.831117,0.576598,0.989573
6.797291,5.010955,1.802954,3.098387,0.030649,0.376910
4.078269,3.088503,1.700966,4.422583,0.402211,1.583050
13.609945,9.605989,3.565678,4.585384,1.003854,4.023209
10.612998,7.400254,4.632986,7.510481,1.310665,0.937659
9.125431,6.756395,3.657632,7.235673,0.972081,0.135454
8.511335,6.370446,2.953443,2.088164,-0.032163,0.251452
13.235555,9.232210,3.731502,4.296866,0.633212,-0.332581
7.432984,5.468071,4.512247,7.416855,0.991560,1.210491
7.341929,5.436310,2.918433,4.885350,0.772128,0.718625
7.641707,5.838912,2.803917,3.178674,-0.526481,0.680066
10.173209,7.165664,7.595388,14.835658,2.743997,9.296349
26.099773,18.649000,7.564072,11.845146,2.199934,2.471342
4.984594,3.963885,1.905217,0.174844,0.557034,0.555975
5.926505,4.347472,2.279823,5.158648,0.486046,2.811907
54.748787,26.978897,49.678097,67.583931,9.430601,17.256220
25.688499,16.092516,31.573013,42.099892,6.657466,5.628583
24.182697,11.272942,9.424500,23.506229,3.611935,5.150578
4.634320,2.975730,1.190868,12.446739,1.746076,1.467318
49.543987,29.591702,69.977554,106.170654,16.236130,28.730330
83.614304,39.995811,71.670670,121.284859,17.295414,31.510025
34.822102,12.262592,16.029432,38.630165,4.538800,5.973377
59.027855,27.511536,32.647697,52.611290,6.635081,8.245787
48.341671,28.065397,28.396051,47.988976,6.634099,10.934086
26.238537,12.336686,17.235880,28.229784,5.114826,9.792227
52.205059,17.681425,78.060768,125.175613,18.020330,52.697964
67.098740,17.610550,90.577042,141.940002,20.092463,59.954357
177.834732,52.824570,206.125137,276.535919,38.256310,71.151329
148.548584,38.114639,224.095840,324.065277,49.490261,107.385895
185.617996,45.777031,358.551056,489.112976,67.286613,137.260757
200.798874,49.069061,280.033478,387.573578,49.421474,92.335831
186.861618,50.655380,179.527481,270.684082,35.459042,69.554993
138.608124,50.585392,124.676590,193.895828,26.409681,55.555935
57.751873,18.731411,38.745007,77.196548,13.283354,41.097157
127.814133,42.186554,80.904015,136.728043,21.118914,54.878090
61.784782,20.854067,109.212845,147.449371,21.783710,49.099533
19.244141,7.106084,11.528183,20.632759,4.005312,7.126598
95.136627,44.069542,119.638840,152.971313,22.373425,32.254433
84.524521,43.990421,125.402359,185.115417,23.144390,31.029396
5.169470,3.848127,2.048345,7.342739,0.990674,0.363922
22.618576,15.778516,5.556687,9.943134,0.681080,2.498335
4.430049,3.399382,1.606444,2.068659,0.527377,0.943919
10.145011,6.806965,3.993867,6.869939,0.887553,0.980950
13.079782,9.181407,4.651104,4.196446,1.503561,2.073017
10.663096,7.667794,3.637628,5.972940,1.367013,0.454400
4.157447,3.339253,1.597331,1.187608,0.156143,-0.206036
8.369070,3.106169,3.832423,6.550623,1.023044,-0.202814
11.472291,6.934554,4.358895,8.380150,0.940138,0.765544
8.314312,5.726080,2.489358,6.139805,-0.197836,-0.173736
15.458059,9.622725,5.072427,5.703742,0.764243,1.741868
16.444546,11.876470,3.647619,6.133118,1.191310,2.316031
3.950670,3.114596,2.048634,1.025471,0.216497,0.173768
26.773563,18.626930,8.186153,8.398600,1.086628,2.500797
20.718307,14.745212,6.347413,8.915507,1.458272,1.640871
10.723526,7.681202,3.927548,7.660109,1.041086,0.640272
10.757955,7.859140,2.934254,5.098026,1.139492,1.496148
6.687279,4.533160,2.324249,7.498128,0.133484,0.802304
6.032773,4.553900,2.262048,3.648932,0.776599,2.794293
26.800362,12.523552,8.341440,11.736568,2.127263,16.796915
38.305271,19.424946,14.170349,25.708691,4.144620,26.100670
36.199970,17.853802,14.975511,21.906328,3.941010,26.968018
64.974854,31.000664,99.165756,164.324005,32.093594,96.952187
17.804296,12.762171,5.794830,4.413558,0.505388,4.342956
14.126893,9.811289,4.365414,4.861811,0.649782,0.942265
34.896454,23.905933,14.814621,18.861095,3.366013,12.756695
5.260655,3.712954,1.998302,2.154918,0.587754,0.697694
12.262100,8.737306,3.047524,4.230568,0.350582,1.663506
15.973229,11.286587,7.691367,9.936088,1.255483,6.499588
50.470871,22.136414,13.251089,14.588821,1.750317,6.228005
51.550892,22.187952,14.268313,21.537560,2.438953,5.513477
20.856054,14.765150,4.432404,8.272289,0.527702,2.411022
18.841879,13.395446,4.769398,6.729134,0.143211,3.369386
11.190758,6.515827,4.848168,6.217885,0.947838,2.433906
11.512137,8.000094,4.963666,5.364830,0.454475,0.661038
27.899393,18.775692,7.622081,7.950557,0.570705,1.852778
51.693119,22.592337,19.136366,22.393415,3.933157,10.555512
62.182266,22.528688,24.559103,29.276016,4.280564,11.068227
56.417892,30.021334,32.849037,42.470024,5.499327,11.905602
23.781734,16.622639,6.487076,11.082507,1.041906,1.095132
4.320567,3.105654,1.787817,1.122302,0.501968,1.783844
16.297256,11.775390,4.266946,8.428598,0.659067,3.712887
38.854427,24.607571,22.405544,29.497086,4.468329,17.217838
6.289264,4.553584,1.782489,1.637614,0.095146,-0.275896
5.478442,4.172629,2.101721,3.506965,0.509832,0.660078
19.894014,8.943476,5.652874,6.345215,1.226814,2.772731
18.226555,8.965467,5.399688,5.587302,0.928498,1.830822
11.391134,8.123117,2.740935,5.658101,0.622756,0.759682
14.090281,10.273581,4.661451,7.620890,0.695100,1.656384
5.425432,4.005507,3.202471,5.984380,0.421694,2.742903
5.363021,4.095075,2.051740,0.427136,-0.061129,0.111707
47.656925,17.816370,40.397629,46.401489,8.202477,18.344444
46.946293,17.852922,40.089508,50.004593,8.228511,16.859198
8.438613,5.829094,3.132850,1.514602,0.618499,1.178314
6.055678,4.239994,1.654062,2.466079,0.503625,0.591765
20.233088,14.134793,5.407647,4.880909,0.517687,3.819415
11.359632,7.984720,3.142120,6.475726,0.559441,2.427490
8.720094,6.172363,3.762673,5.139733,0.114167,0.268843
6.216130,4.605418,2.263389,5.729924,0.115198,0.702535
4.315731,3.059899,1.491966,2.476668,0.441479,1.060260
20.407673,14.531430,7.622194,10.588642,1.719779,1.974716
16.539452,11.442401,5.249657,6.147147,0.862096,2.656825
8.077375,6.106452,4.887000,5.492065,0.492867,0.534869
11.823460,8.181423,3.819155,5.316386,1.272659,0.599000
6.796874,4.762112,1.559427,2.518814,0.928145,1.507530
36.181370,14.784866,18.286886,27.157486,3.521251,9.363446
34.660236,14.825887,17.366196,29.162540,4.143658,6.980432
6.478552,4.386080,3.622964,4.666086,0.845258,0.461086
13.839646,10.419920,4.316531,5.336622,0.937950,1.120329
6.427385,4.633428,1.880085,2.144343,0.277559,0.433014
20.278751,14.426644,5.178640,7.848748,0.523881,4.974882
26.291832,14.635278,10.272157,8.540092,1.830892,3.690813
42.456062,26.881292,12.813149,17.297234,2.207260,2.758797
12.177481,5.896552,3.663654,9.560087,1.018514,1.616618
12.427196,8.866625,4.052215,6.327552,0.829649,-0.082988
4.554611,3.517385,1.457859,3.956858,0.789117,1.046789
12.159084,8.836103,3.739799,3.132418,1.248404,0.837665
6.441638,4.330312,2.170875,0.007738,0.596514,1.521005
4.327339,2.987902,1.873769,2.193346,-0.191205,1.023957
14.462369,9.969727,4.153184,7.048730,0.923051,0.709961
15.729921,7.804745,4.511856,6.541363,0.285238,1.167243
15.187017,8.107418,4.318072,7.566490,0.011495,0.834843
46.887665,16.759007,46.976120,63.047924,7.288898,15.494848
33.353474,16.662722,17.044163,24.503986,2.821796,15.972013
8.361444,5.791851,3.195847,5.626390,0.021502,0.561622
14.406859,9.706568,4.083454,8.925295,1.219574,1.186399
6.908487,4.920066,2.385639,3.136387,0.158269,5.788363
9.168527,6.545747,2.674396,3.440758,0.601991,1.281685
12.307808,5.129946,3.643023,4.352704,0.402031,0.174836
12.060725,6.334352,4.308640,8.467415,0.329133,-0.003366
8.251422,5.965425,2.473519,1.310219,0.573215,1.527435
10.615865,7.193379,2.811752,3.423020,0.663718,-0.373136
3.894935,2.901063,1.868125,3.091479,0.331253,0.321872
5.940770,4.285276,2.004592,5.089279,0.942813,4.359777
4.105652,3.179628,1.714388,1.443864,0.083342,-0.274630
14.462275,10.237135,4.347707,7.728857,1.511577,0.408709
15.469086,10.597212,4.191566,10.072836,0.584449,2.245345
19.199926,13.467016,4.004366,8.708536,1.008063,2.490960
22.407629,12.351465,8.628080,12.007052,2.081124,5.154086
45.356121,27.913467,14.666730,25.127998,3.015600,3.069481
14.415270,10.041110,4.033045,7.380662,0.846205,1.620115
4.048493,3.008727,1.908352,0.242399,0.752182,0.511872
19.750439,14.044220,8.992488,14.374873,1.237901,1.801766
4.167093,3.083244,1.830352,2.571651,-0.340398,0.581997
10.743837,7.826176,3.066376,6.409534,1.505007,2.432804
7.068751,5.156913,2.543911,3.935104,1.046133,6.462444
6.640393,4.500226,2.293952,0.931061,0.598525,0.741875
6.701627,4.992954,2.126322,4.503990,0.589900,-0.189374
15.384714,10.790732,4.446551,6.708098,0.784826,2.061898
9.519007,7.151877,5.513840,6.767775,1.440673,2.233364
8.290818,6.128865,2.412342,4.703401,0.972824,1.683033
5.396835,4.130198,2.355589,0.597687,0.900506,0.475051
15.614741,10.641958,3.767393,4.667115,1.065823,2.504884
15.674599,11.284176,6.675071,11.580948,1.552398,1.295593
12.850410,9.340690,3.917137,3.461426,0.667195,1.237650
27.086596,9.366453,16.566898,22.168650,2.717289,11.599419
22.589022,14.365645,8.820933,15.409396,1.618204,4.110240
6.701957,4.985739,3.185871,3.218405,0.322666,2.115339
34.317032,21.745205,13.882982,19.533276,2.414765,2.177740
9.836931,6.972245,3.223348,3.391504,0.540710,1.272792
4.623474,3.496555,1.683149,2.855909,1.274070,-0.285109
7.603933,5.440444,2.934031,2.946722,0.964899,1.467692
4.430154,3.222170,1.343748,2.287030,-0.398593,-0.424601
25.002287,17.213577,8.055905,13.175840,1.482756,4.906353
17.342224,12.213699,5.178118,5.148574,0.405517,1.126290
10.062089,6.575975,3.919250,3.742260,0.261606,1.007008
13.638290,9.437185,4.444612,3.625683,1.006003,4.928158
8.378376,5.868487,2.179981,1.543148,0.570888,0.422355
9.677162,7.140762,2.906867,6.784230,-0.139078,0.306615
19.052019,13.630162,5.378190,9.107855,0.992403,6.710987
11.029646,7.589629,2.970536,0.457601,0.366480,0.441943
16.550945,11.538649,5.529696,7.112168,1.283291,2.417238
7.320195,5.442602,2.315622,4.107253,0.757702,0.890394
11.703641,8.476800,3.156176,5.720310,0.801135,1.617404
9.504087,6.844744,2.904324,3.879056,0.568063,2.478174
11.212235,8.026586,2.884664,6.212332,1.204858,0.952026
5.912646,4.262834,2.097136,3.514404,0.005906,-0.164329
15.643822,11.242831,3.474722,3.680132,1.005736,3.090145
11.477418,7.997557,8.475988,15.841011,1.265537,2.193352
4.514817,3.120078,1.942164,3.698990,0.553308,1.268278
4.870064,3.596914,1.871617,1.333271,-0.079470,0.543043
5.942691,4.352959,2.313177,3.375079,0.084676,2.811674
5.367861,4.022039,5.119730,11.880341,0.949471,1.285775
6.293187,4.552459,2.101290,0.774484,0.438311,0.662815
6.001100,4.279591,2.121706,3.515298,0.528751,2.100329
4.616079,3.259243,1.905550,1.529190,0.668815,0.826388
4.394169,3.351255,1.637985,0.707412,1.210267,0.236302
4.663175,3.012121,1.590410,3.306769,0.428110,0.622846
13.386041,9.753130,4.405978,4.642092,0.468206,3.510818
7.448496,5.710955,3.528899,7.192502,1.510394,2.674357
11.386261,8.431772,3.185387,2.846327,0.333874,1.648465
15.171091,10.818691,7.145123,11.741925,1.044850,1.628614
13.278941,6.664426,6.243645,6.243864,1.731729,3.014988
15.718443,9.862519,6.131141,9.148887,1.535269,2.234051
22.345552,15.614222,5.521782,9.542920,0.469067,5.792295
6.980183,5.308964,2.241436,3.510122,0.211525,-0.038746
4.926627,3.621443,2.058064,0.811743,0.219491,1.172037
9.982865,7.414454,3.265813,5.648930,0.582257,0.516747
8.181273,5.781469,3.227073,3.921374,0.250516,0.690724
8.529344,6.056639,6.301649,10.292093,1.817310,3.180696
8.815049,6.603251,5.789993,6.796887,1.302870,2.691761
8.073450,5.765812,2.571372,3.051286,0.322119,1.570420
6.248068,4.647381,2.298488,3.657102,0.085847,1.215403
7.699299,5.490828,2.105865,3.094104,1.294872,0.777992
37.996700,26.126362,9.778494,9.978095,0.311591,2.302979
18.918217,10.499850,5.206168,9.026709,0.855656,3.020901
8.727802,6.363007,3.331670,5.418688,0.064840,1.778940
13.599220,9.875079,3.323327,24.462997,9.983644,27.833361
9.537241,7.128470,6.046324,5.033566,1.539451,0.828741
9.817767,6.929113,3.484649,5.527572,0.578249,3.041718
4.805764,3.451483,1.839071,1.890924,1.039240,0.373144
8.926168,6.297344,10.402758,14.168101,0.762678,1.317693
11.524774,8.389640,3.698511,4.184614,0.690243,0.633534
6.718221,5.000481,2.143455,5.647318,0.196974,1.213651
11.457451,8.484875,3.771854,1.037594,0.726914,4.954359
7.700928,5.485511,2.211814,1.255084,0.047191,0.504051
10.200014,7.631345,3.368049,3.865464,0.886296,0.272626
7.377061,5.586466,3.218636,1.187028,0.357310,0.801090
6.640571,4.775045,2.530985,3.794073,1.025182,0.655816
8.000916,5.775147,2.901914,7.846950,1.134381,2.009306
4.807786,3.883290,1.383308,1.843498,-0.836570,1.817230
12.979596,9.087286,4.131499,6.594387,1.003804,2.173311
15.189471,10.492985,6.969219,10.705667,1.788739,2.365028
8.494363,5.953640,2.805090,3.197744,-0.057332,-0.021350
6.925111,4.965062,2.790219,0.317410,1.023840,1.645282
5.755917,4.164511,2.146769,1.383120,0.214024,5.980763
5.890011,4.529012,2.097639,0.470628,-0.098186,1.379016
6.509926,4.921390,2.455867,1.419263,0.800280,1.591964
44.005650,16.483940,29.259134,48.019138,7.782351,9.794772
62.656029,22.889839,36.200191,63.809902,8.805200,11.659124
8.789532,6.544814,2.782228,2.932186,0.394169,1.174202
13.140856,9.263445,5.864256,9.094685,0.667222,2.072574
9.284911,6.596276,3.571176,4.146965,0.551900,2.004642
13.638805,9.724702,3.736301,7.267993,0.350608,1.454501
64.560020,31.272415,54.010300,90.407501,9.910872,11.187920
53.598469,28.042019,66.355713,95.866135,12.048727,16.430450
13.362182,9.848965,3.534196,5.955504,0.374012,2.863569
9.656606,7.107057,2.980054,5.687688,0.625904,-0.062001
21.839399,13.291818,5.747599,9.058191,0.840338,0.427153
15.600181,11.047124,6.498209,8.279749,1.515953,13.578158
30.298594,14.671289,24.602661,27.968439,4.058995,9.204717
25.320736,11.408052,21.441349,27.862619,3.103907,6.640041
6.098432,4.023329,2.172784,2.556780,0.371810,-0.019098
24.402458,16.687056,10.358564,14.954732,1.724661,10.156262
5.383627,4.218320,2.005105,1.882002,0.037029,0.553351
7.285288,5.400270,4.158056,8.133635,1.003686,1.444260
5.217710,3.705544,1.634122,4.328380,0.052370,0.989291
17.108957,12.002696,6.714566,7.982085,1.051374,0.459613
9.135309,6.672570,3.010173,3.011300,0.395574,0.326009
16.289373,11.694452,10.105618,16.687002,1.732405,2.832865
12.157362,8.770815,5.863864,8.738992,0.763392,1.652714
16.684509,12.176154,4.213626,6.591154,1.718583,2.404254
7.698829,5.744250,2.435050,3.790328,0.224977,2.077935
4.082418,3.037044,1.835297,2.189996,0.421627,2.997923
9.252645,6.566052,3.132218,7.079980,0.617001,1.422043
5.116014,3.766232,2.519652,0.639579,-0.338551,1.530827
5.807576,4.300533,2.167737,5.040822,0.296775,1.207993
8.817703,3.840321,7.452766,7.260874,0.958480,12.716308
4.458848,3.325720,1.672745,-0.705862,0.627009,0.715181
13.450567,9.944586,3.201163,5.288263,1.335040,6.723262
5.762982,4.523896,2.253484,1.720306,0.117892,5.809693
6.237842,4.387180,3.042522,3.780768,0.797050,1.680188
23.638260,16.521631,5.766376,8.937164,1.137105,2.297785
5.723465,3.987960,2.223832,4.296948,0.194234,-0.124040
4.413164,3.335350,1.828761,2.792793,0.547870,7.151631
15.816357,10.989202,4.573535,4.611903,0.900565,1.040775
16.060362,11.659992,4.437664,4.186516,1.466368,0.591828
18.025919,12.712906,12.218253,14.261848,2.308203,3.927703
13.047299,9.354881,3.294820,7.003768,0.667439,2.690754
12.911679,9.241443,3.693397,3.491142,0.635309,0.915720
7.328997,5.093580,2.227293,2.863555,0.286009,0.317435
11.012982,7.643004,3.095172,5.075835,0.813797,2.092185
18.362196,12.759918,5.177002,8.005530,1.578230,7.440229
7.098193,4.800103,3.521281,3.821001,0.171864,0.710041
9.100907,6.549145,2.440986,4.541198,0.703007,0.283121
10.512221,7.596656,3.633228,5.208333,0.792772,1.634034
9.369896,6.735172,2.766939,4.034106,1.439828,0.150889
15.893497,11.413254,3.582397,6.770407,0.525616,0.265509
13.185244,9.821695,4.402175,9.190822,1.586450,2.762099
15.118532,11.056606,6.270261,11.411139,1.977940,2.440005
14.363426,10.471227,5.812868,10.050103,1.531151,1.569110
4.176406,3.187336,1.640972,3.405992,1.499469,2.536350
4.876991,3.741977,1.893180,4.803687,1.127822,1.829497
20.350370,13.902500,9.708678,9.796378,2.016810,3.683159
14.049412,8.495763,5.431828,5.787543,1.001002,1.750358
7.569928,5.155176,2.623286,2.293361,0.917653,1.565110
11.796166,8.536063,3.967440,5.622924,0.112048,1.081505
14.805754,10.148305,4.463412,9.001683,2.081680,1.386243
8.751879,6.283916,2.526306,2.427343,0.387709,0.805938
4.575599,3.333577,1.636761,5.208508,0.568061,0.479233
8.203286,6.048463,2.933942,2.210537,0.675954,2.594447
10.072028,6.112630,3.449723,3.377703,-0.252819,0.012435
18.330288,13.298227,9.884064,18.215014,2.130335,2.207106
5.041317,3.770252,1.916192,0.418137,0.352484,0.169823
4.787169,3.381804,1.905149,3.593911,0.010980,0.348236
35.693810,15.305761,14.683023,18.805861,2.859682,7.823463
39.233429,20.869267,21.379211,33.807938,4.639470,8.907717
11.039984,7.703810,2.849265,4.514082,0.820520,0.837404
25.414457,13.334792,7.965608,10.312626,2.182444,4.192610
29.456116,16.010466,8.958287,12.191912,1.793547,5.466909
53.467041,19.913408,22.367914,27.366863,4.224434,7.706332
46.909889,21.097706,21.533308,28.781536,3.562824,6.865672
5.748916,4.266695,1.992068,2.229359,0.271120,0.705471
6.675303,5.181407,2.762287,-0.937557,0.172862,2.104168
12.622392,9.288497,12.784305,14.319765,2.953672,7.711124
5.929528,4.338140,1.986352,5.130977,1.197522,1.699555
9.121561,6.400782,3.426672,3.932846,0.400628,1.223455
17.076662,11.815580,4.632681,8.891564,1.275814,0.253108
15.282403,10.665825,4.501369,5.234713,0.589344,0.330656
11.096037,7.872569,5.324603,7.698534,1.493224,1.451909
8.980048,6.390208,2.854870,6.035200,0.581074,1.208047
8.790716,5.963533,2.763734,2.666958,0.627608,0.065591
22.812366,14.427529,5.065908,8.503010,1.262234,1.336325
13.735889,7.367326,4.034661,7.191186,0.444979,1.834882
7.725741,5.476387,2.695492,2.954255,0.615214,0.262028
10.998765,7.774719,3.181687,9.330313,0.721052,3.956826
7.688637,5.582880,3.068244,1.495147,0.801195,3.237918
11.309316,8.424266,3.343116,5.247884,0.469303,1.736316
7.793268,5.710592,2.705980,4.469590,0.309174,2.621214
8.226463,5.801123,2.949877,2.754407,0.486780,1.001923
12.218678,8.947440,3.637739,3.031143,0.735289,2.034054
10.520242,7.401360,2.897259,4.266817,0.832997,1.828843
10.872635,7.800687,3.693933,0.437656,1.525910,2.065605
35.587204,23.807034,12.165169,14.260057,1.503948,3.268618
8.379356,6.059211,2.881304,4.149539,0.742149,0.725367
6.371276,4.847402,2.434412,3.174277,-0.087464,0.532942
19.624573,13.613804,5.089145,6.565815,1.190774,1.839507
12.328105,8.523704,3.718054,2.857779,1.320444,1.520420
15.665957,11.166389,4.419090,7.991830,1.115425,-0.272805
12.507600,9.105337,3.652101,7.581031,0.571772,0.784141
11.557601,7.918874,2.471519,4.625856,1.993239,0.515930
32.473255,21.856136,9.830000,16.796276,2.238830,2.144825
4.786788,3.566735,1.752262,0.190732,0.176446,0.275596
6.798131,4.629462,1.663717,3.751976,0.709248,1.393599
5.272724,3.886570,1.886343,1.929417,0.805905,3.972956
22.050585,15.241895,5.768381,10.045561,1.236678,1.030396
11.455357,8.118371,3.421488,8.078061,0.954647,0.051238
10.583846,7.487690,3.053797,8.142369,1.278527,1.435697
8.469766,5.735751,2.683735,2.868978,0.650346,0.575988
4.443091,3.577157,1.814417,0.870538,0.071506,0.624674
4.090491,3.124386,1.297767,-0.015305,0.498087,-0.050656
11.932708,8.439861,2.415610,11.014543,1.772890,1.099303
7.370568,5.463804,2.636656,1.330088,1.205886,-0.013528
8.337668,6.139369,3.233222,2.316955,0.509419,1.763311
10.177669,7.348429,3.546694,1.556074,0.097902,1.678805
16.401922,9.909550,9.001063,9.758027,1.811047,1.538060
4.185815,2.978652,1.943406,2.190813,0.045634,-0.372700
6.174921,4.592681,2.396301,3.344045,0.861892,1.132139
4.907919,3.841749,1.884936,1.677271,-0.029377,1.277599
6.673269,5.167592,2.940127,3.778018,0.717181,2.269629
8.555476,6.161127,2.948722,6.187293,0.716977,-0.704656
19.745317,13.975502,4.902319,6.354300,0.704513,1.272921
16.922997,11.970750,7.278892,6.534149,1.039857,5.920480
8.322204,6.086744,2.435283,2.598759,0.120580,0.184228
15.458886,10.658044,6.311687,9.979390,1.335917,7.989143
11.117276,8.126011,2.817999,2.001281,0.204708,-0.360827
4.572650,3.051292,1.655815,1.357182,0.132275,-0.279553
5.835785,4.094178,2.309949,3.685380,0.440781,0.379280
12.665416,9.026951,4.045871,5.896137,1.185123,1.437102
6.388763,4.635939,1.713968,2.916097,0.762852,1.498544
6.818871,4.665889,3.774809,6.595790,0.856063,1.010388
4.788592,3.576796,1.998521,0.900468,0.606143,-0.241669
10.595680,7.379405,3.435725,4.209366,0.075675,0.260783
34.328674,22.855043,28.485846,39.414616,5.623119,19.509182
3.788308,3.010874,1.571038,3.940384,-0.315636,1.225628
13.723816,9.878342,5.058043,5.853529,1.712663,2.573415
10.040258,6.989097,3.144997,2.319415,0.098603,0.531480
4.132290,3.202594,1.696174,-0.486250,0.231210,0.866247
25.058807,14.536255,8.388141,9.417578,2.068238,2.829500
8.718761,6.167150,4.697281,4.506625,0.829961,2.465216
15.206938,10.964620,10.074712,14.349513,2.197530,2.421465
11.481171,7.966516,4.122368,5.453104,0.709982,1.955656
5.205829,3.609478,1.719158,2.663145,0.443152,-0.671597
10.562959,7.711728,3.915802,4.429173,1.119472,2.459923
6.484214,4.994811,3.009466,5.950796,0.432855,0.106686
6.492631,4.655493,2.700629,3.753447,0.915434,0.461933
5.731670,4.524512,2.263075,1.442260,0.451561,0.735735
6.627964,4.820929,2.137067,1.175720,0.299274,0.123812
5.864249,4.563056,2.122679,1.323157,1.027374,1.979687
5.320299,3.801759,1.932179,5.472985,0.052962,-0.122872
4.329500,3.409502,1.541273,1.926746,0.213842,-0.338844
12.945291,9.769440,3.811823,4.829646,0.682004,1.133442
10.362902,7.709713,3.380356,7.078403,0.736190,-0.532100
5.401606,4.268083,2.143289,3.031560,0.493871,1.241652
9.855738,7.476730,3.385660,5.102207,1.210161,1.597857
6.100098,4.606144,2.157535,3.113067,1.025758,4.314297
4.861038,3.700799,1.951978,1.219589,0.588365,-0.299952
12.412395,8.776549,3.272230,3.980518,0.153258,1.767933
41.626049,17.179441,15.151926,25.096188,3.576257,4.159770
38.699902,17.240593,14.758240,26.396078,4.096147,4.070124
17.725166,12.627131,4.981608,6.080688,1.381310,3.474322
5.571599,4.004610,2.071351,3.412690,0.500015,-0.216383
17.799442,10.862043,4.685001,8.337764,1.211148,1.158473
20.134909,12.858339,5.395970,9.279241,1.237158,1.102378
5.997970,4.133755,2.682920,1.941751,0.722851,1.734540
5.687706,4.266798,2.401131,2.675015,0.771690,1.057836
12.146785,8.743145,3.249969,3.729444,0.358158,1.319743
5.413455,3.793609,2.530067,0.739236,0.891258,1.282641
10.756428,7.906904,2.847617,4.070969,0.491954,1.439842
12.039427,8.853237,4.626127,3.885147,1.067975,3.427815
8.382317,6.012145,2.497081,3.486839,-0.377667,1.371772
6.438413,4.618467,2.390122,1.278736,0.214160,0.739569
15.184029,10.640493,4.761356,10.302292,0.785804,1.589136
21.065901,15.327497,5.737708,6.773016,1.960444,1.933205
7.745153,5.406898,2.776259,2.787795,0.287289,-0.039621
19.499262,14.168969,5.111539,7.354086,1.172766,8.236411
55.561016,32.702366,27.268749,26.521801,3.656634,7.001706
9.888661,6.986439,2.681602,5.304798,-0.079645,-0.088000
14.229790,10.459558,5.951807,9.136395,1.544241,7.853320
17.936012,12.720328,4.608846,8.632747,1.003378,0.698771
11.551464,8.482655,4.269312,7.822389,1.335484,1.959171
5.664366,3.923193,2.288042,3.449667,0.077617,0.110972
15.014374,10.015557,9.948052,14.722523,2.644456,5.656918
11.336339,8.645898,5.128149,7.027262,1.605630,3.327854
7.723498,5.381309,2.821737,4.354194,0.805184,0.404645
5.590053,4.351098,2.142733,-0.016566,1.454063,1.053395
13.410294,9.335767,10.514103,14.710767,2.373214,2.750140
5.670741,4.501687,2.109030,3.431703,0.847313,1.656848
23.746880,16.381386,8.439279,10.746734,2.074579,7.682909
16.221046,11.549920,4.541376,9.576316,1.952704,0.457938
7.972836,5.361653,3.376470,6.424307,1.174312,10.317481
4.025005,3.048020,1.961220,1.901469,0.401005,0.051742
11.263622,7.775314,3.433620,4.144933,-0.024249,1.906279
8.128079,5.564463,2.624901,7.042357,0.912077,2.608994
12.081849,8.816129,3.748365,4.656768,0.621527,1.372574
12.506603,8.607232,4.037342,7.580363,0.787418,2.345241
5.806456,4.223669,2.301333,1.578794,0.397769,1.017851
9.812449,7.068707,1.862551,4.745515,0.077793,1.051955
12.199368,8.770024,3.705543,4.306088,0.947653,1.109595
5.764847,4.313441,1.851883,2.241069,1.320082,1.653134
18.482224,12.679525,5.548776,6.758676,1.552547,1.365187
11.239423,7.962585,3.416264,3.390967,0.451527,2.294739
7.156643,5.141625,7.222230,8.605196,1.223853,2.879983
15.499422,11.295651,3.958701,8.296137,0.399891,0.228083
24.919708,16.610714,15.639106,24.653936,2.154906,3.956817
4.543880,3.464835,2.114788,-1.149655,0.529743,0.906223
7.507222,5.195965,4.604081,8.629933,0.761362,1.895023
21.204649,14.720725,10.581836,11.500914,2.066869,2.333203
23.134672,15.831799,12.310217,20.838745,3.697197,5.184634
4.916398,3.906649,2.456489,1.557395,0.496442,2.094926
11.618423,8.570532,3.454538,4.745646,1.144172,2.633727
6.341781,4.284760,2.321706,2.190664,0.708778,-0.319420
12.478274,8.931187,6.647225,6.896044,0.365767,1.761519
20.073181,14.471066,4.326100,9.368352,1.113876,1.350868
6.191393,4.260364,2.131072,2.851104,0.624599,1.443852
6.171942,4.634137,2.070081,3.217371,0.037865,0.929448
17.679218,12.593567,4.918844,8.463438,1.127789,1.797140
23.723101,16.235462,17.524164,23.186157,2.880121,4.863168
31.848063,17.180630,16.489128,24.282629,3.903007,5.839043
38.825985,21.793737,24.819561,39.449158,4.831816,7.646283
12.082065,8.939763,4.369900,8.711426,1.286251,1.668625
10.199239,7.533676,2.762863,5.429600,1.417386,0.941337
13.664016,7.813941,5.815841,10.131876,0.040914,3.358826
9.537556,5.273017,3.719884,6.477868,0.036182,2.583781
8.065919,5.945435,2.743188,2.925163,0.494844,1.501800
9.192614,6.563207,2.583623,4.703282,0.689798,1.555707
9.148553,6.572386,3.093582,5.869673,1.529843,0.857006
13.820879,10.189495,3.746997,6.303520,1.825542,7.134212
5.900674,4.249783,2.046762,3.704428,0.121753,0.129931
6.215885,4.317148,3.349309,5.084221,0.872257,2.515932
45.227192,20.897984,18.956331,27.167253,6.393003,19.609406
61.136013,34.821186,23.070843,39.712864,6.609664,5.008153
7.282218,5.280229,2.438390,3.161505,0.603192,1.495039
60.946373,29.684784,95.602806,134.709045,19.042259,32.588917
52.795910,23.320503,77.066055,133.057083,17.494167,23.950701
25.776569,13.661892,14.710799,39.949020,4.970868,7.495577
12.528111,9.434381,2.776575,3.389765,0.863545,2.712720
14.397270,10.284146,3.719299,5.385974,0.755516,1.958692
5.134828,3.605470,2.097137,1.646425,1.489419,1.863844
10.122477,7.493011,3.009187,4.915313,0.609420,0.520621
10.737786,7.531161,3.458969,7.814747,1.536981,2.088700
6.885288,5.030951,2.503237,2.683754,0.250327,0.685140
4.446975,3.337635,1.484082,2.416420,-0.510277,0.532380
12.998181,9.509818,4.292199,5.121673,0.768334,1.116955
6.020861,4.679881,2.915903,5.453699,-0.016539,0.285069
5.274720,3.971084,1.701115,3.225240,0.757902,0.132298
21.668100,12.260768,6.129777,5.967408,1.624266,2.468661
4.986516,3.711986,2.192431,2.710202,1.328402,0.763737
10.859502,7.133135,3.392212,6.212639,0.940628,1.041984
6.556617,4.806318,2.167845,3.942134,0.103892,0.474552
9.758987,7.212935,2.680777,5.427543,1.323672,2.009542
13.547698,9.710254,3.739179,5.244959,0.208621,1.004902
15.516045,6.026834,4.756042,5.450338,0.809037,3.540335
5.264650,3.669262,1.773350,3.695524,1.115567,0.938407
6.285111,4.529532,2.158252,4.267017,0.153820,0.075146
15.779480,11.487204,4.639400,9.187297,1.293812,2.956122
13.635691,9.629786,3.765333,5.932845,0.738931,1.357524
8.629538,5.924504,2.459667,4.084041,1.355271,0.648681
13.452772,9.485947,3.279736,6.827811,0.968110,1.135761
6.184950,4.435656,2.382827,-0.176209,0.369887,0.059507
18.125801,12.745461,5.365926,6.434927,0.481013,2.047507
32.032532,20.262644,11.569192,20.100241,1.860311,6.396958
9.150223,6.402652,4.930463,7.415980,0.596186,0.895943
15.290646,11.000031,3.567938,6.586141,0.774495,1.621738
5.245145,3.865220,2.301201,0.788230,0.204485,2.390038
13.420394,9.431030,4.356921,6.048895,1.046926,0.816959
8.025214,5.323284,3.755842,5.868558,1.237040,1.786992
11.441434,8.356731,3.584924,4.059469,0.831294,1.270249
5.729550,4.134334,2.413645,3.374432,0.275524,4.711653
32.147648,21.786331,9.853904,17.926949,2.892270,5.026091
52.615620,26.406361,43.437542,54.552696,7.387689,15.870407
58.655403,34.417473,29.282209,42.608292,54.475655,3634.835205
13.989442,10.015512,4.059552,9.403608,0.925806,2.007991
19.487265,13.655154,21.390793,34.879932,7.609525,8.232705
5.681558,4.435684,2.166246,-1.521260,0.757719,5.768131
11.068668,7.848829,3.210601,6.893772,0.374582,-0.758991
6.996497,4.943856,2.474571,2.876126,0.401202,0.782049
21.054094,9.401524,5.504147,8.216230,2.367025,4.201550
22.174046,12.148761,6.628722,11.473087,2.039369,1.691848
16.888969,11.619462,8.160506,8.193787,1.868546,7.757291
16.492657,11.297180,4.747271,6.621986,1.331086,0.828031
13.681048,9.783198,3.945845,3.604134,0.403613,2.039078
5.739537,4.085701,1.740309,5.666535,0.538376,1.129402
10.207555,6.958723,7.169896,11.366773,1.834080,2.672409
18.941423,14.181963,11.350588,21.017883,32.000256,2161.526855
9.053356,6.265431,2.334517,3.942961,0.223705,2.984872
22.721437,12.427936,12.173214,11.325437,1.785651,8.360957
23.127802,12.442609,13.621862,14.803569,1.958885,9.766920
15.404220,11.048585,4.350434,7.268260,1.078863,2.665204
14.717994,10.349421,4.659490,6.856977,0.930220,4.798106
3.892533,3.004821,1.768790,2.799793,0.824411,2.511806
49.751175,21.906324,27.324064,42.430744,6.242715,25.258547
51.345776,21.906012,28.784489,54.295288,7.111910,26.512377
29.974012,15.320619,10.403111,24.885509,2.658515,6.982253
26.281122,18.518841,8.691896,8.572753,1.698577,2.930037
12.229679,8.728099,4.843188,8.148678,1.833899,-0.023531
11.393661,8.400930,4.151976,4.159450,1.586679,3.645327
10.976071,7.703269,2.308150,4.798622,0.715282,1.310692
16.011806,11.257048,4.049239,7.605656,0.978176,6.893635
4.289582,3.097851,1.603827,-1.879684,0.752391,0.438528
6.409182,4.864507,2.328351,3.841525,0.370122,0.858514
7.179801,5.087451,2.285435,2.073153,-0.078005,0.796551
20.567642,14.549270,5.031975,10.828627,0.946736,1.381565
13.447895,9.571372,4.111259,7.843719,0.402544,0.505816
9.572467,6.748329,3.842660,4.489356,0.296808,3.549550
17.996601,12.141055,20.036556,35.306416,4.790654,6.797835
10.387033,7.598470,3.133712,7.563144,0.707407,-0.939211
36.752396,25.516701,10.478796,15.948284,2.276412,3.841326
10.516207,7.671746,3.103865,5.956720,0.286825,1.279848
12.405675,8.270027,3.382191,5.684276,1.006940,3.017655
19.933765,14.048172,5.565791,10.025000,0.990025,0.302250
22.402128,15.728354,5.456572,12.641713,0.931484,3.927363
6.817294,5.000903,2.146598,3.630711,0.409987,0.645478
10.962576,7.627792,3.462619,6.717908,0.594021,0.220804
9.928445,6.750307,3.303256,5.472290,1.249986,0.010485
12.013324,8.977766,3.155784,1.927121,0.574051,1.888461
5.820577,4.450109,2.594585,1.407081,-0.090318,1.602395
21.794422,15.506022,4.027754,9.725814,0.732716,1.207722
17.083567,12.567822,4.272132,3.178002,0.577591,8.032285
15.198560,7.038867,4.243388,4.372265,0.941877,4.329966
15.711159,9.554203,5.912413,10.841808,1.298067,9.021192
6.793713,4.916839,2.726553,4.183108,1.227954,-0.733480
7.296486,5.512155,2.857135,7.269893,1.044011,2.094117
13.003608,9.254283,4.026599,7.975723,1.553475,1.607106
28.085934,18.426256,14.784538,11.727215,2.177140,3.909333
8.022835,5.949308,2.724034,0.383168,0.379716,0.490658
4.750286,3.404041,2.315753,2.002687,0.513626,-0.101230
9.092055,6.463356,3.367092,4.020946,0.568078,2.602587
5.089584,3.595137,2.565160,3.939445,0.884116,0.429202
20.402718,13.968412,5.613811,9.068707,1.643347,2.710313
10.141754,7.337821,2.697599,6.926414,0.528567,-0.050131
5.694777,3.902060,4.591635,7.191036,1.065451,2.481746
11.412065,7.709784,4.818032,8.368111,1.669226,0.320483
5.941049,3.902670,2.248263,1.078565,-0.067067,-0.800288
5.991229,4.294119,5.252477,5.496554,1.099707,0.930719
9.480068,6.606650,2.713413,5.869964,0.229917,0.885377
9.089469,6.676848,3.091512,2.560792,1.148845,4.885788
8.861421,6.637918,2.826405,7.347247,0.351048,0.960749
15.932775,11.078602,4.628592,11.092414,1.591178,0.607987
6.295871,4.176298,2.362229,4.225035,0.959744,3.999102
12.354017,8.515546,4.243908,5.212140,0.125509,0.153463
10.943339,7.647781,2.956671,8.129636,0.229665,1.000857
6.295445,4.585757,1.721136,2.738262,-0.199318,2.146814
9.586817,6.783248,3.300277,3.199436,0.794993,2.227187
20.108238,14.505254,7.887908,16.810032,2.189648,3.748709
12.178019,6.814663,4.454057,3.618381,0.249645,1.456841
21.069672,14.952350,9.590903,8.043167,1.885007,5.842380
14.699906,10.503585,3.772316,6.313469,0.869467,0.328937
5.917245,4.451671,2.006669,2.687002,0.383529,1.191217
8.806136,6.305096,3.641772,5.270362,0.782922,1.644496
7.995684,5.628800,2.582719,2.644074,-0.035025,1.300424
5.264515,3.806481,3.248397,7.745212,0.978808,1.226995
15.630984,10.869125,4.518113,7.487998,1.044969,0.101562
7.399017,5.166073,2.451421,0.973620,0.168468,1.621236
4.782350,3.686405,1.927714,3.035907,0.732292,0.213521
4.296144,3.177955,1.781925,-0.702135,-0.202575,-0.663381
6.409126,4.498921,2.254303,0.171691,0.361787,0.207789
11.196581,8.050894,5.202761,9.042093,1.681386,0.599333
7.566610,5.523295,8.498382,11.907479,2.002759,9.003315
14.505532,10.720085,4.645481,6.650936,1.871105,3.071438
6.025172,4.566535,2.169943,1.859850,0.242834,0.608629
6.217130,4.094921,1.797036,1.721179,1.056797,0.441573
10.661712,7.951020,12.013757,16.889835,2.640615,2.358777
14.734329,10.604775,4.824424,3.693976,1.078404,0.271229
16.427395,11.351096,5.039476,9.976272,1.463586,3.673027
12.335180,9.169619,3.517233,3.960423,-0.016027,0.252253
7.002728,4.809279,2.244354,3.092933,0.930989,-0.355406
8.421958,6.428458,2.448925,4.499078,0.552621,1.923453
5.636238,4.159809,1.832633,0.185188,0.658746,0.076963
43.610382,29.482946,15.753533,18.366087,3.236577,3.954538
11.938506,8.783049,2.891335,4.051245,0.953634,0.974766
6.751719,5.145076,1.701153,4.279846,0.411823,0.661709
58.805450,34.038486,33.666172,44.260906,7.466493,44.492851
7.835252,5.517477,3.028121,8.970028,2.387282,0.568613
25.220879,17.687384,10.122425,13.235029,1.823190,2.903008
6.049209,4.319504,2.378754,3.793922,0.605772,-0.030086
5.676071,4.015932,3.706594,3.869445,0.752793,1.188779
7.055504,5.166183,2.118106,5.522592,0.888822,2.411010
9.173799,6.520883,3.178509,3.916410,0.959934,2.054646
6.271697,4.787855,1.833970,3.058980,-0.662484,0.825916
13.947301,9.940018,4.158309,6.454038,0.684658,0.389761
4.897119,3.711903,1.724046,0.282312,0.625007,0.117798
7.203200,4.795204,2.637129,4.685295,0.419860,0.411841
10.052670,7.330266,2.989174,1.646170,0.607459,1.182063
5.869660,4.468801,1.805160,3.119071,0.550483,0.236861
14.382778,9.915608,4.164736,4.073521,-0.120207,0.550336
17.978657,12.934791,6.959582,10.424110,1.206298,3.898623
4.225303,3.256704,1.968017,1.222519,0.250603,3.825969
13.304667,9.224271,3.918134,4.147242,0.764573,1.398105
5.013238,3.503708,1.720535,2.050498,-0.095893,1.038805
10.636807,7.500385,3.529076,5.286416,1.295529,1.281365
28.910444,18.213013,7.828884,8.775846,2.454006,12.975024
10.017270,7.261975,2.801498,2.151294,0.003466,0.968529
7.203188,5.307705,2.804453,4.393661,0.265918,0.630954
10.051052,6.962278,2.869328,6.125597,0.574824,3.441410
18.472605,13.087911,6.273031,4.928770,0.950764,1.736183
9.254921,6.630100,2.625190,4.729305,1.034941,0.069679
53.974545,18.344580,31.414755,49.528427,9.947115,19.670744
63.966682,18.245365,37.010033,59.930801,10.395718,18.396288
5.906067,4.057824,2.553185,3.552065,0.178773,1.799219
17.415871,10.842371,7.260273,12.874021,1.168721,6.763115
45.320023,29.406176,20.013643,28.876186,4.380163,22.242664
9.480745,6.711215,3.334709,1.487438,0.592349,1.639763
8.463272,5.987165,2.034059,3.577788,0.302373,0.683998
14.378736,10.433376,4.055974,6.073720,1.324697,1.947548
7.395600,5.496328,4.299838,5.428714,1.063903,1.110238
8.994968,6.220404,2.645323,5.432997,0.668393,2.094638
7.320792,4.837645,3.438092,4.245269,0.777944,0.591435
11.005238,7.675505,3.744800,4.735387,0.397334,2.133433
10.059489,7.447267,2.314960,3.719037,0.727705,0.836670
6.382860,4.849426,2.458428,2.540960,0.189118,1.111917
13.279533,9.516498,7.347376,9.278444,2.503990,12.410325
4.146780,3.020927,1.673502,1.337874,-0.294283,1.516246
12.947410,9.273268,3.996987,8.045114,0.535793,-0.342850
31.030443,20.052252,10.195497,11.227337,2.462973,7.900116
11.334671,8.320354,3.928776,3.862396,0.649161,0.920307
9.781371,7.059260,3.387776,4.101079,0.871133,0.700523
19.140278,13.583073,5.751390,7.655417,1.417989,7.073798
7.219622,5.412412,2.665769,2.266971,0.622807,0.293355
13.701057,9.668966,4.108368,6.952709,0.764713,1.171389
50.321697,34.159798,20.303898,18.436541,4.926669,21.711538
13.756263,9.605501,4.107929,4.954397,0.781501,1.313314
38.616959,12.421721,20.607796,30.007185,3.862069,6.687836
6.492853,4.752636,2.212012,2.540821,0.082993,0.303188
6.062171,4.249184,2.201587,3.186482,0.465660,1.268538
8.966466,6.149038,3.488880,6.462704,0.908313,1.636448
11.644194,8.589588,4.005065,1.331980,0.479779,0.636678
4.554443,3.761970,1.751193,1.309947,0.040402,1.305590
8.201532,6.168599,2.573415,2.065963,0.780724,3.801953
14.914104,10.613151,3.237205,7.908750,1.035952,0.336969
14.357637,10.421057,3.821508,5.343609,1.308010,1.363656
31.259748,19.867920,11.715219,25.623497,2.556662,7.823766
12.204091,8.941080,2.565480,2.952743,0.510858,2.217451
11.254193,7.809257,5.742998,11.478516,1.356870,2.501059
8.139635,6.039590,3.864511,4.637179,0.722565,0.644383
18.749374,13.294551,4.424933,4.346605,0.781547,1.600739
13.849978,9.735306,3.399876,4.290392,1.074556,0.194969
7.983125,5.608108,2.569682,4.905214,0.578600,1.765582
42.466827,21.778172,23.356644,28.925266,3.584361,11.247825
9.327831,6.207661,10.890329,26.307779,2.655939,2.515275
12.431765,9.019305,4.145010,3.167750,0.309916,1.181788
8.246224,6.285990,4.482810,6.978705,0.809183,0.332352
17.246132,12.693284,4.620345,5.571601,0.997487,0.777312
5.150576,3.951802,2.119740,2.821699,0.075648,0.422409
21.457289,9.666691,8.069298,11.718982,1.357423,1.894684
19.516979,9.694825,7.449984,13.292040,1.402576,1.740506
18.346853,12.778759,4.622653,5.940627,0.718686,1.533761
5.125129,3.806063,1.703099,0.466373,-0.200620,0.021340
11.267629,8.222965,6.015909,6.899469,1.194943,0.588541
26.570570,16.138529,42.026886,60.509064,7.987282,14.128965
13.924540,10.040498,5.812931,5.443971,0.886607,3.844312
6.306901,4.417854,1.458063,1.525071,-0.148302,0.545232
9.704423,7.045220,2.665790,4.317297,1.260756,1.082495
13.193151,9.401485,3.535290,4.223895,1.118251,0.749144
12.987060,9.233699,5.946292,2.871700,1.627923,2.417276
8.798558,6.469477,2.638722,1.712198,0.676279,1.002052
8.649352,6.081527,2.403264,3.614799,0.564434,2.062105
11.881715,8.383372,3.300597,3.320499,0.244998,1.549324
15.248705,11.161564,3.928254,8.002401,1.628895,1.192692
4.749039,3.269851,1.841729,0.611357,0.718649,1.522215
9.270236,6.576796,2.854489,4.328488,-0.065237,-0.069077
9.762157,6.648529,3.659265,5.473163,1.167255,0.884930
13.474951,9.879960,4.008151,5.682237,0.411191,1.820830
4.116351,3.139729,1.300962,3.191283,0.467222,0.222820
8.902353,6.771313,3.098765,4.071668,0.706461,5.576736
6.114980,4.433578,3.760930,4.381804,0.644570,2.354845
8.936440,6.277135,2.656695,3.105498,0.229290,0.693276
25.232862,16.638792,7.492482,9.684781,1.190935,3.141088
30.247751,20.426233,15.269334,21.281200,2.922683,6.226194
24.768698,11.374578,10.042545,12.822467,0.340702,4.750916
25.017487,11.274239,10.434958,15.035475,0.983339,5.070246
23.618773,16.964783,5.760349,8.297237,1.658850,1.704699
14.748780,10.051122,12.771317,13.950233,2.847364,2.751964
7.558427,5.526819,4.222988,4.265488,0.349170,1.317920
4.818110,3.397700,2.000075,3.898694,-0.077582,0.055703
4.329186,3.079024,1.434908,5.700105,0.489894,0.792876
20.020054,14.051263,5.657830,6.218164,1.595091,0.730309
6.438284,4.498371,2.500524,4.945674,0.640136,1.060110
11.107143,8.263597,2.904147,6.101371,0.901968,4.391999
4.492042,3.536471,1.581551,2.658150,0.799259,0.998568
16.737202,11.589249,3.760063,7.981302,1.261753,6.260307
3.837376,3.096952,1.664062,1.238916,0.221621,0.547299
5.777384,4.269748,1.974271,-0.768443,1.177865,-0.798567
9.425934,7.067789,2.465307,5.120599,0.393006,0.651985
18.714491,13.279907,10.149256,10.834185,2.197261,3.759783
17.453402,12.211797,4.222631,5.023365,1.038732,1.793689
45.038155,20.800932,25.163107,34.758018,5.401924,26.746616
12.881806,5.734682,4.852611,5.988524,1.343907,0.366297
7.968298,5.510460,2.201896,0.516103,0.939664,1.351746
11.421005,8.436419,3.065711,3.794393,0.943301,2.281451
8.555704,5.981801,5.310728,5.570330,1.641677,6.668901
8.704654,6.358975,4.607455,4.756856,1.157585,0.103346
8.789916,6.657838,2.582875,0.941289,-0.180006,0.348443
15.482757,11.364351,4.458457,6.311055,1.616939,1.660262
16.506680,11.528152,4.902056,7.047510,0.700760,3.020771
7.330758,5.732516,2.503355,6.903764,1.317574,5.041390
20.317139,13.584789,6.798191,7.806802,1.768021,2.104297
10.746922,7.664253,4.715942,7.277212,0.806847,1.578895
7.786489,5.417575,2.379298,-0.001931,1.172278,0.529022
5.342291,3.858447,2.685834,3.545851,0.078889,1.369139
10.123777,7.038680,2.859352,5.436136,0.201000,1.170331
39.189640,24.894278,28.181738,32.167896,5.735649,26.444376
19.798931,9.861309,6.250779,8.867954,1.393313,3.430571
30.434256,19.406319,13.971107,24.759487,3.799797,4.241024
16.052794,11.585053,3.936219,6.339513,1.089163,-0.458676
17.723053,12.382134,4.433969,7.673059,0.934399,2.734082
11.840868,8.746879,3.718334,4.113256,0.742319,2.703853
10.665207,7.936726,5.076090,9.402268,1.413200,3.274507
5.837703,4.563942,2.108022,3.151354,0.711137,1.267461
6.437902,4.928701,2.041067,3.988101,0.389394,0.432884
13.501101,9.707129,3.586895,7.944273,1.427799,2.884746
16.580725,11.904696,4.448303,7.447216,0.460435,0.247991
17.239735,10.943235,6.341394,7.435077,1.084683,1.839006
5.135406,3.855302,1.711621,2.557842,0.281700,-0.446581
7.601917,5.229932,2.072954,3.175717,0.809260,2.278041
4.579155,3.147079,2.099079,2.173911,0.892875,0.254152
17.246569,11.836459,5.453302,9.503674,1.876937,1.585506
9.508451,7.061430,2.363229,3.346397,1.262090,0.228184
12.080834,8.699710,4.888203,5.996300,0.751773,1.263838
7.051713,4.852953,2.499298,4.626329,0.152817,0.530918
4.944755,3.176514,1.729951,1.753542,0.037435,0.876179
6.207376,4.645960,1.294993,2.550280,0.116837,1.045483
20.505072,14.515274,6.056379,3.985168,0.936593,0.894708
41.681408,25.816830,49.826157,64.586754,8.612067,18.800266
18.864752,13.054297,6.017078,5.835957,1.035728,0.611217
16.538305,7.122227,9.073652,6.620054,1.757985,5.648415
15.169329,7.124179,11.931149,19.127382,2.394010,5.699776
26.422056,17.429914,16.321487,29.777132,3.889763,4.503394
15.035628,11.097203,3.772589,3.248260,0.279467,3.488977
11.218822,8.120984,2.596706,5.873613,1.025941,0.377923
9.270875,6.553638,2.171518,3.044500,0.869940,0.079309
5.903213,4.023168,2.500025,0.395084,-0.251964,0.250767
6.259446,4.304739,2.071916,3.520917,0.326636,1.139623
7.208311,5.247528,2.223949,-0.005424,0.325722,-0.392766
6.287683,4.827855,1.978214,-1.816494,0.684777,0.591405
14.940628,10.439793,4.805076,7.003213,0.734897,1.926697
30.236832,18.671946,28.173161,45.649124,5.590778,25.278387
10.955655,7.865847,3.651205,11.955968,2.020736,1.196404
50.118271,29.507040,31.329100,51.478584,6.110138,16.245823
34.192017,16.078131,18.028225,38.397579,4.553858,6.366454
57.135746,32.048038,61.923122,82.832039,11.395159,16.011290
50.603764,26.575272,31.781822,52.836159,7.852738,7.185428
4.721090,3.529319,2.301703,5.335887,0.703110,1.840965
21.160290,14.832169,5.994473,5.023031,0.624006,1.574550
12.182096,8.589974,3.235431,4.714502,0.702828,1.122039
5.921257,4.604204,2.174917,1.786959,0.273265,0.174836
14.965387,10.900873,5.617046,7.677103,0.732101,0.438829
6.544941,4.903618,2.434181,-0.075343,0.132695,-1.029859
10.712743,7.805927,3.011911,4.322323,1.007395,1.976616
12.911685,9.378296,4.182334,2.646388,0.725136,0.562500
8.221999,6.151348,3.476725,2.608103,1.151653,1.191096
5.349962,3.957686,1.780694,4.163939,0.196157,-0.543151
4.477623,3.130389,1.863274,2.665324,-0.025798,0.269203
13.343324,9.374611,3.841983,5.585144,0.666029,2.202154
5.036148,3.441590,2.147773,3.021727,1.635983,0.451780
6.070381,4.232015,1.990621,3.590986,-0.055682,-0.316791
3.969766,3.094976,1.959305,4.828809,-0.258801,1.963777
23.456242,16.400501,9.157843,15.822731,2.781257,14.527472
11.311761,7.887420,4.115385,4.875819,0.789144,1.877178
16.900560,11.921623,3.843981,6.865987,0.562334,0.480902
8.616050,6.600413,2.556520,2.252890,0.784620,0.330165
10.032574,7.440156,3.723017,3.349791,1.195823,0.762218
6.582242,4.820657,3.097417,3.785299,0.596587,0.637040
9.104771,6.636503,3.338682,2.775134,0.752820,0.654241
5.752967,4.439995,2.239406,4.822277,0.421642,0.690569
6.454693,4.788215,2.180410,2.172090,0.456809,-0.424870
25.042603,16.896027,16.528677,22.550007,2.740697,4.869477
9.149156,6.782065,2.502883,3.301724,0.891866,1.052609
15.160645,10.577003,4.587997,4.250494,0.716397,0.648855
5.682379,3.998138,2.299514,1.968719,0.319644,2.480448
18.102867,13.125572,5.168183,6.424029,0.835462,2.565125
24.038324,17.337393,8.944651,12.454498,1.703772,7.623981
21.357145,15.597528,5.969141,6.488674,0.557507,2.082647
14.330594,10.392260,4.404618,7.430578,0.715313,1.825697
6.443158,4.623025,2.119838,3.059243,0.597403,0.398596
11.294008,8.050581,3.973988,8.347839,0.869311,0.901441
46.803238,19.999451,27.779964,46.323708,8.890721,66.916763
39.140018,19.372532,21.310934,43.093712,6.755663,37.543476
10.158628,6.846165,3.332592,8.537469,1.010899,1.535717
8.424599,5.527784,2.918014,7.284072,0.558748,0.340200
19.159374,13.591688,6.315795,6.060908,1.951174,7.561132
10.567304,7.375557,3.154589,4.319797,-0.130028,0.291452
12.127719,9.011680,3.551262,4.166982,0.917394,0.314999
11.641169,8.359259,3.104530,2.152247,1.035880,6.921135
19.005028,13.385824,9.528783,18.093946,2.454562,7.687051
4.498353,3.349552,1.837446,2.386420,-0.233637,0.868385
15.796198,11.244391,5.014567,7.926846,0.935010,0.987215
17.640425,13.059745,4.469805,7.526818,1.867697,0.359068
12.509966,9.159981,4.364961,5.813190,1.033353,1.687474
5.090551,3.622413,2.374059,5.051440,0.292933,0.139073
5.749099,4.160506,1.987715,2.322954,0.933565,0.161728
46.855759,27.252962,49.910595,72.828026,10.449621,14.787590
7.630180,5.937028,2.361922,1.432088,-0.110451,0.348781
24.012262,11.102677,6.694513,10.966147,1.716535,4.395411
5.134645,3.515483,1.723150,2.644450,0.967018,0.796353
6.999760,4.736973,2.492296,1.338508,1.167984,0.784842
22.830030,11.514778,6.757112,7.133895,0.694179,11.815040
36.382088,23.803642,23.657906,37.240017,4.931778,7.444065
5.356647,4.003618,2.159526,1.020877,1.074767,0.867048
10.594790,4.867295,4.598563,4.558150,1.073478,4.759839
6.501976,4.589611,2.009122,3.458272,0.948788,0.578012
16.480021,11.437542,6.434688,9.034660,1.467392,3.187487
21.887339,15.237610,5.915815,5.890990,2.013882,3.915798
4.437085,3.177108,1.776386,2.959151,0.539245,0.120598
11.028855,7.685274,3.183338,4.744327,1.116410,1.527478
17.249083,12.084742,4.054458,6.880449,0.797019,1.232207
11.071063,7.727457,5.557117,5.362166,1.214296,1.265773
4.701850,3.385020,1.814084,2.240786,0.502495,0.519684
7.506887,4.909616,2.804427,0.948845,0.561704,1.015989
11.641121,8.527040,3.273959,5.668062,0.528571,4.285971
19.430828,13.847176,9.866483,11.469480,1.841257,1.662328
11.633791,7.251842,3.623677,2.497257,0.771234,1.253088
22.563250,11.686266,13.949115,22.055111,1.197925,3.629917
11.732624,8.496819,6.153740,12.581291,0.841597,2.260749
40.873093,17.870346,11.819782,17.281675,2.113646,4.470300
39.191792,18.010805,11.951873,17.787708,2.403841,3.968244
16.792656,8.232408,3.809067,6.612807,1.186275,1.783915
13.899865,7.135459,4.031126,8.887675,0.900211,1.846532
6.435550,4.829329,3.256744,1.593994,0.361017,1.104413
15.574090,11.208974,3.835101,9.865698,0.956580,1.624761
13.977232,9.485790,4.627472,9.409932,1.093344,1.324151
11.282457,8.061664,4.609821,6.191790,1.332255,22.293158
6.264525,4.549830,2.290041,4.673035,0.189697,1.591058
8.508353,5.889282,2.665754,4.893149,0.371936,-0.277659
14.132605,10.061184,8.299973,13.880754,2.773713,23.526106
7.281807,5.176200,2.246239,4.734282,-0.030645,1.337077
5.864883,4.416577,2.010055,3.013695,-0.204458,1.302132
28.173214,19.499096,7.246485,7.925281,0.665716,2.567713
4.805288,3.682875,1.763124,1.805301,-0.208131,-0.431562
9.294003,6.808209,3.412834,6.363394,0.845624,3.910161
6.616114,5.066032,1.667912,3.289826,0.288854,0.699477
16.854275,12.218174,5.698492,6.944795,0.954867,1.934653
12.871544,9.373073,4.088336,7.098715,1.957207,2.301314
15.557614,8.211736,4.377522,7.788012,0.771156,2.705509
13.979265,9.641511,3.297965,4.788701,0.912278,0.861238
7.304085,5.381216,3.093579,0.188410,0.900839,0.515683
7.643648,5.628758,3.526679,2.756061,0.247403,0.550943
11.621887,8.302874,4.389921,4.825459,0.228799,0.241194
7.414499,5.597290,2.751527,3.491371,0.129959,1.023450
9.515110,6.769969,3.440996,4.343220,0.658297,0.326226
5.054872,3.706567,2.668504,1.008845,0.185900,1.029707
42.234558,27.934462,21.607346,27.385910,3.659103,4.020205
8.732823,6.553570,3.407751,3.671908,1.255520,3.290569
23.362995,16.714613,8.287189,15.168728,1.674770,1.877292
6.407934,4.755590,2.461827,1.214115,0.099981,1.478841
7.766582,5.528332,2.783751,3.258737,0.323873,0.333560
39.540474,25.177099,24.502556,30.452934,5.424660,7.320294
18.173386,6.649835,9.149596,16.350426,2.227801,2.822763
7.340793,5.097125,2.811463,0.699340,0.897895,0.562489
12.231241,8.743773,3.575589,4.713894,0.848018,3.180409
9.590092,6.729217,4.513272,6.832321,0.277729,0.980784
11.448897,8.342673,3.215367,7.016283,1.011260,1.606620
15.226279,10.956512,5.159679,7.348856,0.834210,2.341653
13.197159,9.637216,4.283367,4.732713,0.758992,1.944957
17.013702,11.797122,4.065511,4.645333,0.228577,0.264785
21.078039,14.865988,6.837925,9.816083,1.787082,3.089174
12.207652,8.610906,4.056694,5.352098,0.473270,1.079224
3.966126,3.085399,1.429931,0.395594,-0.005009,1.001702
12.524733,8.743082,3.527995,5.325089,0.713309,0.287503
7.546581,5.034486,4.039535,8.666848,1.052227,2.387183
16.865976,11.959933,5.566879,5.046315,1.118232,1.294715
16.846315,11.689381,4.936039,5.618980,0.491023,0.932484
19.526587,13.476761,13.444776,17.359278,2.394113,2.993301
4.778199,3.518626,1.692106,0.243661,0.460198,1.876121
27.688974,18.660501,31.408693,48.289062,5.481834,10.039010
6.079481,4.269567,2.173128,6.050823,0.628063,1.357714
4.715274,3.020499,1.811168,2.102455,0.701301,0.612503
14.341048,10.002360,4.290025,4.601711,0.240646,0.923753
14.085966,9.865360,3.714832,3.887454,0.524522,0.938822
27.893368,19.912279,9.195094,8.596518,1.945788,2.889575
4.219419,3.001566,1.737656,-0.714257,-0.090372,0.059525
11.711607,6.351974,4.360476,6.988484,-0.251241,0.503290
8.999458,5.655770,3.848663,6.740257,-0.094936,0.408102
4.888257,3.661844,4.853038,8.297395,0.369165,2.952084
5.319283,3.575270,2.024878,1.410903,1.041728,0.656971
5.629173,4.143350,1.904950,2.877587,0.618270,0.667688
4.658596,3.395551,1.438498,1.093200,-0.098763,0.797963
17.298798,9.162102,5.549109,6.582397,0.198978,1.396334
26.298363,16.021711,11.961099,18.160622,2.308515,4.577479
5.152886,3.901590,1.504589,19.704460,5.217301,17.655872
14.850159,10.857182,5.163917,7.289357,0.747001,11.111196
22.516331,9.468575,12.999249,12.232265,2.489848,1.978923
9.001341,6.713430,3.037234,4.346052,0.885402,1.782339
13.960655,10.661044,3.913043,3.174207,0.475751,1.065209
27.579174,17.154846,8.066864,12.296471,1.963354,3.499889
11.342772,8.515327,3.234918,5.888456,0.511220,2.042006
18.124054,9.403420,7.548379,7.388438,1.137464,4.438775
20.711149,12.230604,8.070867,12.186023,1.233894,3.466060
8.933775,6.555892,2.586879,3.588809,0.849279,2.055766
12.396297,8.631225,3.080925,4.179210,1.197976,0.952665
5.124186,3.550816,2.508659,1.276727,0.837863,0.631870
5.183788,3.800520,1.668859,2.412975,0.098735,2.105237
15.440172,10.859142,6.293249,8.866325,1.329192,3.130947
6.201879,4.464310,1.827762,3.453413,0.582033,2.726845
9.658172,6.968510,3.449781,3.274698,0.368481,0.724398
9.378519,6.887070,3.026953,2.131980,0.748523,2.515041
23.964109,12.212346,9.382922,9.055128,0.877301,3.470631
27.137556,19.195742,9.418422,12.908174,1.677703,1.777857
23.980362,14.798442,17.176485,20.630127,1.870670,2.864982
6.836144,5.113490,2.947047,1.833426,1.317260,0.155832
18.778183,12.923383,6.713608,9.474195,1.246092,8.696915
8.350287,5.878181,4.626472,5.687076,0.088114,1.499296
11.188028,7.816842,3.622724,3.723555,-0.019740,0.259382
13.027253,9.351695,2.455984,5.670281,1.148502,15.663307
5.240286,3.853980,3.023836,3.342798,0.660827,1.062729
14.931355,10.796498,3.860855,9.698747,0.720283,0.469160
6.556556,4.872598,2.545601,2.535997,0.553049,1.129370
14.768034,10.893584,4.491481,7.223388,0.905594,2.121380
5.723624,4.002172,2.325400,5.862162,0.738125,0.891003
3.959046,2.926192,2.014762,1.950048,0.332241,1.644645
5.210169,3.919933,1.165336,1.546465,0.447241,0.584573
5.045072,3.849143,1.611484,2.266115,0.530270,0.761646
17.287783,11.993381,4.621817,3.973601,0.526359,1.470048
24.097116,17.373760,9.924964,14.184904,1.818186,3.822369
32.751526,22.450310,11.313563,12.101545,2.893648,10.613577
9.974100,6.999955,2.713736,6.575994,0.241035,1.130098
13.325289,9.842633,3.814251,5.085193,0.741608,0.754058
3.896858,3.072098,1.465922,0.469325,0.025603,-0.408661
75.739578,28.066391,63.993462,85.878746,13.059410,31.074858
75.137352,28.013010,67.049652,103.350746,13.781903,27.442896
26.055662,18.308889,6.616428,8.526776,1.058159,3.188147
22.920568,16.012203,8.024424,12.138359,1.650944,4.055914
9.681608,6.881655,2.112048,4.816736,0.791270,1.811135
4.547159,3.567509,1.564065,3.511074,0.268046,0.709368
13.175117,9.428478,3.543983,5.492271,0.173223,0.733066
18.578846,12.986581,5.880592,6.979427,1.290767,2.902268
5.909732,4.148230,2.457716,4.076479,0.882716,1.261508
11.405421,7.965576,3.290120,4.114971,0.519590,2.630292
17.652489,12.823442,5.818319,9.412024,0.847484,1.557311
5.819420,4.005055,2.144301,4.566455,0.103958,-0.166344
16.313551,11.421453,4.554770,9.976770,0.900750,1.428191
8.064977,5.581143,1.885776,3.601830,0.728750,0.306592
13.987789,10.066808,3.494356,5.870954,-0.057335,-0.135866
8.268391,5.863869,4.153548,3.394773,0.331494,3.640095
14.471829,10.024647,6.705334,8.171826,2.295696,3.441845
11.154110,7.785040,4.574175,8.129849,0.846916,2.971206
13.655366,9.453066,3.663081,7.656816,0.767107,1.768495
25.946577,14.241833,19.304199,28.032047,4.080071,11.161293
15.878361,11.221864,8.580999,11.764552,2.761573,2.225657
13.632862,9.266389,7.935101,12.033855,2.150998,2.583213
20.527683,14.248399,6.406237,7.254947,1.278822,3.327213
43.357224,21.748848,30.212162,37.167988,4.962516,12.133452
77.470863,37.163563,60.650646,100.640282,11.276833,12.764212
13.028704,9.043583,7.496968,7.244370,1.479682,3.360655
13.682911,9.839060,4.627289,11.359971,1.723092,0.313997
6.449356,4.854362,2.286518,1.260334,-0.176465,0.534705
7.448766,5.600434,1.903136,1.757483,0.085758,0.659451
4.649068,3.165118,1.567117,5.276924,0.820898,1.225946
12.464877,9.104871,3.087268,5.136308,0.479412,1.707411
7.284789,5.065523,2.915898,5.864497,0.091643,1.121599
23.281033,16.165855,11.797289,16.781429,1.043051,1.736441
5.701367,4.137830,1.888040,3.889934,0.327858,-0.203369
11.677883,8.547647,3.711170,4.370499,0.769618,1.916023
4.253217,3.205415,1.848287,2.084415,0.559578,0.071851
29.026510,15.317125,7.587023,10.922983,0.670711,1.344797
6.717318,5.103850,8.709078,15.572786,2.456500,16.104132
10.342448,7.497505,4.763680,4.781342,0.654069,5.170931
20.385157,14.681040,6.115100,6.525373,0.982957,5.544908
8.696063,6.532432,2.910386,3.299600,0.083079,0.931625
16.842358,12.152294,5.220303,6.590543,0.582155,1.656067
24.960276,17.997477,6.568110,9.627448,1.595286,0.772363
6.313676,4.756705,2.372437,1.108859,0.431025,0.616349
6.992022,5.242768,2.653386,0.109107,-0.211510,0.302618
31.519033,18.501669,10.290113,11.528025,1.323300,3.781657
47.289249,18.479059,14.403783,21.688620,2.253733,5.211106
52.530052,22.827496,15.487206,26.429417,3.330450,8.935864
32.224136,15.514120,11.201403,22.433207,3.322513,10.376645
8.610722,6.095566,2.445099,4.282378,-0.411099,0.545857
9.007399,6.311273,3.210061,4.461882,0.751436,0.672849
8.514724,5.809872,2.781044,5.257473,0.302540,1.992744
6.135006,4.600021,2.326315,1.151295,0.105410,1.695181
4.337224,3.170345,1.808105,0.538352,0.739314,0.878651
14.820971,10.080652,4.531060,5.380887,0.982284,5.787900
5.996485,4.331217,2.376808,4.493886,0.183229,0.312746
5.245656,3.821337,1.692570,2.100060,0.403222,-0.078138
7.684590,5.817967,1.991311,1.587656,0.933406,1.180308
44.701492,23.507158,32.938732,63.956604,13.648321,36.037460
4.764623,3.662415,1.941409,2.534536,0.451044,0.263481
17.229086,11.936001,5.836345,6.964722,0.851051,2.299191
7.642802,5.487136,3.107842,5.133275,0.989909,0.905005
23.421532,16.712566,7.763720,15.800241,1.332299,2.796148
14.945010,10.586087,3.752654,5.589259,0.640780,1.496984
5.353567,3.801215,2.066249,3.147959,-0.348807,1.576397
13.971494,10.003328,5.589308,9.683017,1.043015,0.363066
7.794023,5.380594,2.368062,4.195783,1.075617,-0.401705
8.603229,6.196413,2.469966,5.262345,0.640484,0.239194
12.178227,9.004617,4.616462,8.431065,-0.052707,3.158031
53.822285,17.704304,18.535931,17.993271,3.466724,5.477636
31.675373,14.409581,15.607478,19.543524,3.195936,8.355359
15.354159,10.957330,4.873812,4.284841,1.301456,3.938061
5.002444,3.724703,1.828022,4.295885,0.165356,0.227717
15.596295,6.596422,4.800211,5.699667,0.009312,1.507671
52.364807,29.401115,26.890293,44.852551,4.586652,6.101060
21.878687,14.738267,21.856657,31.066139,4.691577,4.502024
20.443365,14.233064,23.302315,37.492973,5.988634,17.619831
7.724321,5.826606,3.136559,1.733335,0.620367,1.558897
7.806423,5.563354,2.337247,5.295936,0.683020,1.181414
10.167159,7.093435,3.669281,3.610260,0.604368,1.194952
14.669950,10.555218,6.055104,5.352720,0.870699,6.091516
31.053696,21.536526,10.869672,14.755809,1.624159,2.243705
5.034235,3.237162,2.114017,4.896012,0.579273,1.743295
9.176003,6.339411,3.011197,5.470434,0.691402,0.113054
10.520219,7.342343,2.857210,5.335904,0.580755,1.680156
15.016491,10.830533,6.784241,9.042639,1.730856,3.966229
7.039480,5.078257,2.422226,2.328846,0.623662,0.702352
14.695281,10.401927,3.846984,7.943355,1.154506,3.447960
23.631784,10.191030,6.061940,7.502587,1.338218,1.210219
33.046951,19.720919,10.082702,11.000325,2.073968,2.539559
5.545921,4.088006,2.246164,3.731505,0.347416,0.001089
17.429893,13.049394,6.196558,5.121550,0.099417,1.418372
12.889157,9.457590,3.950567,6.839185,0.615535,1.313674
13.547883,9.529655,3.877487,3.669045,0.256246,1.145765
5.288607,3.791787,2.067307,0.642332,1.124992,4.215414
10.482352,7.120912,6.516897,4.311868,0.728952,2.010211
18.928041,13.567822,6.013000,14.719861,1.336848,1.339448
7.140544,5.192385,2.295198,3.689040,0.203701,1.146972
6.224756,4.679555,2.380922,1.061080,0.179600,2.704149
20.505756,14.548255,5.806156,7.575140,0.359593,3.764530
7.353479,5.323747,2.918519,1.367219,0.108762,2.119855
11.116733,8.031147,5.522629,6.045572,0.549291,3.114079
7.319332,5.585690,2.336079,1.160102,0.978256,0.203320
19.612568,14.305841,6.689741,9.942006,2.036744,22.251734
5.284110,4.099094,1.788099,2.370433,0.760958,1.105199
14.174910,10.135265,4.264952,6.389502,0.148660,1.432151
7.088210,5.145934,3.178248,7.269813,0.258075,2.871987
10.526772,7.588163,3.077675,4.341103,0.639796,1.082325
6.928283,4.744032,2.204183,3.431056,0.129475,1.675852
9.578880,6.678577,2.651671,3.326798,0.999692,0.358535
9.151941,6.557473,2.304572,0.128515,0.060137,0.928503
8.165085,5.153113,2.962038,1.160179,0.441156,1.826436
10.681035,6.519022,3.915032,4.103500,0.479888,1.784526
9.295471,6.287492,3.411108,2.233662,0.437896,1.082972
12.373249,8.940076,3.539966,7.290442,0.261711,0.657283
9.456301,6.918654,3.030899,4.402167,0.924849,0.973169
7.879576,5.535045,2.127306,3.126371,0.307901,0.083983
13.721720,9.860985,4.345222,4.454264,0.609710,1.310380
9.810832,7.027905,3.448385,4.963608,0.524947,1.308166
6.389163,4.549551,2.521595,2.523925,0.284322,1.229535
28.649878,18.516607,22.210726,29.429491,5.224900,11.542831
49.321747,25.811634,23.451242,31.165604,5.166446,9.645507
65.801743,20.727217,39.808670,56.205959,9.019669,26.369425
91.726326,34.145473,49.655781,71.713287,12.011213,34.758045
82.108459,34.194473,45.614864,74.313599,11.039977,30.283962
7.231440,5.044486,2.440388,1.918660,1.227886,0.076305
18.645174,11.520845,7.487253,9.397053,1.511522,3.354539
19.038288,12.968024,11.842752,18.928339,2.717493,10.327720
9.174521,6.766031,2.536629,2.645103,0.467447,0.644619
5.173508,3.529235,1.994879,2.544535,1.537918,0.209969
5.649596,4.515863,2.228512,1.738120,1.556324,-0.170423
6.224950,4.413169,2.234663,0.450257,0.709315,-0.288670
18.667753,12.704185,5.428661,8.162129,1.007918,7.327521
33.476707,22.348871,10.184866,16.837452,1.508371,4.589363
11.321793,7.805327,2.973623,3.677462,0.943999,1.354566
16.346384,11.828252,5.331298,4.488533,0.872672,3.904749
5.045825,3.530641,2.518758,1.839655,0.490089,0.368924
7.855425,5.771264,2.614894,0.980966,0.676062,-0.332045
11.739410,8.653016,3.685499,0.789258,0.540112,-0.083114
14.715335,10.272764,3.462899,5.534958,0.646655,0.745479
5.673521,4.338391,2.087120,3.383256,0.092999,0.008564
10.728714,7.753071,3.673928,3.552723,1.301788,-0.676721
5.036370,3.843784,2.231762,1.813223,-0.330657,0.900111
11.266453,8.186670,3.233068,4.474399,0.204684,1.931602
14.575807,10.493458,6.039747,7.092699,1.026831,2.573300
11.870923,8.832208,5.450333,6.952976,1.278685,1.244667
15.577771,11.162672,3.710807,9.887523,0.764618,2.162423
13.389688,9.465535,5.363177,7.820259,0.570065,3.320384
14.311673,10.205804,4.203487,4.964523,0.084524,2.786684
5.538716,3.818983,1.814164,2.150428,0.328460,-0.009643
22.079453,15.295979,7.116903,9.482836,1.261802,3.322852
8.011263,5.918081,2.821591,4.169885,0.946783,0.821558
4.477087,3.150144,1.956116,0.680559,0.194004,2.080415
20.160612,12.060817,7.245757,10.015080,1.664727,9.310226
12.404147,4.550703,7.376774,13.069467,1.674502,7.552666
6.380064,4.674371,2.115125,3.915613,0.891158,1.953074
10.548480,7.777364,3.422549,5.639151,0.366966,-0.001346
11.276315,8.402565,3.238801,4.250417,1.292421,1.593814
10.252029,7.648689,2.940146,3.385860,0.352092,0.239081
11.331973,8.086604,4.555473,4.840733,0.970055,2.671278
9.155965,6.533784,3.101856,5.906570,0.775563,1.639332
13.166306,9.593619,3.953833,3.541039,0.907567,2.019457
12.012634,8.693815,5.516077,8.483414,2.093807,13.788703
11.436822,8.465802,4.001266,7.589648,1.205224,12.432384
7.067531,5.317526,2.314453,2.563497,0.103901,0.628221
5.928311,4.065249,2.340463,3.879320,0.516608,3.821220
10.358676,7.290194,3.240738,3.230591,0.143672,1.049030
8.418307,5.958999,2.831703,3.779706,1.040068,1.275588
20.280851,14.310295,4.666937,8.753382,1.223637,3.470040
4.826476,3.492164,1.709003,2.094996,0.243655,1.512242
5.654428,4.290990,2.933285,4.572090,1.571384,2.014262
12.916477,9.158450,3.774621,6.148626,1.079319,1.400712
9.305247,6.494119,6.893763,8.930925,2.108986,3.136106
13.850455,9.766918,5.092637,3.725458,0.946520,3.666155
5.898692,4.259691,2.185000,2.642437,0.279747,1.757632
13.283331,9.541854,3.971104,3.737976,1.048134,2.064106
11.611485,8.300346,3.700301,8.423653,1.465675,1.207797
10.812909,7.780200,7.915571,6.411882,1.254423,2.131358
23.649546,15.776484,10.575921,10.815868,0.991688,2.524178
10.306267,7.662848,3.034689,3.926782,0.316647,1.605470
4.516066,3.533672,1.827381,2.706459,0.692418,1.055473
10.507134,7.689506,3.424739,6.137780,0.553477,1.941721
42.225819,16.742155,10.810761,12.967046,2.797210,2.002295
41.261719,16.672291,10.630162,13.415357,2.729567,2.518748
9.281832,6.637791,3.637571,2.525866,0.539288,0.944343
11.329982,8.091248,5.461787,5.689974,1.171630,2.325242
12.563503,8.741127,4.177142,6.238217,0.814753,0.885047
19.925379,13.901951,4.396490,7.668485,0.901566,0.633845
27.158596,18.683517,7.433616,9.240048,2.023067,3.250864
44.561489,29.210770,11.071519,50.969635,18.116613,50.027138
7.510074,5.420766,1.911461,2.026200,0.161167,0.897266
7.339210,5.558358,3.034073,5.188016,-0.000720,1.320197
25.631445,12.810426,8.574541,8.859368,1.368358,2.796137
13.682225,9.855800,4.563221,6.832466,0.892958,2.317732
29.301691,18.784891,11.629180,16.975658,3.536998,17.182161
31.535343,21.969393,23.297804,33.793934,5.245376,7.617151
14.822620,10.902423,6.490186,10.284143,1.262257,1.086207
7.052628,5.058977,2.732886,0.967877,0.725205,0.355142
14.000113,9.433400,4.470673,8.198463,0.580760,0.864771
4.394641,3.366501,3.452409,7.461617,0.493403,10.527147
9.383163,3.812449,3.420871,6.240021,0.316897,0.921839
16.519764,6.597301,5.776509,6.775046,0.784066,1.799312
13.286558,6.643685,4.626958,3.877199,0.228130,2.057249
17.908792,12.788463,4.685511,5.763750,0.876498,1.655598
4.811007,3.543356,2.371228,1.676796,0.484953,2.283880
26.287477,19.038771,7.492574,10.517950,1.186310,2.585465
23.078022,16.172756,8.700418,9.708261,0.816297,1.011069
6.843927,5.000743,2.082986,1.560914,0.028213,0.668219
9.187129,6.870163,3.561972,4.608177,0.761106,-0.196194
10.497255,7.657140,4.332066,6.950069,1.116600,0.627561
9.480529,6.825197,3.322566,4.290141,0.895845,0.470346
9.313545,6.726160,2.763001,2.865141,0.760674,0.920888
19.406908,13.356779,6.049698,6.676652,1.669176,1.693746
9.338136,6.404502,3.396749,3.002963,0.530362,2.038541
12.117331,9.200846,3.282741,6.596760,0.614165,0.211350
17.867088,13.011234,5.832258,9.475410,2.302220,5.789628
16.574284,11.337093,5.814470,5.384539,0.659005,1.825096
12.809023,9.078885,3.317013,5.943123,0.653894,1.007643
6.252464,4.353475,1.917513,3.735569,0.916214,0.171486
10.149569,7.334292,3.313313,4.652131,1.099911,1.949732
5.039010,3.868459,2.167143,3.530903,0.328688,0.295601
11.899829,8.611500,3.742446,6.310357,1.265408,2.411623
11.873173,8.307593,2.325744,12.056253,0.371813,1.258128
6.214358,4.396581,2.163593,1.062210,0.056110,1.631169
12.678789,8.905357,3.856507,5.375638,1.333443,1.519715
14.376537,10.153276,3.689618,7.091311,0.994824,0.877499
11.124284,7.747470,2.905565,3.306901,1.877338,3.526705
20.771124,13.296815,19.354940,21.500090,3.123966,16.254124
12.929210,9.033815,3.717904,6.005396,0.476082,1.078196
21.853235,15.103579,6.350129,7.997849,1.035004,1.565533
12.823025,8.895726,4.085358,7.972781,0.542162,3.971561
20.517780,14.820229,9.898010,10.529880,1.668675,2.801466
12.520726,9.319073,3.926396,7.366833,0.854288,0.735189
15.305167,11.025483,6.135713,12.848684,1.473446,5.434881
7.984315,5.849698,2.701286,3.256010,0.749356,1.248007
9.313796,6.774851,6.550551,7.894279,1.467936,1.908794
19.097189,13.923806,5.464925,11.053996,1.284812,0.108969
5.933392,4.376458,1.470521,3.341243,0.313861,0.773261
15.331405,10.699746,4.458510,9.411702,0.671667,0.358719
7.916024,5.776978,2.361199,3.103538,0.447171,1.967649
31.998072,16.878040,17.189306,24.005655,3.676978,5.894057
23.216307,9.392450,14.025571,20.894859,3.968305,4.343948
11.268771,8.187155,3.468750,3.063138,0.694479,0.593131
7.018184,5.053478,2.613882,1.256358,0.089063,0.802638
6.299362,4.635846,2.101487,2.372886,0.946459,6.782549
11.447212,8.428531,3.025402,3.433787,0.970437,6.711679
6.568161,4.784581,1.795767,4.880164,-0.022435,0.976139
10.577745,7.489851,3.766710,4.015208,1.272487,1.900038
28.943336,20.117044,8.275930,15.303060,2.427416,10.768071
9.463141,7.110811,2.715912,1.836638,0.415865,2.235244
10.912555,7.303126,2.944634,5.040365,0.811561,4.602157
6.691761,5.014689,3.535771,4.860662,0.748185,6.103570
8.022638,5.898810,2.706233,-0.423370,0.119726,1.364505
10.203369,7.457159,3.237155,3.326957,0.413307,6.287781
10.759651,7.776621,2.820125,3.396408,0.833249,0.929454
19.102173,13.886054,4.814679,7.508920,1.771540,1.327150
42.809086,27.923271,25.496683,33.390949,4.287495,11.690885
8.111144,5.702298,2.393315,1.766363,0.783918,-0.044275
13.823933,9.788556,3.762825,6.265758,0.199922,2.208620
17.501238,12.115824,4.087483,6.412112,0.699738,0.866597
12.400005,8.480107,3.778726,5.310913,1.266046,0.507729
3.962961,2.991811,2.522218,3.926628,0.358849,-0.107048
16.184505,11.655815,4.108737,5.050686,0.804276,0.068362
9.089009,6.809550,4.247151,8.065763,0.488500,0.958743
7.589968,5.587097,2.928107,0.959919,0.241944,1.539912
21.912035,14.960053,6.485878,10.689322,2.569676,25.305155
15.499397,10.096858,6.950010,7.900209,1.227042,3.329621
6.371046,4.833977,1.706495,-0.601919,0.407928,0.497363
9.387353,6.708552,2.832975,7.249327,0.787822,6.533044
49.045498,30.065321,20.956577,26.732290,4.200329,6.507606
5.365181,3.920062,1.646998,1.157899,0.223150,0.681605
9.657593,7.009767,2.850065,5.806651,0.215397,0.234740
12.540602,8.829352,4.489655,6.249279,0.828340,0.614293
10.791271,7.482095,2.910236,4.818465,0.389059,-0.526694
6.519254,4.656347,2.467835,4.328937,-0.139359,0.282473
6.289032,4.807858,2.221120,0.126558,-0.541180,0.645450
12.399792,9.085779,3.940405,3.667883,0.546178,1.744042
7.247040,5.010803,2.449507,0.903616,0.689668,-0.344655
11.927652,8.326191,4.871279,10.043036,0.556416,3.545422
19.372103,11.065989,5.305320,11.542790,0.875940,3.134951
11.534496,5.094787,3.674597,7.912477,0.521214,1.117827
18.230606,13.308617,4.352403,11.351061,0.798658,0.799846
18.638643,13.892487,4.961245,11.234021,0.987659,0.730530
9.970247,4.602202,3.271668,2.947897,1.023469,3.550143
12.616767,7.701903,4.269891,8.710290,0.772639,1.081073
19.057074,11.189521,6.386150,8.585414,0.690918,1.428060
9.740812,6.935058,2.967852,3.961075,0.280119,-0.306473
9.971639,7.451251,3.644866,4.570310,0.534288,2.448890
21.939362,15.484576,9.154998,11.661829,2.109344,9.885272
7.862585,5.535926,2.511185,3.054073,0.168664,0.991909
3.946612,3.117877,1.668510,2.598039,0.021862,0.269643
4.575688,3.183823,1.384404,0.471589,0.451599,0.356123
5.094025,3.403202,2.228066,4.036041,0.073061,0.365741
69.340042,28.621508,51.761295,73.503677,9.110806,15.709683
64.574539,29.852043,30.794636,43.309341,6.024043,13.984006
45.535587,22.010405,18.944201,31.915382,3.080251,5.467349
7.969308,5.520029,2.491859,3.175201,0.241308,0.683271
10.299411,7.399084,3.113850,4.244008,0.208974,0.309390
11.655688,8.488463,10.969077,17.007818,1.272185,2.843892
4.248830,3.161202,1.399042,-1.162024,0.722281,0.948102
7.707088,5.305785,1.703930,1.430088,0.434087,0.796884
14.185985,10.290533,3.832251,7.593730,0.548147,3.311385
9.417575,6.510271,2.409707,2.192286,0.192368,1.021926
5.317302,3.658930,1.989750,0.626829,-0.261158,-0.164856
4.592479,3.531340,1.604311,0.994616,0.004935,1.169521
33.524994,18.797756,10.084000,15.794668,1.278499,2.897391
9.550894,6.999457,2.386034,1.358140,0.813886,1.193681
7.429993,5.438115,3.654044,6.419920,0.936262,1.993051
5.116133,3.828157,1.907799,0.248112,-0.224413,1.448195
17.897600,13.160980,7.227052,8.337208,1.144909,0.606214
7.900154,5.417201,1.445547,2.055920,0.555935,0.878128
4.930705,3.394727,1.250808,0.986605,0.945248,5.945690
6.961299,4.983986,2.928406,4.198814,0.515701,2.784741
6.144494,3.964044,3.624885,6.137815,0.195547,-0.426545
4.014098,3.093500,1.608632,1.322063,0.347647,0.799250
12.139408,8.398301,3.668129,3.134664,0.361427,-0.152570
10.324360,7.098092,3.673243,2.133027,-0.098975,1.008262
12.100645,8.701965,5.153632,5.659615,0.976640,0.788767
10.523112,7.433802,5.597808,8.080816,-0.213690,2.029920
8.736897,6.078314,2.587666,5.654302,-0.204143,0.539745
27.608498,13.499736,9.891018,19.046103,1.713512,2.095974
10.933395,7.850463,3.857477,7.186600,0.481415,0.895934
6.647614,4.519502,2.249635,0.023872,0.025404,-0.258581
8.850505,6.169112,2.473508,2.894427,-0.593318,1.116411
7.641087,5.487385,2.652281,5.926828,1.071005,1.681749
6.568228,4.600271,2.476368,0.870456,0.625400,3.227800
6.713194,4.391434,2.870559,2.099753,0.237503,2.510520
30.028185,20.846781,9.529235,6.043506,1.362173,2.819324
5.789919,4.204896,1.795536,3.135463,0.380969,1.058653
8.274267,5.670810,2.335427,1.087541,0.529335,1.080262
4.614841,3.312360,2.322346,3.718639,0.569134,0.356812
14.712004,10.053259,4.605935,5.843255,0.601858,1.887881
6.925045,5.334082,2.535414,2.712440,0.456152,0.137666
9.788240,6.784565,3.157675,3.693149,-0.104165,0.582267
25.620178,18.391539,9.241452,15.236453,2.094218,2.625144
11.837016,8.198230,6.413404,9.608844,1.020987,1.594908
4.783471,3.290084,1.871099,2.473075,-0.085356,1.574744
8.707619,6.179733,2.583504,6.010069,0.545432,3.678044
17.360340,12.230553,4.593554,9.290594,0.307646,2.254521
6.281631,4.172765,2.370077,3.266121,0.383570,1.040618
6.950145,4.834283,2.357102,2.509488,0.000259,0.389539
5.492092,3.795508,1.512254,0.656992,-0.149664,0.743994
17.067942,11.783218,6.190844,5.230675,0.469757,1.228291
6.838387,4.804786,1.918600,4.905966,0.421593,1.113698
22.373749,15.854245,5.737332,7.261787,1.003809,1.119907
7.027397,4.808274,2.113803,2.952132,-0.114463,1.090887
6.550663,4.823647,1.881102,3.239670,-0.313015,0.906705
6.023285,4.522901,2.111405,3.942546,-0.421362,0.598852
21.504261,15.493532,5.500895,7.358792,1.594568,1.581007
5.247135,3.879940,1.935738,2.734433,0.224685,0.302298
13.595774,9.405573,4.178368,6.784468,0.697228,10.207445
11.104389,7.858165,3.694713,4.206838,0.553348,0.425152
5.210767,3.794863,1.904915,2.556721,0.279321,0.425937
14.433200,9.889177,3.812170,6.391954,1.072033,9.911313
9.632321,6.874779,3.557749,7.774116,0.663729,1.113612
29.446167,21.413050,8.366040,10.101062,1.521697,2.431369
7.529178,5.455489,4.490410,9.280873,0.629440,2.366387
11.275103,8.148173,4.088662,4.053700,0.755792,4.521945
10.705686,7.680124,3.066363,4.217057,0.880226,1.771350
11.567358,7.978657,6.424660,8.755855,1.785464,8.531590
7.002159,4.680087,2.342722,-0.395170,-0.141331,2.020463
12.857019,9.107775,5.148073,11.276416,1.221545,0.789236
8.098895,5.498460,2.481612,3.108474,0.923669,0.445292
30.842770,20.027769,12.386660,15.923742,2.960067,3.135513
21.088032,14.121671,6.183804,11.493159,1.568484,1.414556
13.322589,9.220836,4.899731,7.965969,0.549769,0.767980
8.623429,6.155175,2.471230,2.969477,0.180445,2.845929
6.348708,4.516853,2.362779,4.428515,-0.084913,1.924087
7.791408,5.296522,2.362636,1.245455,-0.220612,-0.544901
14.991950,10.470000,4.124575,7.137381,0.922742,-0.243676
6.646035,4.854826,2.209903,1.471043,0.473302,1.460312
52.682709,22.541964,46.738098,58.781067,8.931140,21.895102
24.750469,13.176368,7.700512,6.869982,1.408321,2.484825
25.828260,13.312137,8.254011,13.363415,1.285686,2.407465
21.586531,14.935753,9.921819,10.647730,1.281238,5.184250
9.804446,7.256208,2.694677,2.890714,0.326666,0.899734
11.605478,8.537518,6.420531,6.350570,0.453508,0.656004
13.217145,9.708790,13.355844,11.516228,0.707874,2.128427
34.006092,22.894779,11.017182,14.517138,1.854627,3.284035
7.503337,5.286157,2.455343,3.485651,0.470015,1.324530
72.502983,32.411716,26.882730,35.169041,4.288650,24.183987
48.977943,18.985220,21.157883,34.258804,4.557006,15.496508
4.639550,3.252700,1.863564,-0.039446,-0.221162,0.970430
15.383306,10.862003,3.584167,9.023664,0.310693,2.476383
6.513929,5.104005,2.377577,5.661804,0.469543,-0.551381
6.353178,4.540834,2.108390,5.393673,-0.029843,1.872386
8.630335,5.947500,2.884959,3.875696,0.070678,-0.165095
10.950328,7.687067,4.907297,6.490190,1.359532,1.043584
12.968178,9.172068,4.470788,7.231991,2.105076,15.229832
5.658686,3.961253,1.833476,3.598357,0.553711,0.687707
7.869901,5.694854,2.621889,5.605130,0.120189,2.131802
10.101317,6.933891,3.806831,1.405393,0.502365,0.961758
15.642017,11.171214,5.756207,7.596773,1.553899,1.754435
16.458220,11.173194,9.187493,14.464235,0.988077,2.745092
7.853110,5.458864,2.273335,3.830437,0.797488,1.709638
13.963268,9.880709,4.344954,6.233378,0.597622,1.718037
26.306568,13.294078,7.314496,10.811121,1.130709,0.505744
8.344268,6.026300,15.447531,18.937225,2.905715,4.412519
3.859234,3.034244,1.794477,1.901471,0.492926,0.786837
4.460138,3.387326,1.646032,2.283480,0.094827,0.902553
8.550636,6.259903,4.046465,6.265890,1.123224,2.135030
12.077446,8.829348,2.880728,6.094015,1.386680,1.747688
5.188877,3.536720,2.032018,0.298168,-0.064503,-0.339989
9.335090,7.099986,3.177524,4.048491,1.260641,3.114590
7.849934,5.715519,2.128153,2.310049,0.961508,-0.584644
9.700865,6.994379,2.563688,2.707241,0.200272,1.700172
35.904873,20.825367,34.800491,52.942593,7.166261,9.061926
25.553137,16.515100,27.434858,48.371410,5.343436,6.287113
17.673277,12.722350,6.299132,12.796900,1.367905,1.832626
21.754410,15.793255,8.148486,7.360908,1.086721,0.678808
3.983108,2.907059,1.151960,1.583529,0.430730,0.331473
9.302807,6.583997,2.860734,2.571667,0.474715,3.872706
6.750135,5.033890,2.239939,4.006273,-0.013455,0.835224
6.307172,4.387210,2.161337,3.626445,0.453656,-0.471403
18.089010,11.584774,7.303568,10.596112,1.346194,2.615124
14.870520,10.484189,3.820339,3.211456,0.627741,1.304617
9.093956,6.606730,3.141324,2.731246,0.169289,-0.465797
5.878968,4.041392,1.731377,3.166606,0.173653,0.732110
21.601166,14.911131,6.133332,11.072157,1.679580,2.451424
6.046566,4.164654,2.234232,4.020439,1.183040,6.328521
8.030763,5.861327,2.378621,3.245896,0.063118,0.641481
13.091988,9.080161,4.454386,8.827935,1.364641,1.252574
5.326679,3.882990,2.892794,4.187945,0.333908,-0.030992
15.594747,11.200591,4.514475,10.648726,1.331709,0.924763
4.098606,3.020875,1.499076,3.982014,0.193167,-0.305482
5.125744,3.848179,2.102124,2.637895,-0.206950,1.509445
10.506102,7.636096,3.270741,5.888118,0.399601,0.067021
31.999241,22.343025,9.927724,14.958603,2.012667,1.447384
10.448619,7.627394,5.964012,8.563343,0.537912,1.559789
7.997324,6.097007,2.906912,5.591311,0.671716,1.358300
18.561382,13.270617,5.731993,7.441381,0.990729,1.137604
23.907732,16.875532,5.852899,11.530364,2.087936,2.651408
6.104586,4.580926,1.973906,2.067896,0.400436,-0.339610
15.487670,10.643538,3.883940,4.978196,1.408852,1.831640
8.006150,5.760978,3.060204,1.289544,-0.331529,0.796040
19.856176,14.190788,6.706298,6.005582,1.040565,1.367083
10.327313,7.174031,5.770087,6.494240,0.559020,-0.001843
7.075912,4.948034,2.357599,1.255907,0.299938,0.190662
12.596406,9.477144,4.071074,4.288463,0.157963,1.219202
17.020330,11.752929,4.108837,5.485982,0.180827,1.142722
13.940095,9.836809,3.232371,7.149405,0.650200,3.218521
13.988768,9.865413,4.388300,5.736794,0.813400,1.035439
14.079719,9.826237,3.852541,3.372450,0.758262,0.872286
8.541029,5.968510,3.559157,4.371771,1.157182,0.716979
8.889361,6.341804,4.420099,2.869446,0.320167,0.056385
14.883601,10.605185,4.024650,6.467016,1.368878,2.522667
23.681427,16.636303,5.415327,5.152409,1.351959,4.939616
32.260643,10.393110,12.225462,14.834645,3.150423,8.252547
23.780729,11.345634,9.369400,11.391757,1.931471,2.106704
10.313133,7.198470,2.936328,6.036479,0.871492,0.633608
9.051836,6.570875,2.888959,1.930117,0.063958,1.295984
18.117802,13.342705,3.478505,6.915765,0.757462,0.358323
12.895987,9.079531,3.410191,5.354799,0.344856,1.874748
24.597347,12.111267,6.270412,7.053554,0.395835,4.882074
23.051624,11.972757,6.222764,7.958093,0.912088,5.316732
6.987557,4.734334,3.411458,3.803443,0.499773,2.064361
14.360375,10.064082,13.031835,18.409433,2.090768,28.392302
7.568540,5.118876,2.288056,2.802281,1.323909,-0.185295
4.822328,3.761568,1.661170,2.683945,1.232233,2.850428
7.106024,5.088900,2.278556,3.979660,-0.260694,3.253694
19.412088,13.933289,5.332866,5.688792,1.390459,1.999882
5.136611,3.725449,2.097413,0.238318,0.143315,-0.002171
12.395301,8.814127,3.433780,7.794949,0.641224,9.323446
6.314759,4.524591,1.900420,3.652359,0.593643,1.605189
4.963954,3.492674,1.835202,3.661207,-0.007982,1.507721
23.365818,16.216415,5.534929,8.483827,0.718274,0.855941
10.288084,7.422656,3.173163,5.296009,0.776122,1.170747
33.443920,17.742329,11.219886,12.216279,2.968139,6.150593
10.829969,8.135247,4.398985,2.605147,1.367168,-0.216189
10.054809,7.692327,5.960276,7.425128,2.105565,1.927525
5.447691,3.656335,2.918284,1.981780,0.398563,2.201180
4.759027,3.175690,1.890887,0.170282,0.286197,0.614287
15.153323,10.837324,15.568642,14.987140,2.095590,4.102965
12.830749,8.935268,3.678279,4.888060,0.510990,6.062170
10.727728,7.947212,2.945766,4.367589,-0.005058,0.791564
28.947054,16.355894,8.335402,9.558591,1.541206,2.784765
21.576246,13.192544,7.277724,8.532603,1.228825,1.456954
4.585644,3.266340,3.413081,4.572650,0.799541,3.561640
7.761262,5.782799,2.289151,3.944684,0.095377,1.030659
13.405366,9.812332,3.456993,6.052341,0.495438,2.959269
11.877209,8.140372,4.542794,8.948688,-0.215651,1.158179
6.377315,4.432518,1.761409,1.059729,0.496714,2.392453
15.085472,10.494435,5.878545,4.077827,1.161012,2.964758
13.073152,8.927613,10.488778,17.466223,2.740408,4.236858
7.832864,5.834474,2.338220,1.506898,0.962921,1.232716
19.014128,13.626922,6.756202,8.307469,1.633273,13.357824
8.703449,6.568501,2.836461,6.025143,0.232969,0.139892
5.854511,4.323452,1.955944,2.723065,0.365932,0.182625
4.765522,3.718844,1.480620,0.488992,1.102041,2.735024
14.548200,9.878757,10.574094,14.261525,2.085687,3.156491
16.318390,11.818036,4.411455,5.911787,0.935943,0.584838
7.689911,5.540326,2.514335,5.016778,0.370662,0.416325
11.709641,8.703211,8.251246,8.933193,2.157710,9.084966
9.926712,6.945435,2.288301,3.899879,0.396266,0.355349
15.010342,10.716490,5.007575,6.344123,0.154542,1.541244
11.171474,7.731717,2.622484,5.109606,0.696621,1.858634
6.350515,4.633503,1.887698,5.339819,0.284614,0.544129
7.405420,5.440529,2.232845,1.967859,0.129006,0.597329
8.920491,6.531708,2.387518,5.265316,-0.008122,1.843530
11.490256,8.109262,2.376202,2.931003,0.724014,1.237787
20.641798,15.164598,4.796266,7.109896,1.334356,1.029135
5.729575,4.549925,5.668947,6.099766,1.495144,1.525040
13.571462,9.517675,7.270791,10.180517,1.691113,3.366179
21.092541,15.360303,6.210099,8.947672,1.633484,2.000996
12.423264,9.015010,3.169291,2.999786,1.016908,1.081536
8.458856,5.967546,3.246440,5.256889,0.865907,2.998954
30.229961,16.272539,6.457395,11.022833,0.365823,2.712722
20.894501,9.060408,6.561784,8.838765,0.678398,2.452543
4.053400,3.013527,1.441936,-0.113350,0.393543,-0.599511
12.414188,8.671689,2.904364,3.887742,0.720155,-0.162435
14.825989,10.523037,5.657608,7.425370,1.788497,10.479538
7.174236,5.110872,2.584196,0.101406,0.551759,0.969799
8.889854,6.449209,4.220557,8.188568,1.337935,1.046875
5.667379,4.165599,2.621491,5.675709,0.622161,1.992222
27.316727,19.431677,7.468091,5.388569,1.681663,2.937332
9.557307,6.854388,3.597133,5.163710,0.779776,0.391397
16.700962,11.335278,7.957414,9.889029,1.758644,7.426007
35.985046,17.802496,12.636716,17.280748,2.188027,5.707353
37.459473,19.280746,15.437751,25.921829,3.182444,7.680548
35.968685,23.354586,10.601153,14.306726,2.319055,4.232583
13.727367,10.013515,3.497707,5.114446,0.616970,0.323248
5.138981,3.942261,1.679513,1.250416,-0.139026,1.763155
26.549547,17.112825,41.814465,78.273529,9.644890,15.472410
8.267760,5.894228,2.052568,6.029772,0.410374,-0.247912
10.105217,7.185052,3.017176,1.581568,0.514787,0.070957
4.025760,3.024475,1.488300,2.465610,0.617806,-0.929312
20.567474,14.289111,6.306821,6.911550,1.099961,1.757600
7.543523,5.232382,3.301597,4.132687,1.359352,3.187767
6.680845,4.546632,1.865385,3.070247,0.684301,0.387824
5.137997,3.998640,1.776617,3.001608,0.343885,1.298705
14.414637,10.238023,3.739102,6.051453,1.015320,4.819980
13.998267,9.875281,3.639827,5.859464,1.268410,8.748242
14.770055,10.641625,5.555379,10.147591,1.202487,1.890202
6.524565,4.952693,2.452458,3.128388,0.197768,0.244613
8.283410,6.080416,3.041049,6.772548,0.846385,2.059212
5.816907,4.261034,2.204881,4.612300,0.499924,1.069836
23.917286,11.902063,11.711198,14.639221,2.729983,3.551545
22.733921,12.012117,11.511531,16.772039,2.610222,2.678467
20.749802,14.787887,3.855865,10.939376,1.500468,1.607928
7.326730,5.141318,2.066760,5.244586,0.523842,0.624657
14.999128,10.764599,6.639781,10.449791,1.201553,2.288154
4.360308,3.418679,1.659637,1.693339,0.931885,1.162775
7.651139,5.354165,2.305075,3.875814,0.451219,0.721176
20.787733,14.455991,5.145161,3.620927,0.769360,1.526482
5.960259,4.658503,2.680382,3.771022,-0.183402,2.398313
26.765081,16.230623,10.214860,14.469657,1.924996,2.668674
9.328266,6.928060,5.109314,4.239966,0.959806,3.624091
54.669106,27.849413,53.083019,79.254288,9.594796,12.016108
39.762306,24.544977,20.014078,37.833370,5.253744,8.109025
8.453950,6.072487,2.562382,0.531820,1.078338,1.638481
16.955853,12.283951,5.486484,7.644879,1.294074,2.027105
5.226203,4.125371,1.650036,5.284010,0.068758,1.025067
6.992218,4.808648,2.129417,2.495711,1.006725,2.326166
67.264091,24.131962,62.573051,92.185341,14.755806,38.397362
60.648811,25.256746,68.085884,114.104805,15.680427,38.706879
42.336361,27.758482,32.527035,39.363102,5.812119,10.771874
12.045476,8.702951,3.808521,10.239939,1.434850,1.680422
6.115891,4.392567,1.953699,0.875180,-0.208754,0.732538
27.980427,19.237812,21.873554,28.465742,4.574012,6.313229
7.396493,5.187538,2.402368,3.760682,0.684764,0.749200
9.476700,6.961321,2.521458,2.652498,0.202697,0.991049
10.485907,7.254639,4.313887,7.588356,0.626575,1.621648
15.283635,10.512384,5.554696,8.642850,1.878628,3.013772
8.941191,6.559125,2.478574,5.106753,0.733813,2.288203
16.528170,11.904669,4.352632,8.134080,1.209137,1.303423
4.116447,3.159966,2.029105,0.831823,0.260809,1.320616
10.916879,7.764075,3.270826,8.051717,0.360862,1.999938
18.878273,8.379102,5.786265,11.140090,1.079788,3.571758
22.696571,13.624784,7.401141,11.609835,1.499143,2.213584
4.512993,3.470742,1.830947,0.172192,0.230343,1.278749
5.179507,4.019349,1.871172,2.709363,0.916378,0.402433
4.799915,3.575824,1.899846,2.105822,-0.181209,1.112915
7.403635,5.736836,2.141030,4.471890,0.494242,0.461055
11.887481,8.172594,3.525774,8.633588,0.862914,2.214909
4.008654,3.270951,1.731753,-2.183696,0.023690,0.405937
5.206703,3.623900,1.921356,3.056069,-0.468400,-0.045389
6.393865,4.519068,1.953093,-1.377450,0.712432,2.108803
12.153982,8.742426,2.928837,5.174467,1.096194,3.498686
5.819464,4.548223,1.842604,2.701191,0.509888,0.349821
22.787024,16.145088,4.992363,6.585917,1.191954,25.546989
13.458364,9.060628,3.472469,1.236122,0.460235,0.659749
15.086718,10.649097,4.511201,4.220462,0.954892,2.131536
8.448284,5.740570,2.963367,6.528765,0.513668,5.426358
16.037144,11.844663,5.621320,8.131537,0.775610,2.395603
6.581284,4.479677,2.151831,-1.809823,0.609138,0.185564
12.145637,8.966700,4.325777,4.236012,1.885032,1.067925
20.988075,14.662376,5.583328,7.249919,1.847802,1.583916
7.020438,5.095304,2.733498,5.620281,1.066305,2.430633
11.814542,8.123954,2.952078,4.014749,0.589299,0.074735
4.321224,3.179508,1.725897,0.512909,-0.462234,-0.671117
10.065242,5.901107,3.413681,1.887082,0.705783,0.640461
19.606983,13.859468,6.253964,7.256598,0.862279,3.622383
6.515241,4.871877,1.807489,3.756043,0.391729,1.779273
6.605560,4.513834,2.903245,4.506578,0.513443,0.435164
26.978848,17.601767,17.351339,27.186447,3.183898,5.357913
12.960048,9.474751,3.881496,2.579985,0.587645,0.144919
8.733151,6.057587,4.112738,4.393265,0.528760,0.519486
31.472363,20.099327,13.990022,24.512772,5.047657,12.263548
4.538168,3.159433,1.756373,0.314749,-0.019143,0.138024
10.987049,8.148711,4.361597,8.473514,1.300724,2.598305
6.555573,4.359255,1.745398,5.390271,0.765217,0.797043
5.413886,4.175189,1.819216,3.639717,0.265168,2.231882
6.793330,4.991268,2.317516,3.891067,0.457893,1.263995
5.876998,4.137046,3.558792,4.839792,0.790910,1.874659
16.701954,11.571008,7.571723,11.697512,1.382696,16.732243
13.644115,10.076403,3.742085,5.718675,0.930389,3.833282
18.707487,13.040326,5.627367,2.877063,0.435378,5.479630
8.822131,6.589484,2.378703,4.434323,0.744193,0.423269
7.432199,5.494071,2.366096,2.977503,0.633655,0.568114
11.269289,8.305236,2.911749,5.647020,0.035381,1.175753
13.475588,9.815512,4.185236,4.857984,1.026230,1.375223
16.107901,11.800781,4.199521,6.615935,0.893830,2.244290
10.511675,7.385690,4.154472,4.863717,0.517340,1.886724
10.519287,7.457138,3.246246,2.620458,1.053624,0.635287
24.825136,17.549252,17.435093,19.729391,1.787461,3.613026
13.518685,9.394290,3.413879,4.008095,1.046395,1.650240
17.716057,12.551257,4.500663,7.789542,1.046305,2.495211
17.517372,12.362418,5.058415,9.477334,0.762007,2.158715
10.878345,7.703833,2.937759,5.768723,0.948694,5.099986
25.287426,18.083895,11.553018,14.927285,2.096310,6.140192
15.467598,11.107027,10.924905,14.554779,2.660174,14.585161
11.210151,7.780895,3.361209,1.716810,-0.636281,2.354206
11.150636,8.077169,3.242623,2.702643,-0.106712,2.747763
10.559467,7.664632,3.497661,7.784638,0.662511,1.343850
4.579828,3.280008,1.838047,3.573305,-0.003378,0.991823
12.593808,8.855825,3.556639,7.228028,0.943929,4.059834
12.404961,9.191614,4.155256,6.567621,0.277982,1.348853
12.455604,9.331743,3.409777,5.774525,0.540738,0.991806
13.525329,10.168019,2.600243,5.825217,0.704723,0.380860
28.414927,19.480227,20.755104,29.908604,4.179494,10.034639
9.019320,6.538417,2.814582,1.903118,0.381452,1.005377
16.197105,11.510451,4.280823,5.058703,0.669984,1.351932
16.110367,11.510698,4.128077,8.393245,0.753165,0.465955
7.471420,5.596979,2.855304,2.991964,0.456811,-0.213031
12.267071,8.468758,4.657278,6.238930,0.171002,1.054217
9.273462,6.478736,2.959492,2.534514,0.533957,0.782258
10.977748,8.002774,3.231019,5.253202,-0.077481,1.615685
9.146659,6.552809,2.952134,4.731981,0.223660,1.211246
4.851765,3.736282,2.126878,1.426255,-0.153589,0.896009
4.350926,3.214198,1.631225,-0.425342,0.138020,1.322734
9.652515,6.963760,2.748188,2.949975,0.258192,2.052721
15.929001,9.900066,5.397713,6.690477,0.005945,0.437663
22.753319,16.041426,8.134126,10.618956,2.249470,3.398439
13.947457,10.224948,3.507661,7.619676,0.702447,-0.014947
10.522067,7.364735,4.520725,2.969264,1.022640,2.009809
12.742145,9.314758,3.917901,2.373962,0.015818,2.631120
14.590005,10.411833,4.259804,5.941765,0.807685,1.706994
17.784742,12.807934,6.144151,6.385524,0.253669,1.023682
14.746648,10.599440,3.270952,6.530283,1.309259,1.114008
7.565256,5.552444,2.395356,5.010476,0.663642,1.482132
11.183176,8.214507,3.305665,6.119940,1.096685,0.968563
6.299304,4.949621,1.981786,3.337666,0.232662,0.978090
9.813651,7.090964,3.020135,3.078132,0.273001,1.061869
11.319676,7.908341,3.588289,6.502513,1.323737,1.054180
6.181062,4.357507,2.110346,3.403110,-0.152222,0.516995
5.929459,4.406763,2.491379,1.805374,-0.012684,2.523136
4.596322,3.233348,1.925879,2.278875,0.777906,2.680553
5.662200,4.312477,1.763387,0.259252,0.416022,0.088976
9.842273,7.229194,3.248987,3.097955,0.634524,0.720157
4.899210,3.883697,1.876057,2.973022,0.979405,5.433598
17.138487,11.803177,5.767302,5.355582,1.775286,9.010823
5.749761,3.967063,1.270975,2.045533,0.367383,-0.534910
14.293214,10.112712,3.927984,7.073936,1.024376,1.438972
10.042692,7.016088,2.591568,4.020946,-0.128755,1.396345
8.367368,6.073479,2.252521,3.181422,0.220747,0.970332
10.278324,7.331241,2.707079,3.857539,0.491607,0.695559
13.976079,10.145917,3.749984,5.665020,0.234452,0.507371
18.258543,12.416061,5.049765,5.378846,0.960134,0.952017
18.359943,12.834678,4.463482,3.976301,0.583519,3.799469
14.253214,7.368555,4.200281,4.142407,0.303873,1.214352
6.334397,4.397948,2.491812,2.345144,-0.088538,1.692322
10.158353,7.167953,3.236713,3.893502,0.981724,3.150316
15.681939,11.606849,3.584323,5.933845,0.893358,2.676314
14.235210,10.124233,4.328626,7.309898,1.244380,2.009668
9.417127,6.239271,3.150661,3.148119,0.496302,2.004097
14.358647,10.096052,7.171018,11.871792,1.473297,10.087364
15.643407,10.779988,8.203037,11.192497,2.601142,4.925288
4.049235,3.215124,1.711787,0.831578,-0.082675,0.858151
17.436346,12.340227,5.154973,8.575855,1.262043,1.464281
12.316054,5.336071,4.049536,5.280873,1.415692,2.057985
11.984578,7.553347,3.811465,5.731915,1.237554,1.388084
17.180113,11.923336,4.444098,7.337080,1.614687,1.239877
14.719829,10.438944,3.021369,6.852409,0.520557,1.014334
39.587418,14.515018,35.929817,56.275978,7.028860,11.860831
45.529774,21.025206,37.436890,63.003166,7.621275,8.799751
12.402488,8.487939,3.548338,2.185235,0.346442,1.314957
11.254633,7.551554,3.916182,5.303780,1.398277,6.741991
76.031693,24.824833,173.162918,258.075928,43.733028,95.027649
64.489792,26.136909,48.346611,68.576263,9.722394,16.139158
50.382504,24.817825,36.270649,56.693245,7.212102,13.456588
9.857167,6.699893,2.873257,2.416288,0.324457,0.533967
5.373034,3.688435,1.805974,2.227574,0.737906,1.116362
7.369122,5.342874,4.098756,5.816689,1.497207,4.216785
27.748493,19.374407,16.736071,17.959465,3.330481,9.194957
7.215177,5.103469,2.405999,3.236414,0.379909,1.087286
14.868735,10.624548,4.129124,4.340221,1.153483,2.506047
3.874374,3.074574,1.244155,2.201032,0.225034,0.558850
11.070363,7.810453,3.467202,8.629569,0.216409,1.294142
13.603141,9.250590,9.327410,12.253038,1.706166,6.450014
11.944926,8.261125,4.431221,6.129020,0.577912,2.626401
10.933301,8.128507,3.634400,7.072960,1.037344,1.042320
11.189021,6.627900,3.352887,4.017704,0.318441,1.217126
6.197949,3.904748,2.334071,1.981486,0.564053,-0.040458
24.858067,14.124971,12.537359,18.874975,1.830286,10.974874
4.370296,3.065789,1.588741,1.246956,0.453241,1.192765
17.788311,12.651119,5.152417,6.639452,1.146767,2.549855
9.934308,7.259022,2.834400,3.271897,-0.116353,-0.121468
5.570042,4.199467,1.585128,3.470555,0.264525,1.559726
11.503123,8.410608,3.133315,2.509760,-0.505311,1.679618
6.763745,5.450879,4.529422,4.374465,0.216151,1.618814
14.052432,9.651665,5.645767,11.672733,0.807740,2.203348
17.602308,12.530674,4.615977,4.528707,0.738308,0.662225
17.021105,6.623006,5.639438,7.333189,1.476003,1.717533
29.803904,18.695910,13.562413,19.304745,3.118461,4.752261
4.658467,2.996272,1.762984,4.256504,-0.257156,0.198218
12.399637,4.844975,4.022985,5.277215,0.712129,1.937604
11.572783,4.472778,4.111177,5.839834,0.633742,0.908631
7.363982,5.001523,3.168140,3.782470,1.015174,2.333513
17.617428,12.449649,5.710847,5.084292,1.702456,1.405358
4.513223,3.171823,1.666988,-0.405602,-0.192020,0.056753
6.705288,4.786922,2.057134,2.712016,-0.464251,3.130125
5.650421,4.244461,1.946495,1.064200,0.142458,1.397231
9.833529,7.294315,2.734153,2.756810,0.443983,0.775647
11.469497,8.444797,2.852308,7.462892,1.252360,1.865092
10.367390,7.268189,3.795300,7.295911,1.167820,2.540327
24.925173,17.368254,8.414092,11.167466,1.970969,1.978526
12.085959,8.557746,5.118260,5.498313,1.052682,5.008114
8.735186,6.521678,1.905429,2.443013,0.423849,0.601400
10.674822,8.002738,3.437625,4.618460,-0.278998,1.966689
4.686378,3.405734,1.825867,1.584405,0.108923,0.905284
20.116823,13.816425,8.665394,9.192648,1.487680,2.546521
7.307333,5.301690,2.128157,0.635914,0.857852,1.823254
5.292111,3.921999,1.835589,1.978597,0.168013,1.218403
15.792262,11.554876,4.748421,9.577744,0.953152,4.994373
13.570620,9.643826,3.077304,4.886646,0.978717,1.948173
7.451786,5.364522,2.069314,3.276129,-0.437250,0.303929
7.530899,5.355175,2.070544,3.119053,0.162231,2.619662
6.846690,4.574057,2.200036,3.216490,-0.268074,0.869296
16.318281,11.716944,4.031102,9.113262,1.076906,1.353978
4.439189,3.286993,1.923165,1.591755,-0.089571,3.327655
4.277031,3.209280,2.023064,-0.032481,0.067017,1.116818
4.667218,3.141604,3.440773,5.749759,1.333406,5.700014
17.504490,12.365417,5.638546,13.481709,0.796885,1.433252
5.396595,4.024270,2.355799,0.859258,-0.053011,0.835037
10.010561,7.381124,3.151802,3.612397,0.570705,0.506119
5.065187,3.667625,1.299647,1.287268,0.492537,0.830513
9.439210,6.778903,3.090221,4.844669,0.500745,0.511608
12.316428,8.662841,3.555640,4.132856,0.281856,1.640300
5.069798,3.520874,1.851785,2.430005,0.070750,2.320821
22.248194,15.743021,5.280017,7.106925,1.152455,1.316266
5.902122,4.234139,1.573133,3.454236,-0.062124,0.184085
17.335056,12.570238,5.430666,6.590907,1.630715,2.364300
44.643021,28.057575,24.609995,39.768524,5.334289,4.067164
8.132334,5.470164,2.908134,1.009838,0.633515,0.575756
36.224239,22.647762,29.454264,38.473347,8.609935,16.800936
16.766457,7.320434,4.927598,16.276564,2.406749,3.854342
80.460808,36.677803,49.406391,69.279587,11.104881,34.061764
54.898186,31.092525,36.892857,65.941116,9.103027,32.778980
94.477730,37.805210,103.606102,139.066635,21.130968,37.086720
90.085350,27.997494,71.186729,124.735199,15.669167,23.380898
77.391747,27.972048,53.107491,97.992493,13.007300,18.570099
86.575523,35.192490,45.891869,76.590630,10.750812,32.799080
19.837032,14.817810,6.900186,20.207264,4.985873,2.780716
23.523724,15.112680,6.868550,20.442564,3.104804,7.032394
60.809353,21.356735,62.640488,93.922058,12.764604,19.283579
86.636955,38.237236,69.849236,125.330238,15.579578,20.496937
58.785995,23.662222,41.762852,73.485916,11.599126,27.550428
168.132584,49.407597,337.921387,445.839783,71.880768,143.802612
117.667435,37.316303,147.433212,261.699341,38.654224,81.374268
149.668640,51.768627,174.577774,225.103592,33.440666,72.931992
174.313843,47.197639,176.791824,275.293060,37.991131,73.174767
161.170074,47.150612,159.412354,254.776566,34.763840,77.824608
104.310616,25.979143,100.670502,157.341965,22.670725,66.577705
99.397034,32.217354,105.001610,160.109894,22.250448,49.376472
148.319641,50.374554,338.773224,469.669800,66.983704,146.606857
206.047043,52.353436,365.933624,515.541321,76.242523,161.387222
165.786453,51.640831,273.019775,444.004974,59.628368,100.874199
96.468697,32.796940,124.474190,197.312912,25.112255,32.603802
66.166100,24.992067,61.545391,122.248360,15.041584,61.055359
169.898071,62.429871,98.550880,168.137009,32.084225,60.546917
162.924606,43.984493,103.368553,175.903259,25.963219,37.248993
91.571320,38.607597,52.075272,101.798752,13.461507,23.630665
125.736771,37.419338,250.501572,297.286041,50.031567,173.472992
119.882324,39.540764,188.038864,258.907928,37.722668,112.592705
31.936716,15.202041,13.250451,42.536915,7.316622,12.332259
91.356262,26.483536,125.394356,187.743210,25.767494,56.982376
57.117001,26.751310,56.380276,104.225426,13.681531,27.088049
108.624344,34.516361,82.857552,150.683502,27.397135,87.526787
107.154167,39.557293,81.607910,185.780014,32.630596,82.139313
31.718914,15.165658,9.199663,21.162868,3.661625,2.616650
31.632002,15.074397,9.169134,21.499434,3.315781,2.281775
8.053155,5.606764,3.614049,11.087994,1.214291,2.442231
17.361109,12.324241,4.479069,7.997587,1.317155,0.856392
4.680592,3.710518,1.703668,4.318023,0.805800,0.786118
9.103570,6.552068,3.006086,5.351445,0.729320,2.073577
9.141601,6.726306,2.347297,2.475276,0.863530,1.866006
13.478744,9.914738,4.048867,5.589987,1.095360,2.084523
7.329144,4.941826,3.285187,4.168560,1.408968,1.566126
30.575502,20.178789,14.279736,18.030491,2.526255,6.920508
4.178913,3.095595,1.501576,1.026020,-0.385378,0.469247
5.580082,4.376862,1.829175,1.901895,0.034038,0.290461
8.358304,5.944774,3.255597,1.839080,-0.156348,0.820633
5.943503,4.484589,2.592736,3.087647,1.510476,3.345822
11.454379,5.983738,5.084983,5.788884,0.534264,2.028011
14.936705,10.838487,5.663759,7.762029,0.760971,3.046013
5.812208,4.186188,1.804317,1.331202,0.152857,1.209517
8.297511,6.040933,2.943941,4.291808,0.459912,0.333184
5.425211,4.073402,2.898023,2.412426,1.587162,0.454055
18.400845,12.970729,6.547641,9.459970,1.726728,1.092836
5.232162,3.689144,1.893855,0.748105,-0.270094,2.438876
13.648140,10.060324,3.675875,2.430599,1.046370,1.294051
5.905725,4.440550,2.361217,5.011524,-0.446098,5.023043
12.092585,8.606056,5.203097,4.059479,0.056220,2.295340
5.774150,4.105240,2.021308,4.550594,0.695342,0.291346
31.482424,20.913816,8.768743,8.149371,1.261835,3.015195
8.826791,6.603204,2.511421,5.070673,0.026746,1.940117
33.318333,23.084877,16.210487,16.900045,4.170789,27.713303
12.037381,8.565687,2.794485,3.177310,0.250987,0.319819
13.638833,9.898479,5.572799,7.733500,1.507655,8.588912
18.265945,13.028524,4.793221,5.857638,1.100219,2.033194
20.372206,14.478707,4.743601,42.466042,7.215582,34.975254
5.030640,3.718578,1.757028,1.213618,0.640162,1.238131
22.555027,16.183819,9.316119,12.788188,1.737418,2.461277
5.204130,3.758939,1.976300,2.092961,0.680666,1.028654
5.000289,3.725800,1.682767,0.893988,-0.029433,0.890538
11.490943,8.486032,4.181427,6.371736,0.608526,0.331341
7.708659,5.541574,2.159204,2.360121,0.778980,1.291515
9.024259,6.857869,2.668465,3.501234,1.022017,2.148391
46.005386,28.581289,26.110672,35.782787,5.303637,8.069488
10.240264,7.235546,3.363638,5.565760,1.061347,3.848588
11.185041,8.033706,3.542300,4.520648,0.533356,4.201201
7.169829,5.314658,2.045212,4.294991,0.187134,0.118856
24.238180,16.642662,10.809936,14.014856,2.243504,4.718599
14.134228,10.129796,3.233859,4.276051,1.004083,0.428459
5.557903,4.338826,1.903984,5.027446,0.234666,2.452674
5.443183,3.936432,1.869187,-0.100571,0.251994,0.314354
10.660324,7.554855,3.120218,3.127401,0.505280,1.180877
5.417801,3.821989,1.838176,3.109703,0.030787,0.947525
10.038699,7.041687,2.754437,6.911439,0.664520,1.348683
8.019735,4.770782,3.274630,2.466297,0.570351,0.564040
7.320869,5.779599,2.461305,4.642295,0.432719,0.119273
13.900401,9.975685,3.968028,5.874153,0.893002,2.279502
20.522327,14.561559,5.813644,7.536957,0.969645,1.066987
19.986820,13.848475,6.393736,7.655769,1.751991,3.364153
31.693436,19.613050,18.942854,27.413172,4.017641,4.712502
5.379264,3.978212,2.978082,3.080176,0.555371,1.204765
20.905836,14.898604,12.966302,16.163374,1.894763,2.794865
55.497498,29.463749,62.352684,88.697250,12.277194,26.406042
4.445949,3.387535,1.529558,2.317400,0.491783,-0.272472
11.054977,7.757002,3.036765,7.342620,0.574383,0.134762
15.904757,11.474380,6.646191,14.002802,1.894900,2.398591
26.560015,18.188555,16.463062,24.753431,4.653167,43.597813
6.832378,4.906715,1.967587,0.012748,0.579725,0.010616
9.836047,7.321676,3.942500,4.427116,0.126057,2.104815
7.137008,4.973684,2.719715,0.556052,-0.020486,2.573642
14.076256,10.344918,3.514165,6.179489,0.449585,1.810192
9.994709,6.876812,3.326196,3.939390,0.574968,2.199938
17.268858,12.342615,4.173609,4.477430,-0.084400,1.949869
16.968847,12.510081,8.856370,11.668421,2.475349,4.946114
16.118355,11.627482,5.361017,7.659675,0.160424,2.510292
12.889501,9.129971,4.160621,7.244784,0.941661,1.258593
17.982613,12.770467,7.316504,15.488168,2.161817,11.753923
16.243643,11.482226,4.082145,5.752041,0.881462,2.613687
8.370972,6.041180,3.961632,6.833329,1.764031,0.957300
11.394152,7.986953,2.769685,4.638349,0.831976,-0.166333
18.503922,13.402612,5.092690,3.619056,0.654533,0.927927
6.226051,4.604131,2.004719,2.711782,0.582484,2.043957
8.009332,5.811117,2.611019,3.220371,0.145211,1.176415
13.142133,9.186716,4.314911,6.415882,1.574964,0.748234
7.976769,5.637189,2.455960,4.420648,0.510079,0.271869
5.349258,4.058229,1.807921,4.983531,0.533657,0.893985
4.193209,2.999639,1.451713,7.517076,0.922896,1.094282
28.088224,18.932541,12.948136,19.231661,2.490955,2.504664
32.625061,20.080893,18.345566,38.968521,4.916147,11.640088
120.887291,39.252625,136.726730,249.001068,74.476944,226.242035
119.106186,41.420753,167.521179,258.026794,36.498783,98.683441
4.404557,3.099232,1.617339,12.635036,1.790146,1.396553
17.452600,12.378335,8.622582,24.890467,3.644058,7.120060
65.959328,34.131275,82.209579,207.034576,55.664848,182.201019
127.803314,44.100021,147.048538,197.649521,33.118622,78.456978
120.130684,46.576241,142.703125,221.373108,31.329039,52.905571
20.748802,11.266932,5.411769,35.349194,6.277483,3.373099
94.646667,28.698751,58.510914,95.260353,12.869925,23.524216
119.250359,39.254730,83.394615,125.946205,18.453461,47.547844
133.616562,43.548393,177.056274,269.698456,36.213451,79.297882
91.340569,41.160172,60.292179,99.403793,13.814899,21.576307
113.243149,38.872356,65.153900,97.743721,13.616229,28.739412
143.996231,44.871284,436.737793,572.942871,76.204254,163.838730
78.477997,28.934408,67.741150,132.900391,15.985573,18.373751
46.092113,18.824106,17.169697,52.625397,7.938535,11.471896
60.707756,21.533276,36.345932,67.788353,11.443569,63.288593
93.309189,36.172188,37.105839,66.800064,10.801041,25.039968
71.450172,28.652178,68.658806,94.985535,15.194106,48.196991
108.708008,34.713749,127.776367,171.445618,23.400917,40.998482
113.092667,34.544453,132.243134,171.074982,25.007647,43.768806
82.149567,37.559082,119.653854,180.906555,24.763180,37.691303
26.045378,12.288048,8.202186,31.480059,5.607367,7.748109
112.183144,48.152634,115.106972,154.468140,24.572104,60.763058
182.268982,56.687790,396.254150,517.988403,81.848831,202.652924
206.194427,56.731075,439.565338,600.213684,87.061935,219.157700
200.060486,59.360703,538.635315,732.771057,99.914116,163.746140
219.374039,62.583626,324.324890,516.596985,67.815453,158.332977
211.140610,54.912476,355.241669,491.907623,63.134624,200.855225
16.474407,11.468153,4.826914,14.423760,1.652178,2.902889
6.240040,4.646427,2.110960,8.060941,1.741948,0.387235
13.268783,9.553333,3.639888,5.027179,1.097033,1.504589
22.616034,9.190603,7.391103,13.560487,2.249340,6.433532
21.436165,9.233505,7.617810,15.242665,2.718265,5.325040
8.129933,5.731386,2.276088,5.091262,1.462363,1.799855
56.276176,30.013363,16.134304,25.985025,4.250697,11.360678
11.650146,8.666457,3.504171,4.956737,0.511333,0.683868
19.376541,8.419857,6.405809,8.768785,1.015945,0.467787
18.142618,8.583804,6.394495,8.921254,1.538323,0.086523
15.190934,10.727995,4.207704,8.050239,1.976243,4.216708
6.598998,4.603327,2.541246,1.036494,0.357213,0.772333
19.518713,13.781911,5.541872,10.814008,0.824890,2.053735
19.919739,8.803527,4.921489,6.791173,1.078372,2.237421
22.627350,13.369462,6.296077,11.538574,1.225014,2.919007
9.090013,5.648153,2.174667,3.525156,0.883025,0.915853
3.975604,3.005728,1.749125,1.397361,0.950704,1.505587
11.749405,8.508044,11.153423,18.554989,4.370697,63.625916
18.527897,13.277594,4.710985,7.421393,1.733836,2.531704
7.045924,5.088312,1.859271,2.495958,0.343989,2.156455
12.886090,9.255112,4.823867,4.346645,0.412751,1.308751
29.216761,11.448514,8.418267,8.152302,1.627295,12.458890
29.093704,11.467644,8.507385,8.140804,1.928790,11.944915
18.918146,13.360204,9.281830,15.768833,1.929014,1.554092
5.461727,4.015748,2.040236,0.634109,0.627907,0.521712
7.851765,5.286784,2.987663,3.150715,1.606740,1.913506
17.535057,11.989624,11.138775,16.889921,2.409885,14.200850
17.955589,13.125150,11.758872,14.032898,2.114841,2.150343
15.024309,10.706014,4.145728,5.578280,0.760500,0.490571
17.519474,12.247348,5.021884,5.923397,1.992452,4.550406
16.999228,12.520381,4.457181,10.076838,0.675124,0.270071
12.814251,8.923322,3.323202,3.459557,0.957655,0.321322
16.826511,12.556598,6.462805,7.281887,1.465623,1.468056
20.290045,14.252030,4.831815,7.734700,1.371093,-0.160148
8.778775,6.315545,3.112615,3.899379,0.886988,0.850027
12.682151,9.042150,3.493028,0.453821,1.005509,1.202559
5.391778,3.804199,1.742788,3.200614,0.431339,0.159007
12.562924,9.217785,3.795810,4.847238,0.513815,0.483178
5.910629,4.486190,1.891726,1.812478,0.381163,0.457499
6.885807,4.900458,2.946884,0.728523,1.400327,0.375557
9.496854,6.921627,2.748498,3.483858,0.500300,-0.029003
16.747837,11.836831,4.342120,10.247966,1.095314,2.967509
14.440169,10.066351,4.284919,8.776398,1.594821,4.644391
4.220569,3.226443,2.710387,2.816038,1.084251,3.246997
43.049801,27.255190,34.425247,43.752144,6.872958,27.466179
10.121928,7.393655,2.920876,1.442374,0.107885,1.398978
8.279236,6.096807,2.595250,2.498773,0.769850,-0.022682
16.311586,12.171958,4.184608,7.178354,0.981387,5.875106
9.475063,7.023213,2.543032,4.682347,0.868454,0.265738
11.982977,8.938929,4.676955,4.706278,0.686946,1.099005
8.824425,6.074497,2.089060,7.671937,0.718816,-0.184035
26.149998,18.113102,8.949416,9.997437,2.071963,1.050091
4.873615,3.544950,1.560400,3.580346,0.161839,-0.274268
4.565626,3.546618,1.705466,2.181534,0.903325,0.384451
26.792408,18.913425,7.455741,10.534820,2.012558,2.974368
23.087561,16.047617,6.914104,4.058908,1.093200,2.391852
4.576679,3.362084,2.039267,3.484354,0.663030,0.785064
6.747458,5.004145,2.374251,2.792475,0.373924,0.835766
4.460362,3.204672,1.703496,3.515214,-0.076810,-0.254072
3.880439,2.961071,1.721030,1.772474,0.726580,1.298380
4.521670,3.205158,1.458966,3.603172,0.407827,-0.403251
26.481874,17.911144,21.894554,33.164146,5.897384,15.239747
4.838796,3.255907,1.718002,3.158189,0.707804,1.910662
8.518371,6.159467,2.332498,5.072395,0.193223,1.446684
15.989681,11.569006,6.999758,9.877210,1.534718,4.188612
15.152361,10.964124,4.515942,4.603621,0.403870,0.966995
12.611601,8.997475,8.447050,13.529191,2.184578,3.091446
6.223893,4.859601,4.011692,11.657738,1.644282,1.879504
5.753490,4.318378,2.012383,2.084399,0.769140,0.697617
10.706139,7.743691,2.983062,2.416628,0.333060,0.960126
11.811570,8.329601,3.428710,4.061616,0.218233,1.924541
18.064157,12.916477,5.449452,13.863374,0.534172,1.009686
20.181091,14.846614,7.313548,13.879229,1.505312,3.194348
4.821387,3.727030,1.905087,2.473023,0.754677,1.162794
9.390512,6.544355,3.148170,6.013087,0.963120,-0.245594
8.305011,6.140558,2.813808,2.056242,-0.120606,1.078482
15.732912,11.680161,4.500262,4.995268,0.443901,0.486958
23.660862,15.733580,7.870102,7.993130,1.781801,1.955650
10.127760,7.369446,2.378746,5.796839,0.235625,0.756854
8.859449,6.560988,2.560687,4.080369,0.162630,0.927037
4.284414,3.390319,1.483678,0.808720,0.121583,2.216578
14.657765,10.732604,4.149844,3.978158,0.560124,-0.128699
12.219339,8.919388,3.336791,6.589342,0.683857,1.213445
7.868557,6.230629,2.470051,3.020192,-0.564128,1.330964
14.501281,7.691835,4.211438,8.190069,1.473828,1.545097
12.830680,9.378416,3.493211,7.740415,0.402022,1.549896
15.194191,11.151287,4.391268,9.012656,1.286147,2.082395
10.828399,8.070094,5.755794,5.225932,1.090208,1.696758
4.369814,3.332542,2.032392,-1.354902,0.273609,0.977599
8.553585,6.051138,2.432784,4.550165,0.835140,1.203862
4.007440,3.157673,1.867344,4.100757,0.496739,0.056786
4.290641,3.229010,2.171233,2.805053,-0.233583,0.753390
12.736842,9.142413,3.625970,7.406396,0.712624,1.134128
8.924287,6.507679,12.888044,19.341770,3.404793,4.304164
9.156168,6.512219,2.935914,6.392807,-0.076146,0.938759
14.174426,10.166665,3.720614,2.905406,-0.087105,2.414739
15.725902,11.352440,4.207839,7.164884,0.794604,2.264441
7.710772,5.379508,2.301528,1.073824,0.866469,0.465090
5.352794,4.203663,1.677861,4.963413,-0.034446,0.452503
6.654356,4.747192,2.546192,1.035790,0.623562,1.166621
5.454791,4.287844,3.421685,5.231592,0.946608,0.360628
8.889301,6.359304,2.836446,3.082526,0.516616,1.476430
10.639011,7.755404,2.942210,4.060851,0.168919,1.624480
17.379166,12.541932,4.685687,7.700815,0.856148,3.133969
5.838801,4.346744,2.811738,3.030856,0.548906,0.296865
12.825669,9.408828,3.082305,4.758328,-0.445260,1.578251
5.804800,4.167261,1.950876,2.880363,0.279535,0.657860
19.003317,9.142831,6.217672,9.635490,1.601748,1.424024
5.648034,4.006401,2.334285,2.093018,0.759615,0.583811
6.634565,4.743910,2.448076,2.842991,0.400692,1.867157
32.123985,20.869905,27.092026,32.564903,4.484731,6.008711
19.812992,11.966191,6.291896,6.335655,0.920275,13.180208
6.759232,4.823761,2.374044,3.080473,-0.076065,1.230346
4.131186,3.005508,1.635809,2.030868,0.147080,1.444098
7.396504,5.056734,1.742457,0.827153,0.255232,1.577301
17.872246,12.736526,4.300907,7.372937,0.604333,2.862855
11.837325,8.264244,3.566649,2.680427,0.926633,2.054012
10.024460,7.416108,3.106681,5.010140,0.265394,1.141337
5.095720,3.917057,1.754807,2.605603,0.255886,1.593510
5.150002,3.772329,1.493484,1.799353,0.109526,1.279313
13.049643,9.064361,4.355884,3.853321,0.808202,0.971097
21.923506,15.427016,5.519800,7.482467,1.069080,1.146130
8.184892,5.622836,2.365978,1.468516,0.016735,1.381308
5.744057,3.865518,3.156016,1.983585,0.300476,0.799302
9.561965,6.797260,2.806943,2.140297,0.538285,3.619835
7.415767,5.533553,2.033402,2.047511,0.177555,0.018766
6.140956,4.588843,1.936025,3.940169,0.387011,1.760654
5.146039,3.823148,3.067524,6.067118,-0.239736,2.010364
4.582934,2.944097,1.454784,1.286452,0.231089,0.930144
21.581522,15.269053,4.833051,7.736672,0.117121,0.620539
16.863777,11.814024,4.900680,11.119965,1.166167,3.948029
8.206050,6.113194,2.734491,3.334607,1.074812,1.142906
6.789072,4.624882,2.344435,1.146368,0.061250,1.319019
19.468668,13.611856,7.415099,13.833749,0.728516,2.689877
8.970695,6.709180,3.214310,2.245959,0.688579,1.470232
5.358992,3.709382,2.206892,2.167133,-0.008484,-0.192608
8.403579,5.869800,2.755736,0.881805,0.684644,0.747157
9.254344,6.545173,1.968859,2.163582,1.240690,1.473639
6.560068,4.516984,2.937563,3.650047,0.556791,1.959917
3.899288,3.113546,1.726042,2.460489,0.512480,0.626168
15.335655,10.572797,4.269064,2.905377,0.579833,1.590768
11.733586,8.438029,3.381780,5.873284,0.895497,4.113264
7.373574,5.292123,2.587051,4.567408,1.111939,1.996169
7.299860,5.099531,1.793046,4.914112,0.105804,0.843473
4.548560,3.139783,1.893724,4.928375,0.299841,-0.122933
30.675356,21.603699,7.688787,14.211039,2.108614,1.619878
6.782626,4.584358,2.805738,2.564286,0.307536,0.566374
6.065891,4.093980,2.380281,1.508785,0.286869,0.165613
4.740575,3.316673,1.658838,3.495811,-0.333042,1.032981
10.575645,6.512161,4.590823,9.488564,0.414949,0.802561
8.841482,3.999888,4.036966,6.568873,0.624139,0.774002
6.801662,4.811790,2.360273,1.851945,0.197866,1.357411
14.386649,10.273020,4.016214,5.874024,1.083815,3.178698
12.951334,8.921968,4.094667,3.908136,1.120648,0.249015
7.466429,3.928314,1.986841,3.867596,0.300837,-0.006174
18.677210,12.690306,5.389167,9.056663,0.823832,0.631783
4.111562,3.138249,2.076601,0.568653,0.454178,1.254776
23.763918,16.445147,7.327727,10.365017,1.610125,1.291730
10.852494,5.878192,6.077172,6.824897,0.736643,0.818030
10.784032,5.907541,6.378327,10.854106,1.402166,1.590627
13.464144,9.485883,3.535215,6.623627,0.777985,1.087679
11.278485,7.642964,4.602922,8.084594,1.060453,0.141078
13.327221,9.205441,3.584004,4.108553,1.154266,2.560927
8.706738,6.648391,2.854067,2.764535,0.942990,2.344390
11.834854,8.419668,3.541740,5.491293,1.294652,3.190980
17.376282,12.203197,7.288314,7.398952,1.117643,3.755918
10.070269,7.251823,3.264593,8.506706,0.832110,1.164638
10.258269,7.226807,2.822030,3.692576,0.509324,0.540252
13.025804,9.550674,3.436785,10.020328,0.385064,2.848778
8.664921,6.499865,4.151713,7.614291,0.010063,0.176265
11.739579,8.103041,3.578835,4.225767,1.399547,0.087832
10.654164,7.703756,3.315555,3.437426,0.939850,-0.494726
6.667009,4.613271,2.222526,2.270968,0.507761,0.587351
5.699585,4.322823,1.823807,4.810221,0.672072,1.247350
11.371827,7.891407,3.509988,5.651244,-0.107532,0.125427
5.295809,4.176286,2.126547,-1.131551,0.145085,-0.124545
9.747946,6.963530,2.685736,3.782602,0.160870,2.868704
7.982130,5.903881,2.906279,1.589590,0.494978,1.199752
6.654236,4.893261,2.018053,5.833025,0.296966,0.074085
12.333353,8.735693,3.708097,6.600753,1.167811,3.788047
7.499500,5.472705,2.523863,-0.367074,0.026474,0.413289
17.148388,8.912459,5.805457,7.668746,1.436127,3.197330
11.897614,8.401322,8.843333,13.617972,0.967848,7.162506
7.307072,4.961575,2.503443,6.918151,1.445945,8.422837
9.924505,7.074015,4.111194,4.531809,0.440485,0.607784
5.515393,3.792849,1.559263,3.441921,0.514444,0.050524
7.543545,5.402497,2.081079,2.680855,0.001596,0.182811
9.959310,7.530573,2.925814,4.821696,0.539478,0.147073
7.281941,4.974001,2.327643,4.472037,0.560492,0.362318
16.942450,11.948754,3.777764,8.110462,0.862625,0.507604
22.727375,15.993982,6.230887,5.690518,0.752256,2.090822
10.372073,7.510669,3.311910,4.633805,0.635183,4.199851
6.207927,4.221762,2.693522,3.324714,0.408516,0.552224
4.710942,3.254351,1.845518,1.526778,0.185954,1.009067
6.569912,4.666873,1.710882,3.148150,0.407651,-0.445928
21.171701,15.001790,5.120236,4.868586,1.504317,2.651608
10.777985,5.215629,3.430382,2.493223,0.626317,3.378752
18.879065,12.731002,9.516050,12.904124,1.653179,3.644916
18.656830,13.375944,6.180352,5.950066,0.555144,1.107420
8.159396,5.870230,2.490186,3.587866,0.259329,1.334875
8.137975,5.816468,3.112688,2.956362,-0.037991,1.494132
19.333736,13.537408,5.462835,9.237922,1.133657,1.511863
5.654445,4.455556,1.635572,1.421890,0.091237,-1.195792
13.170554,9.742209,2.927495,6.891343,1.157423,1.840228
16.582804,11.309916,18.290581,39.196526,4.519828,8.669041
4.975662,3.510609,1.309173,4.698718,-0.043355,1.886848
5.566286,4.260635,1.736433,3.731584,1.017673,2.407366
31.043343,17.870657,14.792499,23.240952,2.323256,5.452178
31.626522,17.893587,14.856544,23.417500,2.954577,5.447404
6.685803,4.736721,2.431095,5.800719,0.514705,1.606133
9.055107,6.029377,3.025803,3.274077,0.610840,-0.534421
4.931040,3.071803,2.035802,3.317906,0.741963,-1.140911
15.900137,11.717301,4.995329,9.951833,0.734732,1.079052
10.164925,7.436683,3.418603,3.068185,1.560741,1.278294
9.698106,7.208328,2.948184,5.096704,0.783255,1.551941
5.395962,4.051186,1.560892,4.336945,0.892256,1.476641
7.513090,5.238078,3.100626,5.944849,1.004763,-0.698156
13.334812,9.804308,3.771376,6.456586,0.822788,1.891210
17.274530,11.990091,4.497552,7.766040,1.143399,9.673154
5.470279,4.044128,2.168533,2.468216,0.633246,0.775980
5.041253,3.454653,1.405923,1.477647,0.276950,0.261187
6.831767,4.646986,2.132651,5.582709,0.496651,-0.085887
12.423307,8.807789,3.699836,1.879578,0.621117,0.210727
10.982690,8.002287,3.153303,4.719316,0.507278,0.582150
15.069591,10.705192,4.254166,7.877006,1.088023,7.410119
13.737668,9.411757,4.320354,7.322779,1.304666,6.024954
6.633455,4.381748,1.842076,4.216443,0.224686,0.130447
7.782565,5.718375,2.411102,4.129186,-0.031256,6.728879
7.000283,5.325684,2.814880,5.143474,0.603960,0.404653
19.121552,10.536089,4.848746,8.505673,1.138243,1.977643
6.301749,4.485420,1.284783,1.968389,1.256217,1.052615
4.600312,3.234259,1.920864,1.872406,0.342455,0.189357
4.772285,3.352385,1.590859,1.066399,-0.247676,-0.128313
6.080715,4.812904,1.957460,2.913442,1.092585,0.936548
7.485381,5.713187,2.422188,2.251476,-0.087809,0.298945
32.242447,18.012039,11.532089,18.287195,1.757947,4.068353
4.682954,3.305463,4.027588,4.740888,0.687940,1.056386
9.922477,7.258790,2.599453,6.490177,0.137612,1.496532
12.371398,8.671875,3.729848,5.995009,0.092610,0.083759
16.761490,11.910916,3.956872,4.758836,0.440616,6.754184
5.463603,4.028088,1.794035,3.169710,0.235045,0.043334
5.012383,3.913529,1.464550,3.345876,-0.213574,-0.638504
4.526264,3.151174,2.126843,1.283669,-0.117380,1.222126
6.029192,4.407734,2.066170,0.471059,0.722512,1.321562
14.401326,10.128494,4.632170,3.439339,0.728456,1.124220
10.811001,7.877572,3.552436,5.189800,0.067462,1.244582
7.851907,5.864300,2.446776,2.452913,-0.122953,1.237834
5.650887,4.310892,2.187375,2.535391,-0.611545,0.133964
6.619974,4.974020,2.595900,2.051963,-0.048022,1.213029
7.312963,5.153631,2.100045,6.231323,0.487536,1.301487
4.143824,3.220077,1.984292,2.197050,-0.179386,0.963187
7.351753,5.529396,4.079144,8.973640,0.444342,2.219381
14.210264,10.389374,3.116548,7.749299,0.934482,0.631097
10.152680,7.185447,5.819420,8.237270,0.820728,2.063009
8.148647,5.927755,2.958459,8.122787,-0.196258,1.685078
4.412958,3.443287,1.726853,3.490220,0.361836,0.906732
8.398285,6.412762,2.649518,3.404525,0.758657,1.284201
4.691107,3.423621,1.796074,4.629330,0.930870,0.797546
14.905552,10.304534,3.025456,7.714264,0.981699,2.393156
7.602601,5.553267,2.572387,2.315863,0.297815,0.778144
11.812866,8.532284,3.161860,8.325121,1.062616,1.082333
12.833063,9.010958,3.289287,4.934784,0.797695,0.008230
9.129506,6.609929,3.057990,4.729866,0.383461,2.602422
17.420408,11.839231,4.600160,8.135672,1.264618,1.657285
13.222757,9.363142,4.032399,9.281723,0.534062,2.058504
21.611301,15.057485,5.679029,8.605880,1.425662,0.848931
10.449415,7.388599,1.891814,3.392335,0.336344,0.246016
17.233242,12.184051,3.985138,6.353344,0.768824,3.307831
16.630741,11.622985,3.697848,7.995333,-0.149639,0.833014
38.236221,19.731462,10.402618,12.316145,1.059882,3.531294
31.537823,16.229763,9.864891,12.572057,1.259055,3.491852
14.118544,10.165638,14.752723,15.963372,1.956133,3.029687
6.931887,4.647902,2.456178,3.422515,-0.079587,2.219207
11.446346,7.819669,2.986223,5.689429,0.445374,1.169848
6.001712,4.587690,2.259137,3.802357,0.185108,0.469797
14.512234,10.785028,4.443771,7.935187,0.621401,3.115663
11.575775,8.600451,2.953526,7.036685,1.253058,1.074133
10.850691,8.267900,3.547377,6.309501,0.282950,0.721577
9.181849,6.526076,4.055167,2.350882,0.418585,0.846181
3.917079,3.053728,1.365737,0.222110,0.828052,0.614367
7.218863,4.958274,2.131696,2.995190,0.053885,1.131853
5.199545,3.744342,3.287400,3.219168,0.853001,1.749524
16.020435,11.482662,4.592053,2.550840,0.542697,1.695837
10.039958,7.245236,3.552196,5.490378,0.225912,0.217438
11.370243,8.200369,2.628385,7.854375,0.748257,4.802739
6.238291,4.129568,1.690302,3.575906,0.489678,0.235718
20.599730,14.755903,6.310794,8.134415,1.012459,1.727423
5.359232,4.157628,1.072404,1.284932,0.489166,0.895460
10.116142,5.427735,2.567256,6.694525,0.290955,0.977056
5.285962,4.007303,1.936101,0.920956,0.209084,1.240526
15.734262,11.289521,4.599427,8.803343,0.555649,4.329067
11.720111,8.528622,3.025562,6.654340,1.069144,1.154063
9.724453,6.920551,3.314684,2.594911,0.000636,2.012412
14.521196,10.415183,4.817602,7.331089,1.583817,1.470738
8.543509,6.136368,3.074212,1.473156,0.503193,1.184155
3.995870,3.046518,2.150653,2.538341,-0.173010,-0.258922
10.242627,7.577769,3.418804,8.259602,0.798754,0.705485
5.015143,3.852930,1.858847,3.028271,1.064149,0.177602
12.745424,9.200933,3.211910,5.446859,1.256022,2.618766
8.980389,6.487102,2.430809,8.981277,0.045338,1.799982
8.982075,6.680518,2.713604,6.669789,0.680815,1.638177
7.378509,5.238907,1.919238,3.445612,0.604447,1.223296
12.062751,8.395330,3.592993,4.339927,1.074128,0.254990
15.995452,11.064094,10.685239,20.801884,1.965899,2.226983
21.065826,15.064282,6.397115,11.307691,2.075641,9.830200
8.388963,6.277941,2.656523,1.634421,-0.188798,1.322943
17.729244,8.188578,7.584040,11.068438,1.452492,3.401886
15.346674,11.247502,4.536998,5.860697,0.365343,2.244295
13.610332,9.573548,3.848138,2.235413,1.156531,0.626010
8.342183,6.348388,2.989241,4.023346,0.414132,1.287246
12.367646,5.305959,3.786941,1.899167,0.922605,2.038129
13.881109,7.396874,4.364246,6.288692,0.427178,1.621512
8.760445,6.207418,6.496613,8.148527,1.196873,1.060054
18.269499,12.939398,8.342216,7.851611,1.960170,1.127277
17.841616,12.764013,4.548360,6.293939,1.081806,2.026255
4.432138,3.383992,1.702129,3.344471,-0.081994,1.129670
7.289542,5.258379,1.960394,5.973729,0.627247,0.325868
12.849283,8.950253,3.741467,5.938703,0.635560,2.456802
18.547901,12.904502,7.792732,12.858096,1.599170,7.679059
14.594708,10.205604,7.508711,12.599639,2.826902,12.502752
27.741739,14.273743,9.302724,15.018659,1.426809,2.033145
26.246452,14.215389,9.425997,15.375525,2.079951,1.465141
7.685325,5.513160,2.909549,2.098671,0.435596,1.583461
40.031910,24.554590,35.945595,52.431168,7.131613,20.877398
9.716211,7.242235,1.711902,4.053701,0.810899,1.939936
12.020890,8.246883,5.744469,6.528102,0.822374,6.161301
6.656388,4.913274,2.987037,2.535819,0.512852,0.121612
22.406925,16.153805,5.545348,9.984662,1.824645,1.855416
7.465963,5.446104,2.538058,1.855799,0.592777,1.396587
11.680842,8.541550,4.435212,6.696968,0.325073,1.054977
5.976543,4.450471,2.251103,3.894161,0.838373,-0.389602
5.945143,4.059281,2.536781,3.918354,0.682372,0.622099
13.485291,9.459676,4.280903,4.966055,1.102734,10.577299
8.963657,6.292934,4.842092,6.911561,1.095446,2.465876
6.264086,4.643774,2.180169,3.516779,1.017820,0.399143
27.669489,11.484648,7.031421,9.918954,1.755129,2.209880
26.225750,11.487186,6.979506,12.467608,1.530759,2.200133
11.789051,8.285110,11.444711,9.655075,0.413971,3.653970
6.711726,4.671420,2.777331,1.694557,0.470181,0.592871
25.769165,17.691031,6.371710,10.238501,1.347379,2.511375
9.855916,7.325244,3.243515,3.886155,0.112518,1.037080
13.339725,9.638373,4.061726,3.759777,0.356870,0.737243
4.574574,3.054072,2.217860,0.882887,0.374017,-0.526566
7.379510,5.315901,1.971357,1.471684,0.597916,0.940301
4.535049,3.234958,1.384138,3.286147,-0.281338,1.339049
14.358722,10.337549,3.514360,7.071118,0.654769,0.671120
7.513926,5.499451,2.743087,2.275313,0.921566,6.464202
14.860410,10.918503,3.155895,7.776660,1.029779,0.209306
21.475731,15.404894,11.803291,14.083304,2.008212,4.634684
10.438647,7.316542,3.676049,8.320440,0.520297,1.245753
12.791320,9.222157,3.604846,5.044788,1.082172,1.487680
17.145529,11.907366,5.533736,3.516514,0.443873,0.638679
9.937494,7.308141,3.066978,5.594723,-0.869703,1.286795
13.399381,9.213794,4.240258,4.443333,0.062338,2.473450
8.112208,5.529543,2.377651,1.838468,0.622524,0.206596
7.525420,5.544624,2.149624,1.266349,0.939756,0.336169
3.974591,3.125074,2.459753,1.440416,-0.150665,0.903705
12.331152,9.012750,3.163504,2.697192,-0.508369,0.062181
7.092477,5.523915,2.869164,2.761838,0.638090,2.511933
8.444363,6.171232,2.680054,5.488702,0.393116,0.722799
10.705634,7.937140,2.955171,3.675085,-0.266391,0.293965
19.322527,13.769617,4.387218,10.259514,0.920600,0.554054
8.109412,5.726091,2.148638,1.493865,0.291109,-0.206774
9.765139,6.621165,2.877847,1.552442,0.282955,1.201678
7.986417,5.790828,3.000295,1.343212,0.280982,1.117314
16.618275,11.727066,4.901359,9.553549,0.790210,2.355056
9.870620,6.948566,2.916611,2.738121,0.141603,-0.211922
22.726950,15.744621,7.577795,7.278850,1.154324,0.811458
20.915916,14.807054,7.416383,10.929413,1.334955,5.026368
8.854958,6.619066,2.435498,2.321120,0.440721,1.178095
8.803044,6.333111,3.252656,4.187258,0.439705,0.428996
17.364347,12.143099,10.011538,12.329299,1.787470,17.666965
12.861088,4.970739,6.063838,4.945099,1.738656,3.632861
12.552203,5.037627,6.040761,6.131457,1.912805,3.475136
13.453689,9.806333,3.962077,4.390003,0.249483,2.309967
3.745863,3.052955,1.307821,1.951716,-0.004877,1.055131
13.435330,9.581857,6.571826,4.027002,1.201769,1.490923
8.007063,6.065283,2.566082,3.993631,0.523990,1.538346
16.030958,11.668974,4.215002,5.227011,0.252247,2.065649
7.043305,4.986031,2.428296,2.885578,0.514103,1.622609
6.324384,4.636618,3.125085,4.485670,1.056988,1.223553
8.311869,6.076114,2.640344,5.173630,0.456776,0.949463
7.317544,5.512909,2.539321,1.172828,0.753690,1.386274
15.721681,11.191678,4.025191,3.024141,0.561727,0.440923
11.686341,8.369136,3.126475,3.801347,0.956493,9.992166
13.577629,9.821659,4.377855,5.766506,0.555866,4.611999
59.169048,25.131971,14.178721,18.921263,1.395507,4.778077
59.780556,25.109400,14.616487,19.376316,1.668670,4.690824
16.282251,11.421764,6.666770,4.041939,0.778996,0.897959
11.500371,8.036197,3.524821,1.332590,0.368607,1.442150
8.405215,5.936975,2.371832,2.968106,0.694743,0.334023
10.329710,7.416326,3.468506,5.273494,0.497585,1.843064
7.521757,5.409142,2.859661,-1.410586,0.363291,0.691590
25.667500,18.432623,7.987180,9.952079,0.655181,3.786773
26.356585,19.136906,8.522886,7.130929,2.009947,3.998646
18.746319,13.189033,6.172409,5.097745,0.368532,1.195309
6.283630,4.668286,4.120148,3.281305,0.843270,1.721508
17.643953,12.754025,3.825184,3.822848,0.261227,0.817046
7.797552,5.871920,4.070157,1.439383,0.941590,1.994760
12.651395,9.086895,3.140757,4.031065,0.215589,1.494322
4.889258,3.860242,1.721357,3.096712,-0.113092,-0.428720
21.443190,14.572676,12.213307,11.498990,1.362789,4.521311
10.614043,7.630430,3.098873,4.563451,0.377861,0.790057
34.421238,23.091225,8.957526,14.702362,2.040869,1.194603
6.533082,4.789423,1.832330,1.650047,0.368296,0.615662
14.562246,10.422469,4.608554,9.545164,1.080970,1.825165
6.359811,4.443248,2.520112,1.192940,0.205226,3.544253
5.505796,4.287045,1.959339,1.815112,1.058635,0.153637
32.526241,15.226583,16.311905,17.797552,1.905251,3.253351
35.910984,15.343946,20.615879,27.724878,2.322203,3.043245
6.385026,4.631630,3.006086,2.303545,0.336405,2.220454
10.711720,7.981903,4.936318,4.576082,0.768016,2.226501
6.188375,4.708905,2.409626,-1.629146,-0.050214,1.424087
6.573904,4.631273,2.639190,2.527916,0.142031,3.228905
13.627095,10.127428,4.265347,0.690851,0.923406,19.810608
10.956636,8.064686,2.916582,1.742213,0.156155,0.009324
5.891551,4.460635,2.724591,1.864614,-0.475961,0.013087
9.118146,6.816328,2.858676,0.029585,0.219225,1.076635
19.961321,14.460197,5.585947,3.923745,0.548758,0.484537
6.111249,4.596149,1.857787,0.251203,-0.158427,-0.327161
9.029564,6.531384,4.203658,1.943274,0.403002,0.332883
30.100891,20.549582,7.533853,9.000862,0.997596,3.336558
5.406871,4.060385,2.000021,1.258318,-0.162573,0.895850
12.496305,8.788223,3.581935,2.962321,0.316079,0.404451
12.544497,9.098810,4.105929,4.889418,0.213501,1.018465
4.847308,3.277016,1.772184,-1.293500,-0.192395,1.747113
13.202691,9.071428,5.729225,6.222897,0.340471,1.563628
10.620140,7.164229,3.399512,3.220781,-0.159691,1.660257
19.681971,11.092526,5.311076,5.862968,0.878278,0.654822
9.849084,6.890029,2.835819,4.312398,-0.000603,1.478357
18.289320,12.508606,4.698156,4.612456,1.387598,0.403640
4.560555,3.136950,1.864068,1.734409,1.163657,0.809058
8.896487,6.214509,2.350300,2.085259,0.197192,2.470419
19.955101,13.945361,5.419732,4.475422,0.789487,2.045436
4.307701,3.288036,1.951818,0.942608,0.894963,0.467440
10.007126,7.218917,3.641420,2.852988,0.322180,1.891404
20.035297,9.210068,6.603335,6.170105,2.018621,3.814452
16.729746,11.420598,4.405103,2.359282,0.396960,0.205608
7.538875,5.350057,2.489514,2.616036,-0.526166,0.744757
12.007202,8.599254,3.935237,3.426234,0.137015,1.481304
33.423046,22.524471,10.677397,13.000948,1.964155,2.692436
17.661394,12.280039,4.787222,6.601418,0.809820,1.558900
12.953354,9.306815,2.988214,4.766396,-0.239895,0.350997
7.359811,5.595002,2.690206,2.369905,-0.216869,2.323631
4.887879,3.709659,1.841123,1.190948,0.292985,0.878796
12.743512,9.107387,3.417303,2.957781,0.234819,0.569954
6.956314,5.010397,2.180216,0.473256,0.064283,0.365674
10.076000,7.224182,3.451351,5.192639,0.060838,0.096294
6.237699,4.423665,1.953676,0.280677,-0.179070,0.615815
5.722072,4.207020,2.422659,-1.306520,-0.292153,0.458317
14.770333,10.616801,5.146655,3.018824,1.648597,3.173367
13.396900,9.373552,3.655761,1.042543,0.142563,1.357263
4.967424,3.868892,1.622281,0.954747,1.311373,0.926826
19.061756,13.896904,4.934093,5.416481,1.477745,9.768191
14.645044,10.231268,3.954531,5.834779,0.732992,0.974675
18.345894,12.506035,15.602747,19.145311,2.540618,5.555586
8.218668,6.086589,3.474696,2.147909,0.609575,-0.010541
6.149925,4.586570,1.633264,0.199029,0.301857,1.262477
12.215707,8.901110,3.670561,0.988867,-0.115508,2.099860
9.553698,6.824687,3.051704,1.983260,0.810072,-0.089002
16.240391,11.425448,4.827577,3.507866,0.614169,1.522044
5.558726,3.939265,2.557837,0.722111,0.222769,-0.301900
12.488574,9.177121,3.993150,0.577859,0.892038,1.921496
24.459583,16.297047,6.786138,7.475202,1.192951,4.607821
6.854032,4.616376,2.223738,-0.529757,0.564484,-0.058872
18.470303,12.967024,4.495721,1.643911,0.498385,0.833654
11.907658,8.764185,2.981639,5.503548,0.635370,0.790796
13.158247,9.090820,3.607712,0.799861,1.110019,6.935889
21.073132,15.090036,6.128456,7.143664,1.371064,9.395967
22.432016,15.804625,11.246017,11.157398,1.397426,5.692949
17.997562,12.581282,5.453626,6.654885,0.992079,1.356621
19.297579,13.489865,5.672866,7.565203,0.735649,32.031639
14.710625,10.253996,4.578531,5.197220,1.006954,5.770152
27.346292,17.909367,12.992383,21.129246,3.644675,30.409094
12.753354,9.058475,3.222850,5.709819,0.553244,1.590034
10.191015,7.332144,9.871086,7.589801,1.473796,12.114690
9.228815,6.621656,3.099556,4.231242,0.064857,1.312450
5.470737,3.629180,2.078238,2.379395,0.056749,0.463791
15.201591,10.976370,4.046513,6.470828,1.183980,1.151834
5.425609,3.841116,1.958677,2.103822,0.028469,0.707144
6.209359,4.740573,2.157666,1.741864,0.262571,1.501512
22.762112,15.567735,7.364660,8.720129,0.918446,2.929866
10.367327,7.354523,2.871617,5.388384,0.628868,0.515029
12.127023,8.523240,3.547399,3.977147,0.190389,1.916808
34.339382,18.697451,9.749297,15.822647,1.303594,3.129692
9.412874,6.295866,3.124012,3.869759,-0.299475,1.220533
18.855171,13.277688,6.723886,10.368273,1.528723,6.474314
16.767630,11.469794,10.193324,11.685951,1.465861,0.795982
11.444197,8.563572,2.573426,5.192627,0.197213,2.839243
10.160658,6.898708,2.931104,2.750263,0.397735,0.692501
14.186172,10.031604,3.650794,8.591758,0.416460,2.445349
12.497960,8.999639,3.488649,2.306107,0.470409,1.639373
9.261898,6.857853,3.164711,6.284722,1.157591,2.654234
18.370024,13.183262,8.995275,8.734067,1.031296,3.612620
10.345763,7.115557,2.807371,4.931171,1.014694,1.532479
5.851101,4.448006,2.483053,4.799096,-0.021608,0.785300
13.375416,9.244715,4.077667,3.061956,0.882277,2.712358
20.876955,14.585188,7.524756,13.318476,1.933599,1.221049
19.224480,13.686165,8.642354,7.704188,1.389976,0.915579
8.192522,5.601204,2.533025,7.075511,1.306177,0.738815
10.680436,7.192894,3.633766,5.980820,0.245225,2.480593
28.412523,18.313358,14.008792,19.133131,2.910564,3.235740
15.145114,10.935996,10.319253,16.430159,1.706381,1.154689
4.418179,3.165215,1.679061,6.777524,1.019442,3.183265
6.615788,4.746078,2.322479,9.380427,1.216642,1.636348
10.969695,7.738692,2.635366,15.439048,2.566689,0.674961
17.781998,12.836734,4.800569,16.924805,2.706912,1.883605
14.362404,10.615481,2.914334,20.949522,3.363628,1.759526
11.375842,8.325530,5.681841,25.407705,4.287426,2.927710
31.201096,18.124527,26.699406,56.137772,7.416343,7.713908
38.841331,16.763926,20.694525,51.333202,8.537805,14.597003
83.246162,45.198391,116.126755,183.309509,25.444574,37.398979
112.684639,39.997589,249.725723,407.329376,67.645348,153.311981
82.262115,30.461103,80.716164,163.746506,23.034391,33.367256
90.954376,39.115246,144.594498,228.946335,34.279030,52.547516
143.789810,50.994671,209.094284,342.506714,48.825996,82.850487
180.862000,53.987740,301.367981,405.935364,53.645187,132.435242
147.129776,35.664356,162.945908,237.225876,31.459406,67.605736
116.477348,44.481876,104.373932,154.105545,21.020546,39.806713
101.600700,27.394651,175.504929,254.313858,35.253902,65.115471
118.721260,27.408386,181.798157,273.758026,37.425285,60.626545
116.809418,29.732010,113.746315,198.281647,26.090281,28.983896
116.164162,28.143574,102.820335,184.644165,23.695261,36.619968
90.077705,28.212523,80.755707,151.040741,20.246874,34.584858
57.512920,19.019495,44.896030,103.989037,14.833496,22.178328
121.551010,37.464844,74.596550,126.670242,20.970425,41.769455
107.193771,30.011650,85.084938,145.694199,23.224308,49.182175
144.137741,43.951698,152.941040,236.385071,32.995461,82.605530
226.412827,53.802917,191.394394,280.776184,39.329231,104.294037
203.410782,53.838829,168.787109,267.013275,38.159599,86.785919
160.931107,56.492722,176.311462,278.064117,39.489971,75.645180
196.619308,58.026237,262.653351,422.685669,69.916321,169.088043
229.208389,52.101738,333.189484,524.233887,79.107628,159.927734
179.386536,43.414799,185.320404,285.016052,39.433235,63.918739
182.701111,49.372025,177.765305,290.511627,40.936401,63.216663
252.051804,69.069649,384.258362,595.330994,78.999039,174.227264
207.371582,58.377720,246.810471,381.634460,51.257420,95.795837
216.588043,57.470047,563.612000,754.388672,108.954666,266.849487
222.454926,57.330486,904.381836,1169.149414,168.094040,388.345459
199.548309,50.543663,826.412842,1128.327271,157.529800,315.854889
190.606964,43.616451,383.284180,577.541321,74.800095,124.259903
240.526978,65.631989,208.417801,306.186554,41.070099,84.072563
138.517380,40.108368,147.518906,220.268066,28.339365,67.964203
131.523468,33.703136,142.733627,186.406433,24.765676,52.511780
54.590523,22.519144,44.228058,86.656097,11.950027,29.807405
63.480785,18.289436,59.990391,98.437057,15.305831,64.065918
74.322197,28.972338,71.179672,124.839264,17.900236,29.172182
15.526932,5.342000,6.935733,55.710697,8.460724,13.490902
56.626804,25.524412,58.609711,109.789246,16.498993,35.887203
56.147873,25.063341,66.992432,129.540131,21.543699,29.111042
6.414352,4.571131,2.070864,31.971373,5.470051,2.245141
10.747580,7.911560,6.051314,29.830032,4.315680,1.497157
12.936697,9.272039,3.741914,22.929932,3.921401,4.069564
16.277605,11.814869,4.244548,32.161510,5.194516,3.278602
16.817698,12.099155,7.304027,38.425564,6.666313,4.525743
23.035408,9.730031,11.906981,44.104839,7.141343,11.128922
49.409309,23.155094,58.471554,108.529053,15.607500,23.589926
47.944977,15.121227,95.663269,178.390945,21.312920,26.226091
24.889204,13.838151,22.172665,74.828194,9.850142,12.073563
69.946106,30.358297,128.108932,208.463852,27.308130,40.228920
52.721653,25.101868,48.100636,126.335693,15.895013,19.847099
32.349480,11.066965,14.379181,64.628151,9.276742,13.093039
103.824020,37.646626,171.728912,248.335556,33.101391,56.456436
177.148315,44.142792,398.721588,560.783508,77.783241,222.212265
193.684586,44.136253,439.249451,608.373413,84.238831,222.457108
211.525772,50.793961,393.336945,568.657837,74.742081,208.938126
215.479568,50.712456,354.014404,543.583984,76.630974,184.662277
202.499054,47.042847,303.475006,467.573364,69.336037,145.327774
175.363068,40.425270,546.130981,809.257935,112.327286,225.621216
168.981033,46.644024,373.496674,678.658081,93.951363,117.288460
168.745819,46.691402,340.647919,597.265869,79.891739,86.762299
179.278763,57.346943,211.979080,327.864349,39.379791,57.264538
91.895264,43.187077,245.139801,347.608002,47.988014,103.955734
11.142306,7.901790,15.714069,69.328201,9.637123,12.914697
98.247833,41.166332,83.574890,150.123383,23.099270,36.574337
91.677559,27.039759,92.412506,187.368240,25.044943,32.223644
64.336250,22.491350,57.321640,150.930954,18.731081,25.344601
90.615669,33.083973,132.831055,220.078796,30.556524,68.405403
141.334442,35.857170,199.292938,304.612488,40.146858,79.156967
117.497162,38.410564,114.699562,218.281219,37.145504,98.638939
77.469383,28.900928,85.263702,161.559494,23.174696,35.358063
136.569595,44.712498,178.758194,264.494568,37.276894,54.972702
127.543015,39.186275,248.689896,409.651550,55.494408,124.100510
135.512497,40.657917,106.044167,201.458008,28.197750,55.818813
167.984131,44.172512,148.977386,236.010895,35.426144,54.857178
143.395874,51.673027,214.817291,317.278717,40.655621,57.677429
88.834511,27.206652,53.896267,111.347633,16.924526,19.502989
116.505348,48.296543,73.031364,164.469727,21.743237,22.053661
88.153679,28.718821,91.318855,148.661530,21.927725,35.870140
84.535774,23.592091,58.506962,78.996010,11.524703,32.629353
108.777824,33.819401,195.171463,248.858109,45.839458,101.339386
190.681076,50.717613,1601.179199,2317.263672,316.235199,450.083588
219.500000,59.916256,675.456116,994.366821,132.007843,261.099182
89.172577,46.141613,70.877342,144.857101,22.851282,32.571682
77.522354,37.581665,52.915924,103.116692,14.782433,24.331593
106.677628,34.258755,75.992363,142.171585,20.846550,27.307026
51.364555,17.753578,23.400482,57.826965,9.340076,33.911118
74.930580,22.020243,32.566319,68.056084,12.089171,50.473160
54.608665,22.035730,23.080185,57.910244,9.449069,38.297676
143.231125,51.683041,86.698532,147.188736,22.902153,64.323181
157.003036,53.998077,119.233940,175.970749,26.509176,63.423134
111.785194,48.459518,212.266266,307.050049,42.297810,52.780205
127.461182,40.573200,168.331833,255.337296,36.169140,65.038078
138.205246,40.571850,167.326248,243.415695,30.925634,56.999676
114.749748,35.798767,198.282516,280.489594,41.059284,133.817184
33.041897,18.071739,36.302513,74.730576,12.175773,21.505283
16.700399,7.534083,6.373287,48.531364,7.776795,8.913099
65.382812,24.459898,32.169449,74.178856,11.314423,31.193983
112.476387,39.587120,58.411083,126.233398,17.716528,29.691717
91.822975,32.945251,47.601662,117.435783,16.224037,31.297628
178.003891,56.775047,301.893158,394.407104,56.526508,115.625366
193.008759,56.760326,315.078094,464.252747,59.978294,109.057510
135.610931,37.418251,153.180618,251.822144,37.205505,63.072636
236.167587,64.919296,244.575180,355.843048,49.909103,113.107681
259.973206,64.607964,235.677917,350.368103,49.937355,119.996635
126.930832,38.999573,251.335953,375.377167,54.203255,101.228668
69.146217,26.832880,160.568527,265.507751,38.284454,87.333618
24.602472,17.116972,16.908670,44.677162,5.328917,8.020700
15.086535,6.696403,13.245941,26.807964,4.338782,4.208455
14.473519,7.105903,10.071115,29.030977,4.688920,3.139876
9.251695,6.585721,4.042704,21.758202,2.169314,2.598091
12.535069,8.277143,3.378012,16.382814,2.110594,2.600132
5.233123,3.889592,2.138425,8.131301,1.028662,0.637730
25.553501,17.498787,6.591191,11.003644,2.800878,1.663978
7.877208,5.799908,3.633023,11.334453,1.351728,0.119711
22.741995,15.752904,7.395744,10.823579,1.933557,1.692002
13.895644,9.859338,7.790274,11.410672,1.085678,3.686286
20.754267,8.454323,6.407763,6.793803,1.197286,6.350583
19.338194,8.634713,6.384588,8.694369,0.948105,5.432946
7.831187,5.425877,2.538125,4.448671,0.668023,1.285181
27.010359,14.525395,17.848574,21.441261,3.257070,5.057333
6.231520,4.196400,2.964558,5.591373,1.375057,-0.200641
7.223289,5.057948,1.434574,4.554105,1.037803,0.954717
15.527111,11.065807,3.900101,6.544452,-0.252135,2.295220
17.621340,12.394339,4.125087,5.263255,0.286458,3.797027
9.144403,6.682248,2.820122,2.982478,0.637674,1.010180
7.455581,5.200838,2.200900,1.336182,-0.045670,-0.080445
9.288509,6.769645,7.249618,7.928183,1.334823,2.643756
7.685691,5.637547,2.415781,0.622039,0.535202,1.369456
6.029119,4.238149,2.210753,2.577270,0.308466,1.486670
7.321403,5.084851,2.729372,1.885730,0.210856,1.276882
13.587508,9.329741,4.215905,7.156371,1.376109,0.911741
19.240417,13.888189,5.117925,6.042826,0.371839,1.980833
14.403566,10.124732,4.088054,6.642243,1.101558,1.608282
17.127258,12.672514,4.454563,4.256678,0.565297,1.586699
7.911208,5.947333,2.373065,6.314838,0.379787,0.718895
10.447489,7.809501,3.056460,4.196805,0.646204,0.535220
9.996710,7.502488,7.268964,10.606076,1.325168,4.266172
23.831280,16.894461,9.143852,13.191040,2.367220,1.395127
5.548463,3.941663,2.281031,1.566705,0.272373,1.422963
15.758677,11.313740,4.781880,5.495033,0.392248,4.166076
11.728207,8.423205,4.915246,8.085073,1.022004,0.667207
7.255336,5.387034,2.537905,2.154451,0.722784,2.202700
5.579777,4.170423,2.501568,5.568102,0.531604,1.934263
4.583982,3.380030,1.819345,2.323529,0.267515,1.172730
12.427094,9.104732,3.423628,4.789506,0.270106,0.610530
8.530981,6.254380,2.585220,4.202814,0.636571,1.982332
9.066960,6.797699,2.492132,5.619938,1.587298,3.312444
17.077900,11.876194,7.976609,12.997311,0.911195,2.876729
16.157766,11.347508,5.482363,4.256451,1.050617,1.356288
14.357199,9.859072,3.207697,9.884380,1.489362,1.149790
8.022213,5.728756,2.930783,5.666770,0.999383,0.748547
8.147237,5.671307,2.336348,3.005976,1.060591,1.037646
6.555499,4.554760,2.216552,2.516998,0.530974,3.106496
22.655003,16.045212,6.253148,8.108760,0.995667,0.754515
18.491165,12.896247,11.458351,22.489313,4.160582,5.175106
15.278831,11.056383,4.191288,11.767507,2.324039,1.198661
4.544761,3.560256,1.969608,7.345795,1.651311,-0.444566
9.670321,3.792893,3.527394,9.837131,1.641138,7.230666
35.109802,19.316736,28.493170,38.828922,7.824769,22.677929
85.527962,36.481121,102.508141,158.162598,21.751993,40.488529
102.525200,48.328938,51.821133,98.072182,11.699652,20.400949
96.166946,32.262455,227.547592,325.115662,43.190529,78.838867
147.869675,46.078846,195.785034,286.874084,39.257439,81.870850
92.980934,28.830431,95.496971,140.815811,21.402685,44.482128
162.617020,53.780140,221.518936,329.493378,46.510231,79.308853
144.272598,53.664066,192.518463,318.964783,42.824173,67.983292
48.836430,24.508238,24.260496,74.475861,9.285891,11.239380
189.182983,57.739010,450.910889,612.775757,88.964645,204.454712
181.241821,44.162884,266.677155,391.749756,58.058720,123.408546
236.805832,80.411415,480.214233,682.171997,92.561172,247.922852
187.775452,57.294971,201.691650,295.481232,42.113602,71.334984
66.526443,24.613844,60.379902,117.108368,20.642956,39.753857
95.576180,25.744566,170.173309,216.275833,34.988018,79.091446
89.733971,25.960476,112.253647,122.563843,15.707513,40.021759
78.700821,23.671553,42.455132,59.626472,9.111982,20.592482
35.715885,12.774614,26.668983,35.466568,5.574397,19.110218
14.289717,9.108603,11.537934,18.748589,3.767267,5.891723
13.663337,9.833539,3.657576,8.540410,0.229135,-0.006743
4.597629,3.066616,2.061417,4.189044,0.717721,0.550424
4.713296,3.609636,1.687052,2.095754,0.731909,2.072170
4.842159,3.425230,1.349700,-0.164062,0.728017,0.122221
7.555509,4.847054,2.601154,3.791560,-0.158080,1.308263
11.736502,8.771906,4.958482,9.262267,2.320056,1.873385
28.213242,18.959244,8.810048,13.425025,1.686031,4.202734
10.541659,7.529686,3.523011,5.150571,1.029648,1.304829
8.498884,6.201863,3.051665,3.480125,0.359404,2.476043
11.012633,7.747689,3.424313,7.384468,0.872106,1.831957
19.470562,10.102154,5.263757,5.595167,1.552210,6.659211
19.134939,11.368269,5.842513,6.409549,1.188747,0.848766
12.893570,9.140512,11.917898,11.800249,2.223259,6.180554
7.628923,5.805462,2.475453,3.895336,0.766699,1.138132
6.354822,4.520459,2.627514,1.492392,0.621442,0.927457
9.241095,6.856608,2.179012,4.419559,0.539341,1.032960
5.386056,4.210907,2.080629,2.278254,1.260169,0.182966
15.203034,10.682075,4.000682,5.021431,0.482504,-0.290242
16.629530,11.781808,8.159476,16.277992,1.958139,2.250487
13.421873,9.810503,4.339172,6.761259,0.632928,0.647579
12.453897,8.615358,4.154781,4.232008,1.797513,14.129266
53.914349,27.287090,17.853693,24.405235,3.998688,5.865743
53.452072,27.247183,17.939943,25.630625,3.599870,5.472510
8.778114,6.477454,2.806231,2.399767,0.391360,0.021023
4.235992,3.267114,1.701397,1.026228,0.290618,-0.651915
9.349953,7.139207,7.021161,7.179374,1.562768,4.018975
5.246339,3.652304,1.732393,2.035651,0.047810,-0.073657
9.944892,6.970354,4.215482,6.038854,1.522220,1.545855
15.300301,10.848495,4.769811,5.566395,0.936702,2.675734
12.909164,9.030336,3.900524,5.691829,0.621388,0.775652
7.632300,5.146693,2.188119,0.158744,0.115435,1.393303
6.269648,4.748165,2.600438,1.198728,-0.021124,1.854757
6.198701,4.219363,1.687565,1.498151,0.399727,0.326276
5.652509,3.927370,2.256405,2.288733,0.027403,-0.308713
14.165931,9.806451,3.385903,2.965477,0.972658,0.283085
9.944513,6.966567,3.411525,1.502528,0.154972,0.379094
8.956861,6.446828,4.555965,3.881047,0.480694,0.560032
11.914789,8.602297,2.780389,6.189265,0.917432,0.501543
16.904346,12.289663,4.329963,6.006305,1.266156,1.434564
7.746843,5.453768,2.656715,3.321862,0.083698,14.171649
24.952547,13.333332,6.431579,5.925882,1.273311,2.412538
5.860154,4.631858,2.112635,2.860734,-0.632361,-0.049834
11.898448,8.303305,4.726206,5.425884,0.900883,0.919685
6.218901,4.435282,2.115498,-2.033403,-0.677722,1.330803
5.690026,4.104677,2.181659,-0.064928,-0.021252,1.142031
47.481407,27.657799,48.131073,62.004822,9.989411,20.726841
5.841887,3.920508,1.554426,0.134123,-0.854959,1.292644
19.568840,9.707417,11.250115,17.493578,1.665746,4.531847
11.820977,8.489053,4.236542,4.169463,-0.271638,4.263545
29.884989,21.486929,13.191268,11.947083,2.410225,3.260093
4.912188,3.691997,2.260122,0.935470,-0.254771,0.081633
5.246159,3.919989,2.207108,2.191361,0.356574,0.346922
7.325257,5.079642,2.330340,3.561381,1.403625,1.354295
26.267252,19.129271,8.405964,7.835876,1.457252,2.400271
18.165930,13.048598,5.428723,9.433689,2.649198,7.709158
24.644104,17.203089,6.361511,11.732903,1.305642,1.658965
13.840302,9.911432,4.087267,3.101639,0.805733,2.311316
11.927978,8.414540,3.658557,4.644428,1.307943,3.013227
5.055332,3.579593,1.209800,0.453519,-0.097481,0.731347
9.842952,6.845843,3.326431,6.986591,0.139806,0.952492
10.397528,7.699928,3.504046,3.959538,0.106320,1.464128
5.730239,4.326849,1.956906,3.348564,0.504494,0.801365
15.357380,11.248899,4.907028,6.232957,1.026383,0.027359
9.237674,6.489493,3.067674,6.368708,0.379085,0.513611
7.261286,5.692897,2.608751,5.612695,0.232595,0.319303
16.430004,11.409878,18.676266,21.931274,2.093001,5.528006
10.343261,7.740764,2.992050,6.939114,0.652447,0.081825
5.320232,4.029387,2.017698,3.809827,0.438529,0.536565
10.686011,7.738266,3.001152,7.185231,0.478023,-0.251926
8.214188,5.855937,2.836923,5.751256,0.487117,1.746603
11.068979,7.588742,3.229740,5.237831,0.529946,-0.066152
10.762022,7.793311,2.415159,5.810287,0.904353,1.920195
7.572856,5.441043,2.768590,4.563325,0.818197,0.959624
9.400855,6.875183,3.402391,3.049575,1.158257,1.410371
17.099524,12.204389,13.877844,16.385942,2.313356,2.444729
15.947735,10.328506,5.079155,9.737879,2.312141,4.838374
6.940209,5.013953,3.084801,4.336807,0.360251,0.885099
4.834889,3.470783,1.370359,-0.236508,-0.062881,1.482858
6.588675,4.549508,2.368010,6.628783,0.660846,1.753356
5.973026,4.435401,2.120065,4.242861,-0.060493,1.647602
12.043306,8.908508,3.320339,4.659337,0.551346,1.139500
5.249673,4.045591,2.316893,3.965654,0.840186,0.597387
13.554229,9.246167,4.108659,6.552971,0.135882,0.617205
32.449745,20.500366,31.982929,48.062302,6.819128,19.875637
15.130295,10.812538,4.124861,9.952354,1.430685,1.620763
5.726949,4.128788,1.849420,3.905006,0.472579,0.333602
13.010079,9.322982,3.659615,8.112259,0.620683,1.326609
9.182423,6.676936,2.662948,6.239927,0.772727,3.058414
9.912327,7.041619,2.375377,6.169501,0.909263,-0.000422
55.226177,33.570736,37.216953,52.433052,8.659429,13.082192
21.076014,10.598866,18.713573,45.464069,6.625754,23.949554
84.828987,35.318298,54.428921,97.044037,13.332973,17.348995
82.919876,24.310858,53.781746,103.520302,13.306945,15.804514
50.265980,22.740166,37.790993,74.157280,9.925455,10.709191
29.447157,20.473951,10.776093,22.037706,4.483636,14.532083
9.311282,6.809150,2.643669,13.429951,2.347670,0.883937
14.123488,10.119919,8.291391,25.175375,3.732560,4.568671
102.161766,46.476448,93.890030,143.264374,19.073048,23.317106
63.461384,39.033115,23.470114,54.355293,8.612681,29.710890
21.338516,10.414012,8.159282,34.648540,5.029246,5.551133
34.518101,14.243914,15.656864,41.867405,6.248884,7.544151
57.601013,30.259111,36.662128,70.952011,10.116810,12.179080
30.514978,12.903457,20.838991,63.299156,8.018787,8.094207
96.860779,29.532507,114.711037,204.443573,28.404449,35.438545
110.603111,48.328323,66.123459,111.067024,19.342386,48.023766
119.297775,32.099892,92.596977,146.323792,22.622137,48.451878
132.545792,34.907764,151.008362,221.877411,33.139900,105.289299
97.256859,34.921185,127.197105,204.835159,28.613514,87.781174
60.935585,26.960398,58.574245,102.508270,16.334209,19.048113
122.182320,41.898144,108.341934,191.877823,25.821199,31.816959
80.476974,25.955351,103.350288,206.917786,26.990999,35.258026
82.267365,31.907379,153.485123,230.478668,28.700855,39.382759
56.369106,26.376848,92.476837,178.923447,31.267759,52.517395
99.178154,28.794081,153.966583,212.554245,29.939447,51.164383
118.640427,42.968803,160.929047,229.192642,28.211544,39.026360
112.377975,35.985718,70.032333,106.379921,15.500252,33.737637
130.259872,37.597736,71.544540,128.226288,19.580814,44.640972
123.091408,34.627308,98.059578,152.425125,23.895979,75.201904
106.329269,36.318001,99.125183,151.655960,20.827877,74.680756
69.153908,25.229631,53.768673,95.581116,16.437538,91.828079
102.452148,34.782494,75.033760,132.250259,25.364452,58.378147
30.849874,14.181870,13.493076,46.427494,7.458297,6.181144
62.728592,31.572241,37.278179,62.941620,9.199640,19.029768
6.242571,4.256348,2.245681,12.779902,2.029593,0.926648
14.205261,9.844845,4.017440,21.424435,3.400604,3.540446
4.980079,3.731229,2.096791,11.965127,1.646948,0.322982
81.538918,28.898830,59.333599,102.341042,13.694551,16.300943
22.791012,16.088713,5.760821,27.295725,4.694672,2.118688
16.315002,9.970090,4.180794,25.492104,3.815880,4.210007
47.884972,25.921459,30.550760,64.471275,9.421348,11.641851
125.744102,38.151344,96.217461,151.839355,23.494171,79.300964
163.625671,38.201584,119.574173,187.537582,28.024933,84.712799
185.445663,55.984833,146.767792,224.271454,32.748886,51.448769
135.667755,54.856457,100.684219,188.879654,23.080891,28.410395
170.270142,46.316345,227.831512,303.323853,41.057411,78.572342
141.333481,38.794876,182.321396,277.778717,35.452602,46.347340
77.761398,29.957573,116.874458,189.497650,22.831947,25.101089
17.774460,8.574603,9.820518,50.968689,4.854376,3.701555
27.523443,12.793727,8.900711,19.511274,3.800593,5.843665
24.944530,10.328869,11.384326,26.428648,3.966733,3.769742
5.862865,3.960204,2.206526,12.852082,2.523248,2.433770
24.277960,13.404711,6.847017,15.895722,2.729242,3.929213
25.160900,13.426758,7.410065,17.203012,2.743305,3.579903
7.608866,5.460786,2.464656,14.443321,1.834026,1.366292
35.393978,13.743306,34.757374,54.227669,9.903248,9.313902
40.140446,18.224001,47.690376,88.204262,12.005254,10.082236
23.789660,7.089755,13.684703,45.584320,6.662305,10.846453
19.398809,7.091068,6.227474,30.740328,5.953406,14.372859
30.173315,15.869494,27.655550,48.308453,9.012412,30.779644
40.044884,20.273523,76.771416,121.034874,17.117958,51.260895
79.167068,31.070942,62.005733,84.368645,14.957664,42.959702
92.143517,33.385193,74.921638,110.999588,16.677309,42.212521
52.058754,23.289513,34.610966,66.444221,7.543568,12.702707
40.792770,15.055860,42.241806,85.443466,11.576377,14.539415
112.070000,37.481953,96.976242,155.798782,21.304453,51.296654
70.256004,24.379528,45.144863,79.457626,11.307361,31.117691
157.674973,54.181744,207.244507,299.358643,44.002800,93.752831
98.369644,30.236006,85.828415,135.833405,19.080013,47.782883
151.025360,39.748516,98.059715,163.059509,22.334284,57.385078
100.805870,33.965096,73.535187,127.094612,15.679019,36.865139
173.990875,51.603992,330.314484,441.883698,61.916977,134.983658
220.207657,55.448250,498.007263,741.855164,98.476067,162.876740
237.748123,71.224571,493.230957,765.383057,99.287071,154.052094
150.576538,48.035526,134.419266,267.401184,34.462757,57.043682
122.950958,34.521538,123.261459,236.617035,32.290314,41.908539
109.048309,35.355816,125.624580,237.662613,31.518600,40.081825
40.623081,24.397594,22.666946,56.108467,8.184390,13.132461
94.283295,31.446583,109.286873,150.242294,20.007282,35.291645
172.382248,40.017097,521.230530,663.506897,87.138641,150.718033
180.660812,48.771183,542.494629,722.176331,85.639030,143.689453
220.742798,54.489117,220.787186,318.104218,44.227127,71.847855
222.947281,53.558098,443.561523,611.002380,80.530479,119.275574
68.275925,22.933014,57.849625,151.578873,18.884083,14.324063
9.817710,6.825392,3.013303,26.821924,4.245064,4.276391
10.333946,7.179042,2.854304,18.250267,4.054690,1.308248
6.228694,4.142585,2.255319,7.589148,1.724310,0.879537
49.424458,28.904711,60.736805,91.832138,11.967282,20.420847
49.461517,23.791769,86.708710,121.251717,18.862303,47.150288
11.788301,8.648362,3.225055,14.227149,2.176474,0.934259
16.268778,11.621996,4.468017,8.179841,1.079044,1.395576
5.070012,3.688394,2.012013,5.445167,0.315235,1.367647
4.816699,3.497535,2.151481,3.123244,0.221357,-0.163429
13.763079,9.592568,3.743481,6.799761,0.680162,0.966613
14.622470,10.603605,3.981437,5.741610,-0.047774,2.346731
7.375384,5.451969,3.280108,3.954765,-0.122839,1.327498
11.601311,8.443136,3.218313,5.236357,-0.011939,0.377994
10.757838,7.599810,4.375343,3.420651,1.466191,2.617394
75.448326,33.386292,93.711182,140.571213,19.624535,39.914383
36.281246,14.426460,21.971081,34.746868,5.290055,6.450524
38.139423,14.431428,16.699062,21.515194,3.869854,9.110210
126.370850,42.516090,104.889900,133.360046,19.549562,61.739716
40.112961,22.256277,63.011490,89.497559,12.227004,28.637974
11.577123,8.393432,3.439495,4.012030,0.700509,1.560340
79.479950,35.608028,89.915070,134.840988,18.087351,30.174377
55.264931,32.697788,69.265869,88.891769,15.445296,74.028114
20.277065,14.306366,3.792648,5.923897,1.001090,0.626770
6.553983,5.029560,2.676240,3.301297,0.811978,0.141451
15.880104,11.229967,5.552650,3.521965,0.578156,1.653236
9.281979,6.619400,2.765484,2.954661,-0.255520,0.916657
4.984190,3.470865,1.613372,1.481032,-0.090532,1.945961
10.400434,7.368065,2.005105,2.591058,0.432417,-0.359628
16.756207,11.592665,4.664493,4.833620,1.302553,0.536044
12.433842,9.106264,3.365176,5.223434,0.403948,1.314655
13.670417,10.101422,10.175920,18.442989,2.574060,4.060507
8.796960,6.614951,2.929124,4.867363,0.262662,1.535069
12.319795,8.491031,3.277128,5.497949,0.996757,1.713751
48.775581,24.575193,50.015793,66.227104,8.768937,9.793145
30.730572,15.496742,23.919786,53.219666,5.637709,3.966131
15.469510,10.945174,4.972452,4.919969,0.407632,1.612478
8.390013,6.086837,1.998436,4.030785,0.325542,-0.615266
5.270677,3.799090,1.888464,2.920156,0.405706,1.900600
13.172954,9.117895,4.134807,4.911116,0.510434,0.881528
15.390250,8.159223,3.726316,6.740125,0.366371,3.602438
22.177845,15.311495,5.407094,10.712284,1.352956,3.366145
28.088003,19.499746,18.859123,24.631060,3.307899,3.827696
10.615410,7.613234,5.159102,6.597402,1.064037,1.651476
12.245030,8.672350,3.344854,6.654976,0.964755,0.810325
14.780631,10.461353,3.745405,10.848620,1.192158,10.369137
24.835855,9.919953,8.277634,11.644069,2.646163,3.908795
18.785551,8.643464,7.049618,10.775113,2.033830,3.125472
4.660187,3.196202,1.759308,4.943406,0.850809,0.683698
8.043333,6.027150,3.792602,7.119013,1.092646,1.826717
13.457011,9.429675,3.758134,3.796734,1.069034,1.086029
13.903111,10.180406,5.645957,9.329690,0.807353,1.484090
16.128170,10.548587,13.652362,22.386614,2.782995,2.994802
44.707966,23.542793,29.307747,35.153038,3.881726,9.193879
32.974091,22.263952,11.944445,23.737471,2.569645,7.674503
47.813251,20.513418,64.932869,83.100899,9.106108,17.349949
49.749073,20.574162,68.015800,97.458961,10.340058,17.359760
37.853199,20.168839,20.193481,46.037861,4.983860,5.297339
8.731169,4.237351,2.935985,3.477499,1.199319,1.796617
16.096289,11.343019,3.653085,5.850438,1.206816,1.044784
15.770895,11.100941,3.402583,7.978574,0.670311,1.809827
9.380993,6.731096,3.406063,3.266460,0.654497,2.557657
7.319734,5.409762,4.549269,3.377764,0.534581,1.845468
7.332156,5.292048,1.996613,5.657017,0.247593,0.602061
9.439987,6.988728,4.892139,7.876967,0.509380,0.665937
8.431950,6.232756,2.189196,3.253931,0.348795,0.875526
7.980935,5.848534,3.148461,7.761643,0.279078,0.911182
16.142153,7.489492,5.022608,3.596385,0.871086,3.585814
14.355938,7.682417,5.289643,7.485126,1.403222,2.871918
8.640821,6.022376,2.691109,5.538166,0.242317,1.361130
23.350912,16.216364,16.243181,39.019325,10.913893,33.214691
4.625049,3.480690,1.232761,1.540722,0.805964,2.370601
13.392390,9.355545,3.906149,7.986544,1.104035,-0.650624
61.336582,19.639088,59.080467,71.607719,11.484575,62.123528
120.783546,39.380482,145.480911,197.521622,29.317919,195.705658
47.853989,29.910719,15.028697,31.447906,3.558561,2.775486
12.696279,9.177498,2.958247,5.761441,0.164321,1.181155
16.162308,11.646169,4.354036,6.262550,0.867626,2.486470
3.864237,3.018194,1.804302,1.970389,0.212149,0.417138
9.986524,7.233131,3.050184,2.932282,0.802604,0.726166
14.717162,10.749182,4.351968,7.902180,1.185929,3.409164
5.726832,4.130668,5.177814,4.710830,0.525804,1.671422
10.473184,7.497898,4.278319,6.182355,1.192841,2.179035
8.662331,6.031409,2.833177,3.861128,0.507075,0.652021
11.996293,8.228910,4.310695,5.916802,1.072016,0.804968
24.051590,16.688316,7.298398,11.147204,1.766927,9.308670
8.091165,5.728307,2.712101,3.846348,0.215073,-0.146965
27.504646,13.421999,14.289083,18.464386,1.956745,2.700661
8.750786,6.541418,2.846798,3.202551,0.432550,1.305742
17.271143,12.423261,4.344528,8.195249,0.970714,1.798529
29.940647,19.658789,18.321903,24.952963,3.590684,12.072607
13.365995,7.419030,2.933399,5.512196,1.442527,2.623716
45.561504,22.377598,13.661614,23.818823,3.384232,6.751140
11.887976,8.615642,3.453378,5.655932,0.229062,2.518346
18.125750,12.410259,14.073258,21.040642,2.811714,2.356176
10.353132,7.275749,3.021159,4.104602,0.630373,0.120803
4.133916,3.397152,2.127772,5.448611,0.410594,3.593232
19.105261,13.317908,5.490292,7.163530,1.271799,1.760515
7.883336,5.618536,4.113563,6.760335,0.829154,2.064547
5.035713,3.808268,1.566756,0.986917,-0.113709,-0.104255
16.380484,11.492008,5.025242,8.073058,1.217794,1.428968
6.246451,4.786147,2.415014,1.748749,1.181809,0.174115
49.845482,31.615492,30.914577,48.712921,6.253460,14.671721
29.343449,15.481049,8.721050,13.268809,2.264970,7.966911
32.381214,20.354753,11.590978,19.824961,3.366926,5.276060
23.129229,16.367098,11.662291,18.009268,1.808354,0.438956
53.505264,27.299673,19.458055,27.083015,4.467117,10.268901
44.190437,21.913797,27.175140,37.264744,4.429483,9.659296
28.779335,15.937140,7.009913,11.582521,1.629879,2.342716
69.681931,37.542240,22.676435,37.783298,5.537760,7.789598
11.634520,8.002456,3.896823,6.309778,0.667780,1.298895
18.134638,12.687300,6.985933,10.625514,0.741501,2.327532
8.927809,6.656053,5.948322,7.913693,1.166984,2.791140
22.315176,16.319757,5.280309,10.633079,2.222524,2.823602
16.924568,11.639658,5.581695,9.926382,1.638361,17.539019
4.966623,3.535203,1.700584,2.192827,0.510830,1.045314
6.250994,4.434967,1.891635,1.906094,-0.338308,0.486822
10.813757,7.959694,2.533291,1.514883,0.172484,3.175215
15.022183,10.826114,5.982552,14.923184,0.844572,2.180387
4.583171,3.142833,1.641823,4.397026,0.718468,2.581779
8.065800,5.775696,3.189998,8.524449,-0.115593,0.076044
6.907834,5.119516,2.293101,3.144803,0.149154,-0.023447
16.074732,11.892685,4.791266,7.144913,1.151580,0.626194
16.846073,12.053466,5.382689,8.865061,1.972210,1.941487
9.326834,6.986061,2.842892,5.525974,0.698002,0.864927
4.278215,3.325449,1.751410,-0.799441,0.032740,0.960219
24.979008,17.043074,24.362741,26.079483,3.751291,8.226794
13.514750,9.300645,3.976907,5.294182,0.462694,1.340940
8.126436,5.951506,2.413294,4.052424,0.189309,0.861725
16.841940,11.825151,3.938641,7.204146,0.929782,2.761356
5.178364,4.028966,1.905598,4.246241,-0.291109,1.228260
9.846424,7.277614,3.888196,7.985183,0.793084,8.214755
57.206718,23.042799,39.573730,55.442974,8.244028,17.151770
39.425770,15.214385,16.619429,25.627663,4.149450,26.601566
81.701271,37.501507,42.233807,76.782112,13.068163,58.932648
5.355607,3.677709,1.796176,4.420660,0.394009,-0.210446
5.354584,3.822876,2.215730,4.393092,-0.058769,0.282091
14.113591,10.101824,4.117260,6.230734,0.492327,1.785071
10.272874,5.260848,4.157133,9.321384,1.368935,1.580101
22.161968,15.454045,5.567682,8.438938,1.186312,3.597037
17.002165,12.291273,3.831409,8.993904,1.820083,0.165555
21.504936,15.487206,6.879875,13.035710,3.249667,9.906903
12.551228,9.036745,3.664108,5.090773,0.480418,1.284680
14.873146,10.004101,4.039371,7.060057,1.171278,2.658772
7.889896,3.384654,2.930991,4.525055,0.458544,1.811378
15.400582,10.201773,4.680543,8.567365,1.037782,1.938479
7.774925,5.128016,1.868750,1.075899,0.212898,0.720982
8.625882,6.277624,4.962262,7.238844,1.253557,2.638415
6.144741,4.283322,1.286009,1.765992,0.654676,0.311285
7.364253,5.455073,2.161039,6.457145,0.578377,0.077138
13.448548,9.518484,5.786431,7.934045,1.337332,1.760106
9.018003,6.185961,4.608003,6.938581,0.993600,3.368263
18.572851,12.875374,21.259495,23.374065,3.121689,3.220317
5.121437,3.465257,2.122316,2.899750,0.285588,1.772436
7.691192,5.383104,2.091862,4.479054,0.800785,1.132010
7.122935,4.976442,1.951741,3.435930,0.529728,3.168188
15.781529,11.379317,3.557387,5.992406,1.154296,2.367057
28.267014,18.019819,15.570541,20.035295,3.034522,13.563266
6.065009,4.571187,5.463109,7.087528,0.572656,1.644858
4.143048,3.176317,1.466133,2.230288,0.808795,1.252375
15.485559,8.099361,4.782704,8.084091,1.036661,0.451583
19.715036,13.614757,8.016416,13.444921,1.689610,1.008160
14.009355,6.232880,3.639709,6.578491,0.763042,1.089388
13.510162,8.573889,4.051811,8.236098,1.227778,2.233800
9.714270,7.312484,2.927408,3.627906,0.819983,1.573812
17.192127,12.460735,4.502461,7.662028,1.806704,13.822799
3.894419,2.892375,1.288966,3.399884,0.297104,1.768319
6.491961,4.803347,2.059800,4.469424,0.421211,3.395313
7.683908,5.840174,2.367014,5.196061,0.452451,-0.209571
19.526611,14.233997,4.361749,12.772435,0.911951,-0.596678
44.750591,16.791910,19.454908,31.696722,5.036797,9.542198
49.631439,21.467272,26.086361,45.102810,6.955415,12.045437
10.237050,3.855453,4.962754,13.935972,2.513507,5.161890
67.529488,37.461403,64.116959,100.641853,13.003510,26.308105
50.727757,25.882225,19.727461,48.643547,7.859922,28.423758
42.222477,22.765793,27.534187,48.666969,7.088088,19.543205
38.737904,15.649055,57.475780,92.469398,13.595252,23.305729
54.799446,15.693365,65.805061,106.512589,14.648509,27.992752
61.430401,19.609529,69.869110,111.438713,14.580584,26.026506
83.438187,28.292053,41.676392,81.417595,9.807747,19.198671
68.836792,28.379894,36.788143,74.527740,8.502452,17.268394
48.784611,27.717539,26.602726,56.776787,8.989742,10.713717
58.451702,24.285227,128.463058,185.403107,26.134157,79.590851
27.803036,9.842995,14.475802,52.802105,6.905263,9.681834
51.041428,22.587650,34.160027,64.074738,9.622844,12.835762
70.863609,22.945013,53.319729,92.473091,13.953115,20.185028
105.791481,40.707848,80.830811,137.092484,19.595592,33.233902
79.630409,28.626724,126.195206,178.712158,27.349243,105.545250
268.800629,68.315559,680.926575,886.611694,126.790749,274.101532
138.254272,42.056736,118.370743,220.457001,29.709887,49.809284
93.541664,32.956844,110.136406,165.881821,25.440763,100.167015
87.747101,26.391811,94.991241,161.437637,22.618986,104.104195
129.870972,37.732964,166.415878,236.864532,31.936836,105.387054
81.899872,25.143906,236.954422,354.003540,53.893791,165.033340
203.187698,65.057663,441.930969,574.764465,81.134720,167.191635
157.342346,65.034309,264.777222,375.533752,49.608730,90.429947
121.871895,47.819809,98.882645,165.096512,23.097622,42.764957
132.265305,47.785275,112.084320,193.145203,25.172403,41.035622
75.370453,22.507387,60.705082,120.667366,15.457610,16.601215
42.613415,15.363053,22.185442,54.204716,8.553295,6.663568
17.637527,7.582393,5.947895,27.712078,4.693394,1.847320
17.097155,7.692091,6.046473,29.862535,4.307228,2.257277
26.475765,12.739295,10.897570,32.282421,4.455732,6.888357
111.506500,43.853291,118.595016,166.351883,22.433729,41.811539
111.442307,47.571865,108.665672,209.888382,28.132166,32.824139
32.157440,12.586926,33.893452,95.521126,12.471090,13.103535
152.502319,52.315987,209.012360,306.816467,43.833782,90.997452
181.341965,45.271786,306.971375,455.663666,69.085609,144.078033
171.701004,41.083950,403.848846,591.639221,83.861755,174.254608
17.873110,12.922087,5.019114,23.450193,3.260209,3.367342
8.908279,6.469277,3.064775,8.969999,1.695299,3.896236
3.903540,2.967460,1.410575,9.161203,1.102418,0.261087
5.202465,3.884972,2.104858,3.604354,0.421246,1.522637
12.779277,8.829516,4.160105,4.354340,0.760839,3.103779
24.968323,16.546873,9.569237,22.753813,3.893410,10.306805
26.871078,18.192558,15.882945,22.962206,3.539659,4.051503
4.326069,2.978865,1.384880,0.416958,-0.634565,1.309290
14.041288,9.769703,4.837559,6.176441,0.132810,1.447690
7.172143,5.127694,2.464037,2.597468,0.631690,-0.099496
13.118114,9.443819,3.318978,2.273819,0.809705,0.972576
22.789200,12.658600,6.414815,8.964318,1.248383,7.436069
23.434454,14.356597,7.015490,13.701002,1.358051,3.539443
6.493790,4.677988,3.161563,5.237011,0.073033,-0.381725
8.604944,6.313293,2.599748,3.872643,1.000601,0.515747
13.126197,9.226274,3.549021,4.650672,1.251970,4.334835
30.205639,19.462477,30.395761,42.587944,4.820050,7.455224
32.100666,19.650574,22.121567,34.356804,5.198668,11.162841
42.993382,26.560850,24.833281,39.027473,6.065938,10.064278
12.507153,9.178066,3.733554,8.819302,0.678987,1.591775
6.364552,4.361543,3.306223,7.116668,0.693282,-0.256262
12.638131,9.105329,3.642841,7.250061,0.694261,1.087926
13.879658,10.105775,4.783922,7.541372,0.849803,1.177808
5.478465,4.039882,1.920413,3.375507,0.232380,1.608080
11.228795,8.420255,2.919131,8.851311,0.457701,0.751701
9.281266,6.281970,2.836456,8.758023,0.205352,2.335487
7.451746,5.431068,2.392882,3.506937,0.056531,0.589887
6.454225,4.738322,4.823685,7.222330,1.141856,2.883742
34.158962,19.597557,25.676197,37.595886,4.501767,7.700287
15.500462,4.525087,8.183796,21.899233,3.090377,5.904476
57.586452,20.427719,76.164032,119.943466,16.563406,23.957724
76.381462,25.750332,61.760273,101.097527,13.038295,22.764038
117.818375,32.621578,156.819885,239.954071,34.280739,53.873886
91.244514,32.612667,118.821175,200.023376,28.374582,43.854282
14.717123,10.244330,3.635222,8.335219,0.959313,1.049075
6.432364,4.471089,2.317921,3.752253,0.035427,-0.030965
7.411942,5.135268,5.658803,9.560628,0.529698,4.155204
50.705799,29.110811,32.559914,51.751728,7.866787,11.414310
9.137139,6.424939,3.722340,6.165519,0.116604,1.235803
7.492519,5.305542,2.320177,3.834622,0.638198,0.159277
4.284070,3.153667,1.691035,2.911339,0.122798,0.254610
20.482220,14.552194,8.478684,10.130247,1.584736,6.568305
13.842765,7.270531,3.631242,7.677731,0.727268,2.806626
11.743853,7.526577,3.810272,6.522272,0.803518,3.339657
6.400925,4.732144,1.832783,4.051085,0.547452,-0.606584
6.545430,4.717839,2.567358,1.201377,0.430384,-0.039016
5.402508,4.046896,1.997904,0.930055,0.091686,1.102078
21.915485,15.319581,7.294139,7.386121,1.325692,0.894548
28.221495,18.685303,6.982563,10.444304,0.216739,1.601049
5.012327,3.357705,1.867949,3.041718,0.264307,1.666341
5.095756,3.379028,2.286829,4.897704,-0.370366,1.925439
5.885914,4.494129,3.180455,6.134167,0.225206,2.827399
14.827381,10.231497,3.096628,5.537215,0.880370,0.620042
39.065987,26.338652,13.636001,11.021393,1.393452,9.837886
14.436258,6.454577,4.353578,5.989385,0.829023,1.975043
11.538695,6.283715,4.253836,4.747273,0.703349,1.842864
7.387022,5.607206,2.436492,2.465873,-0.104337,1.206505
22.732634,16.048321,6.509130,11.843276,0.701674,0.893640
27.889194,19.161930,8.674068,17.560184,1.963595,16.750473
23.723696,11.400824,7.124403,9.558389,0.943301,1.795244
7.866216,5.853343,2.575919,2.497309,0.809296,1.573563
11.005040,7.771061,3.806138,4.829099,0.425068,1.544784
8.400950,4.099329,3.341159,5.488831,0.460711,1.613664
7.737675,4.899914,4.190412,5.569617,0.631640,1.809058
14.459326,10.777427,3.451346,4.549203,0.872621,-0.287611
14.461736,10.017903,5.135258,5.955780,0.608839,3.623837
16.030323,12.072886,5.920187,11.514020,1.645257,14.172506
20.952368,14.503562,6.691395,12.177556,1.132020,1.336003
5.324342,3.646471,1.937348,0.199187,0.705187,1.062803
3.850073,3.107549,1.716624,-0.516099,0.504490,0.169444
10.386659,7.940929,2.773322,6.280279,0.644644,1.024515
3.908252,3.064966,1.527371,2.516841,-0.354564,-0.524873
7.764573,5.741723,5.510386,8.604141,0.840392,1.981922
6.135710,4.761292,2.451491,2.839738,-0.172375,0.918073
43.619865,18.344902,16.632874,25.130676,2.161749,4.285214
5.060058,3.617213,2.400287,3.862114,-0.268944,1.563009
10.179751,7.086151,3.426962,7.303666,0.256200,4.171800
37.689159,22.716688,9.946056,16.583889,1.613470,2.230269
17.743937,7.695034,4.918477,10.897350,1.101292,0.337441
13.019228,9.268379,3.950611,5.391201,0.371700,1.140383
14.286654,10.278387,5.153132,4.137223,0.523724,0.724815
19.324039,14.064014,4.898812,7.488009,1.192829,0.636490
11.533505,8.301062,3.323676,4.909373,0.257719,1.772277
19.342873,13.367995,9.235799,9.010856,1.227177,2.287820
32.618031,22.353151,15.707272,19.733126,3.293323,13.140160
8.248196,5.767108,3.423673,3.479127,-0.071500,1.947247
12.954557,9.159605,4.761693,3.813612,-0.472948,1.176266
13.227338,9.537744,3.671899,5.287918,0.847464,3.077750
13.465348,9.556228,4.894145,4.575204,2.565463,6.611069
7.794006,5.817085,2.198636,4.552646,-0.159671,2.350451
9.608546,7.140498,3.810188,8.092813,1.138622,0.812866
8.737035,6.293597,2.980143,4.372522,0.604173,3.186340
6.926121,4.932243,2.095601,3.158936,0.921301,0.411974
12.763358,9.330265,3.286457,4.455188,0.455417,2.965075
5.829708,4.286360,2.297664,4.591582,1.020180,-0.417841
34.443180,23.451368,25.164156,41.877590,6.392066,33.291775
97.584465,35.040234,152.710327,224.308975,26.243704,57.401196
62.534660,22.534124,80.205482,139.618622,14.483266,17.973640
4.088477,2.967545,1.168322,2.430385,1.026001,1.103890
5.052511,3.392601,1.819754,1.885534,0.712336,-0.929609
10.218507,7.485315,9.747993,8.966932,1.251685,2.260643
7.991916,5.722047,4.229559,6.470670,0.300969,1.106139
15.779751,10.923179,3.451552,5.362138,1.035364,3.282322
16.192230,11.889801,7.700039,14.211623,2.485438,9.633104
6.559385,4.760333,4.316255,6.512432,0.778188,0.232973
14.501802,10.196169,10.045689,13.620513,1.833680,5.652704
17.468271,8.771398,4.677422,4.996296,0.913061,2.993441
23.890471,14.824782,14.898797,44.501804,16.350536,65.868629
12.467865,5.765894,7.864172,20.904621,4.527826,10.151419
13.516872,10.067735,3.991235,3.750489,0.406938,17.816526
7.828432,5.651212,3.028936,3.370805,0.023678,1.132528
6.583174,4.590875,2.305756,6.508571,0.319229,0.737283
5.820735,4.548717,2.003242,3.430365,0.276685,1.510049
8.181204,6.104990,2.571750,0.984084,0.521014,0.701569
8.720934,6.233738,2.921164,3.125272,0.105159,2.131918
19.529327,13.939440,8.376747,12.330848,1.800893,5.062449
17.029726,11.756137,4.103467,6.330674,0.575174,0.991690
12.106540,9.083021,3.393554,5.493053,1.050884,5.255044
12.587402,8.727173,3.014060,5.141869,0.067615,3.576573
20.581684,13.863467,25.422516,25.177942,3.206665,5.935623
10.622702,7.518873,4.370941,7.302022,0.818487,1.132200
11.410968,8.101912,7.246227,11.759857,1.222397,3.474368
5.667190,4.201071,1.954132,3.621217,0.987818,0.345438
5.314200,4.316029,2.265256,-0.588254,0.179157,2.665869
9.748677,6.496444,3.399102,4.378567,0.089830,2.771963
6.309068,3.525476,3.056181,4.711627,0.224211,0.817970
9.819303,7.032424,2.509252,3.901062,0.800808,0.996014
21.475035,15.532445,6.381353,5.126761,0.770315,2.557287
27.903307,19.020592,8.034039,6.409675,0.900962,4.756568
7.383098,5.281736,2.771763,1.588491,-0.469731,1.181229
19.267637,8.651427,5.335543,4.637211,0.606735,3.177095
27.471979,12.453451,14.414792,15.298606,2.841978,6.022418
7.650753,5.547728,3.827567,6.271861,0.444658,3.422289
3.882446,3.043706,1.400793,-2.303327,-0.479742,2.435313
3.955269,3.006040,1.546289,4.650599,0.628824,0.881816
16.545635,12.030364,4.307980,8.396932,1.120979,0.963376
5.617198,4.055692,2.995390,3.076076,-0.083960,0.519873
10.054601,7.265805,3.264309,2.718234,-0.121724,0.836338
23.140238,16.170109,6.901187,9.457157,1.007579,6.272942
15.945665,11.488988,7.369985,8.825785,0.926761,6.338511
23.897558,17.075750,8.687522,10.644542,1.790133,3.472850
5.990834,4.444842,1.627301,0.974271,-0.400506,0.812427
6.573102,4.394371,2.436040,5.995525,0.379669,1.407329
5.546088,4.096293,2.231259,0.461052,0.500862,0.720633
13.474241,8.970543,7.312476,9.370930,1.095063,2.640415
6.050310,4.607823,2.077277,-0.104347,0.042364,1.132878
7.153009,5.067787,2.136021,4.079168,0.340657,1.797754
10.243141,7.297766,4.145913,5.016385,0.876212,1.608246
20.357092,14.517991,7.150932,7.321722,1.252118,3.033314
14.455921,10.524508,6.293675,8.744452,1.353391,2.332368
4.918069,3.404880,1.974420,1.023908,-0.105422,-0.427854
8.397054,6.146240,2.524807,1.352971,-0.045089,2.486772
9.277534,6.306952,2.063387,1.224687,0.242410,1.598662
6.244443,4.467179,1.807050,2.112201,0.699994,2.454624
5.718350,4.325916,2.075042,3.627871,0.201152,0.678604
17.257374,12.489239,4.896571,9.337775,0.613627,0.729076
12.562160,9.225408,7.825450,8.854052,1.353368,0.639892
4.121371,3.359826,1.436136,3.397355,0.070025,5.493752
11.155499,8.078034,8.254398,27.068619,3.836077,5.921933
125.912590,36.997704,346.234375,466.201599,61.556190,117.013634
92.404205,24.360769,60.063847,114.902390,14.796788,22.548473
163.506210,45.404835,67.954681,104.513710,15.329860,50.063923
133.648453,42.721272,142.933365,193.855209,28.080622,60.928356
77.279938,26.719217,74.896774,120.463478,16.122181,22.751467
106.322395,33.413837,103.771729,145.655991,22.809093,57.347324
116.913452,33.820553,108.572166,170.237930,22.862028,54.266045
130.259811,39.460579,178.889786,257.335907,36.917473,67.217163
149.877960,41.638042,234.423050,350.624359,46.748383,124.928581
128.494095,31.630083,200.128632,312.544739,41.134205,177.808029
112.230278,29.722336,150.990417,241.605118,33.640171,152.575592
81.737701,27.319868,84.340935,156.739044,20.836926,46.918510
82.450310,31.887177,177.854462,278.939606,40.280140,60.138832
106.808685,37.614491,110.803207,172.621506,23.534639,35.035995
22.266439,14.114445,25.866013,53.637638,7.281675,22.383564
6.470418,5.055754,2.061500,0.184272,0.685529,0.962124
5.022632,3.639282,1.383006,2.200168,0.150801,0.177863
18.425793,9.278184,10.339167,13.133109,3.659915,9.598128
8.320977,5.934471,2.561651,2.831758,0.036553,-0.217529
11.512036,7.977479,4.213939,8.298341,1.534531,2.943954
21.310846,14.799378,5.983714,11.544261,1.837493,2.511613
31.082275,14.843816,15.348433,20.923126,2.692571,3.880018
29.001301,14.826962,15.360597,22.398773,3.226505,4.929682
21.063852,14.833946,6.322297,10.275375,0.544975,0.723824
13.387597,9.405700,4.258863,4.613161,0.385834,-0.198782
11.261205,7.975080,3.582754,6.386719,0.645038,2.512018
4.963571,3.636714,5.110324,7.987266,1.281199,2.060044
11.567413,8.001521,3.354906,1.929668,1.109605,4.613443
12.869002,9.457484,4.051696,5.862151,0.573523,0.220789
5.945252,4.311350,3.389990,5.370406,1.097727,2.375532
7.461477,5.458524,2.244681,3.703680,0.965613,0.914864
8.756230,6.175176,3.384693,5.307310,0.392784,0.825094
9.759509,7.267867,8.231220,9.377838,1.626513,3.207449
5.534312,3.562642,1.909400,3.798976,1.245903,0.200731
13.261969,9.331588,3.860698,6.524403,0.490512,2.590129
12.468837,8.820519,4.895368,5.546845,0.607780,1.140590
9.024852,6.433208,2.306243,3.731237,0.173903,-0.297240
16.079552,11.242400,3.567237,11.893585,1.006498,1.010907
11.366340,8.117591,4.472855,2.368161,0.597078,2.327974
8.032236,5.185684,2.377630,2.907717,0.012186,0.985598
10.237669,6.695590,4.134298,5.260296,0.789145,1.285636
9.383545,6.882372,2.741461,3.365559,0.080640,0.963160
6.997122,5.238457,2.434266,3.261926,0.615363,0.911704
14.245205,10.308940,4.603231,2.830405,0.696694,1.490503
7.064090,4.909894,5.652217,12.065086,1.395775,1.859217
8.338353,6.056690,2.731722,2.788534,0.459939,0.822878
18.550203,8.154943,8.918503,11.169970,0.896291,2.096913
9.668250,7.263682,2.852223,3.997540,0.703978,1.300693
8.810575,6.589160,3.018428,4.437967,0.992210,1.960591
5.760500,4.233756,2.514963,3.395458,0.708264,1.514681
10.816993,7.997075,7.394601,11.810348,0.996148,2.686926
13.497671,9.636112,9.593382,13.169573,2.899408,5.120214
10.525664,7.415144,3.193979,2.590122,0.317891,0.245502
13.161567,9.446320,3.562425,5.408381,1.120938,0.858116
4.824268,3.593142,2.187131,-1.359419,0.252438,-0.101806
14.586898,10.418163,5.085704,5.473162,0.521827,1.246844
7.943252,5.694099,3.863799,3.890269,0.733976,2.357703
12.619163,9.297420,3.850527,6.627678,0.601924,1.817129
8.457233,6.226039,2.691498,2.962794,0.327712,1.201960
14.599123,10.580524,3.929433,6.226435,0.855992,5.256816
5.897381,3.856346,1.437263,2.990842,0.453452,0.298538
11.682878,8.303033,7.452107,7.603823,2.472288,0.853689
9.999633,7.112970,3.187777,3.750367,0.224549,0.622795
7.336470,5.338396,2.047520,4.389702,0.570545,-0.195325
15.020408,5.716178,6.114211,3.920578,1.772776,4.746918
23.824661,15.293031,12.848331,13.034763,2.991650,14.635742
17.837057,12.394781,5.562377,7.127300,1.294432,1.623732
14.590287,10.486381,5.132561,3.193980,0.729646,0.629499
9.817711,7.207545,2.893460,3.370826,0.767455,1.633636
14.935891,10.460453,3.492407,5.743630,1.262470,0.849174
9.482090,6.492606,3.451731,6.122417,0.699926,0.719750
11.268189,8.000720,3.404172,6.515753,0.824274,1.172240
5.510744,3.850416,1.675802,1.315058,0.886252,1.900051
10.264042,7.111969,4.325888,10.422396,1.672662,0.717752
106.820633,32.059380,256.322479,314.854095,45.046303,127.319931
102.386108,35.985764,211.027176,244.321350,34.263439,60.660877
13.650930,8.915083,3.515043,8.085688,0.619943,3.203701
13.739226,10.266988,4.006629,3.688449,0.597817,2.785150
18.008968,12.673519,6.319449,7.405595,0.716693,1.545666
13.058885,9.578281,4.108455,4.015032,0.867124,1.456518
16.111006,11.685522,9.313787,15.084649,1.881538,2.353689
5.699718,3.853633,2.158303,2.610234,0.666893,3.130153
6.415714,4.662737,2.652163,4.305843,1.166395,6.277443
17.912191,12.886374,5.416700,15.203102,2.013593,13.853839
55.656738,35.970669,57.473698,83.202148,12.030431,28.606647
38.775562,23.672951,30.594368,45.593037,5.456697,10.570419
30.280914,16.539238,10.399510,14.797420,1.897307,3.404540
22.439428,14.748385,8.535661,13.506951,2.315016,2.634376
26.297796,16.697685,9.234069,13.655145,2.828171,19.633034
10.728777,7.599611,5.714587,8.549406,0.891513,2.336496
15.391086,10.805847,10.884179,21.652386,2.828057,2.817032
46.523453,21.519867,63.000553,78.065727,10.083193,23.914335
27.734001,16.222067,30.272484,44.138771,6.196799,5.421391
17.755114,11.176215,15.515812,34.311947,3.565386,3.821912
6.748245,4.938964,1.401358,3.290269,0.568786,1.104193
12.109904,8.724221,3.207438,5.094706,0.457975,0.797944
8.382688,6.044528,2.595812,3.883113,0.629333,-0.034179
9.818632,7.194867,3.263372,3.753320,0.043964,2.272041
13.325966,9.447617,4.168538,3.812193,0.920146,0.393071
4.459097,3.267338,1.510412,-0.530415,-0.481467,1.783198
32.186428,20.658899,19.998152,25.374689,3.557260,3.041209
5.168133,3.676111,1.765187,1.265092,0.127042,0.694639
15.902734,11.198041,4.225039,4.877734,1.377714,1.525362
14.457208,10.272193,3.936275,9.399883,1.101650,1.407908
17.053570,12.335286,9.610536,13.523857,2.092160,2.536711
11.418734,8.585001,3.208717,1.628495,0.162909,0.466659
5.863826,4.499839,2.196308,3.385728,0.121006,0.766258
13.914606,10.029304,6.179611,4.121781,1.068499,1.363805
15.674222,10.969170,5.422174,7.389369,0.142742,2.894588
10.402661,7.716895,3.002936,2.156084,0.354233,0.417670
23.626759,9.560174,7.884161,14.938457,2.438053,2.680972
23.647223,9.668426,7.882380,14.026949,2.653416,1.863871
32.316826,22.128860,11.879082,14.021397,2.263333,9.789672
7.333003,5.111341,2.923640,1.846127,0.449793,0.207728
17.006880,12.149741,10.157939,11.066634,1.247486,3.290990
11.261936,8.016041,3.347477,5.116714,0.041885,6.874451
18.570490,13.792070,13.471292,20.067802,2.521205,5.026038
11.736122,8.337917,3.270631,5.858203,0.987323,1.894165
36.149529,25.048695,10.545100,10.178615,1.646202,3.236897
57.713181,28.081215,19.850409,25.858761,2.986834,6.541430
38.783623,20.260391,16.185476,25.324707,3.152492,6.573087
4.395977,3.585330,1.974237,1.958989,0.184884,-0.736855
14.618115,10.192625,5.485047,4.530104,1.184331,0.909958
10.819102,7.548010,3.140649,4.196534,0.421000,0.562507
8.515088,6.242428,2.666967,5.567819,0.747705,1.724853
7.144321,5.370553,2.575801,2.839154,-0.375090,0.384674
19.135857,13.431610,5.820955,8.640011,0.330030,2.113525
5.941376,4.260520,2.124354,5.189011,0.801664,0.743845
8.060156,6.001431,2.791433,3.369500,0.032064,1.241483
21.360661,15.260665,5.986420,6.383510,0.766963,2.523876
5.625469,4.060732,2.005967,3.599339,-0.362272,-0.634906
32.286690,22.318066,19.771944,36.768677,3.672857,6.759011
4.918430,3.363263,1.558495,7.937662,0.536676,0.995291
12.694736,9.412009,3.705548,7.214183,1.158843,-0.750873
5.831959,4.308548,2.279407,4.419975,0.943393,-0.431392
22.174183,16.113279,7.184352,4.786357,0.701711,2.232244
5.258656,3.737594,2.102794,1.930275,0.149330,0.194479
9.417397,6.557516,3.364038,5.251901,0.717392,1.159113
17.132811,11.922911,5.188028,7.081482,0.850786,1.777125
11.622889,7.801096,23.577681,31.442963,3.711501,3.570680
4.743120,3.040756,2.056868,-0.103222,0.148729,0.811938
6.603764,4.692218,2.849802,5.802795,1.220175,1.709877
12.229414,8.804624,3.334063,3.728218,0.333950,0.509328
5.186638,3.905182,1.858178,3.948531,0.083071,0.403057
15.742308,11.030687,4.110719,4.857839,0.455530,2.417462
7.700918,5.206544,5.288825,4.086664,0.605284,0.764633
10.427258,7.364330,3.116241,5.362376,0.265033,1.761697
5.968678,4.329410,4.503657,5.707732,0.357490,1.087656
7.565909,5.602420,2.397283,4.605265,0.395313,0.830616
8.815449,6.666666,3.603281,3.299910,0.712243,1.293008
5.270923,3.979652,1.732969,2.962371,-0.063245,3.824195
7.329752,5.137894,2.596631,1.878378,0.347685,1.254278
13.382294,9.711333,4.179686,5.829370,1.139940,2.096413
8.113047,5.684682,2.571226,1.743704,0.748402,2.973390
17.507128,12.642705,5.015568,5.818963,1.937770,1.172538
7.330765,5.475617,4.097414,4.342757,1.129657,2.082183
15.016995,10.697648,5.416672,10.192952,1.731714,8.306797
11.172406,8.089345,3.297374,2.881442,0.780082,3.720104
15.440073,11.060939,4.000254,7.247847,0.494729,1.391793
6.410527,4.542695,2.352682,2.225125,0.435052,1.012935
5.404020,4.007442,1.955665,1.793041,0.013480,2.353957
13.136034,9.594396,3.829499,5.126215,0.564073,0.965068
8.157437,5.956511,4.301692,6.450593,1.406051,3.845249
13.802425,9.539511,3.531016,4.709962,0.887586,2.958657
5.248093,3.697977,3.604108,5.555884,0.894965,3.838486
4.384601,3.563294,1.553941,4.167168,0.347404,-0.138143
5.434284,3.872069,1.571021,6.444982,0.428746,-0.350311
30.795376,16.624165,15.629356,23.984034,2.627767,10.480271
19.216858,13.764166,10.301366,17.013111,1.540524,1.521486
8.717887,6.431344,4.325375,7.750241,0.073201,0.803566
9.000874,6.127099,5.981707,8.326867,1.850450,1.451771
5.398989,3.806557,2.049436,4.029755,-0.204714,1.560489
26.849169,12.009745,11.337652,15.154486,1.834915,4.356159
24.032639,9.955891,10.912721,14.763825,2.194574,4.040088
14.234555,5.638474,5.230850,6.704677,0.928187,1.974608
13.957376,5.802452,5.267638,8.889169,0.701056,2.820574
4.825402,3.461855,2.129301,2.485218,0.216674,1.853433
16.421362,11.878572,3.552794,5.572454,0.440919,1.130325
22.581572,11.244744,6.845942,11.640384,1.954308,2.557138
17.309196,7.640033,5.970481,9.383338,1.561322,3.174406
4.708197,3.278990,1.735519,5.246995,0.522007,0.030782
13.418707,9.253036,3.511737,7.593367,0.676656,0.724254
9.138769,6.459684,3.332405,1.026055,0.591361,0.317686
5.144104,3.879543,1.696836,3.430901,0.690604,2.177942
8.985785,6.605864,5.080281,9.051696,1.155388,1.438036
34.032619,12.413308,12.743486,16.749157,3.560946,20.596800
26.346672,12.482425,10.088343,15.842770,3.432490,8.194462
10.713955,7.789635,3.021252,4.605989,0.566203,1.437979
9.088823,6.305633,2.924719,5.075116,0.266813,0.670468
26.050385,18.044502,10.347774,13.467864,1.891899,1.319881
7.064387,4.800924,2.932415,5.208692,1.203553,3.803793
6.121399,4.217517,1.929087,1.443402,-0.302845,0.450123
7.766234,5.400170,1.766184,2.181548,0.488453,2.318183
13.096043,9.503201,6.895254,11.533029,2.155699,3.360286
35.723839,24.027222,11.383431,12.459414,2.798926,9.240442
6.482417,4.781397,2.709332,3.432254,0.099149,1.082160
6.253319,4.925715,2.157008,2.445445,0.396274,1.251051
13.542802,9.617706,3.660575,6.016639,0.876220,1.338912
28.557287,17.020473,9.978495,11.914796,2.044309,4.260356
14.120159,10.336110,6.448702,7.691331,0.357609,1.503376
11.368063,8.380177,4.536827,4.445298,0.533393,1.080268
6.429472,3.679857,2.346213,1.243830,0.527005,1.442827
5.850849,3.414498,2.171911,3.526486,-0.052263,1.715756
13.944807,9.923627,4.621321,4.220836,0.894402,4.266024
4.877560,3.933326,2.037026,1.534886,0.115711,0.562751
13.440705,9.528759,4.502548,7.701896,0.875903,-0.420783
13.997255,9.922795,4.146849,8.067121,-0.054677,1.623168
4.744697,3.411358,2.304084,4.166296,0.089902,0.085832
5.151326,3.835808,2.223577,1.947440,-0.088840,0.337421
5.661034,4.023446,4.758755,9.731459,0.883015,1.281049
4.046522,3.030784,1.558740,4.043007,0.432018,1.213079
5.082220,3.846514,1.902097,3.684669,0.277101,0.587010
18.170355,12.874416,5.731417,11.561637,0.958467,6.529314
8.938000,6.217002,5.854830,7.236424,0.635581,2.533726
20.666153,14.941143,7.809652,8.244613,1.717350,1.724270
14.976741,10.725638,4.339361,7.407869,1.079511,1.716743
56.342403,33.100857,31.285543,42.785622,5.362386,10.744139
8.525052,5.939000,2.917219,3.849802,0.727294,2.024169
4.649323,3.441224,1.955592,1.277067,0.265935,0.716184
11.827954,8.541620,4.117313,8.635710,0.266982,0.479406
25.500536,15.500040,7.213537,5.534825,0.952683,2.016707
26.297232,15.620329,7.634428,8.910937,1.231373,2.380095
6.009686,4.705591,2.091591,6.511797,-0.205372,0.867742
11.339059,8.222823,3.477669,9.152009,0.899563,7.435349
10.812438,7.748582,6.071944,7.054847,1.176366,1.994696
4.288929,3.415245,1.453782,5.012379,0.976955,0.078524
32.972641,21.325766,10.527224,15.514988,2.124451,9.592089
11.381419,8.363204,3.626114,3.421771,1.172739,1.370717
22.489889,15.679300,7.532365,9.282290,2.083568,0.524083
6.925712,5.056150,2.525384,4.005239,0.334860,-0.245279
8.412392,6.031404,2.886269,1.022969,0.009455,0.708892
4.384785,3.109849,1.868529,0.979280,0.560610,1.868017
10.879432,7.965301,3.972715,5.720447,0.726907,2.074032
5.550550,4.031777,2.327381,3.817026,-0.142918,1.159587
8.454837,6.269251,2.958964,3.979581,0.470624,1.539239
50.545383,23.810989,18.697493,21.494543,3.621893,9.622409
11.047841,7.799695,3.351024,2.212471,0.070758,0.762184
6.959260,4.809710,2.692471,0.907346,0.721690,0.381896
13.713302,9.884115,3.722059,7.577045,0.499251,2.275734
6.429630,5.032136,2.205987,7.103633,1.593399,0.183670
72.038773,33.748543,108.526787,148.785950,21.198587,48.481544
64.350136,32.316868,84.235077,135.248428,17.162554,17.565552
5.783335,4.368503,3.728170,16.334154,2.079528,4.128458
73.364929,34.835800,51.596737,67.972191,10.946678,23.565636
124.895821,40.813629,143.928711,177.396683,29.217842,172.334854
10.833247,8.176647,3.354266,3.742243,0.618779,0.797699
5.099496,3.582524,1.836839,2.856365,0.426712,0.951378
13.825354,9.830496,4.035731,6.329075,0.161995,1.556010
15.775360,11.217021,4.067241,5.688284,0.699638,1.347438
37.750786,21.549887,12.240834,15.540771,2.479481,3.200937
31.766117,21.088406,9.046306,14.796171,0.830271,3.771312
5.548441,3.842575,3.531126,6.614023,1.203049,2.231910
5.522472,3.879388,1.769833,0.865154,0.655217,-0.630819
12.591013,9.016968,3.266803,3.521240,1.235131,0.610879
5.325802,4.059325,1.917214,3.230891,0.555663,1.133656
10.440864,8.020631,2.911969,5.502841,0.045200,0.947292
6.985508,4.763364,2.447719,2.045553,0.116305,0.982423
29.888849,20.805113,10.256456,14.835360,2.604387,9.388627
10.470486,7.775254,3.191723,5.203218,0.080869,-0.343996
15.115388,10.703828,4.399869,8.840225,0.683648,1.793673
6.241390,4.722488,2.350676,5.793398,-0.619506,0.366568
10.048529,7.452347,3.040258,1.718721,0.784289,7.674758
5.459223,4.212533,2.075776,2.039396,-0.087122,1.981911
7.107919,5.100077,4.441042,8.454456,1.419631,0.557728
10.664876,7.927885,3.428318,2.967917,0.779996,1.228944
6.891085,5.159837,2.792363,7.751876,0.648554,0.730131
4.927498,3.736154,1.852758,2.824879,0.684668,1.432956
8.042156,6.009129,5.028967,6.204376,1.131661,7.424462
4.961241,3.662096,2.108599,4.020333,1.074536,1.024039
18.411612,13.280465,6.972160,9.820648,1.708508,3.476658
4.921879,3.749587,1.845273,0.618211,0.683875,0.557816
9.125189,6.391172,5.897695,11.334251,1.778106,1.808025
12.487205,8.821435,3.388462,3.238894,0.712011,-0.378355
9.874921,6.822400,3.205167,7.414620,0.152550,1.602703
6.921150,3.634412,3.113355,1.942881,-0.055424,0.389801
7.911709,5.617087,2.781059,3.449532,0.422067,-1.243253
10.599095,7.709283,2.769629,2.820475,0.737292,1.640302
5.970724,4.433845,2.505285,3.259200,0.340370,1.564768
12.146341,6.730211,7.830596,10.101913,1.604508,1.688462
4.622843,3.415014,1.751577,5.233218,0.403311,1.247189
4.636149,3.132766,1.910572,-0.052788,0.572097,-0.323547
8.934273,6.687444,3.169887,5.171103,0.511442,-0.282573
5.021430,3.425022,1.823836,-0.949420,0.253636,2.034525
17.874392,12.565371,6.129958,4.085495,1.860874,2.640191
4.490870,3.109250,1.703643,0.764517,0.930473,0.523868
12.676725,8.865767,3.637468,6.880483,0.299032,2.642594
7.771287,5.924511,2.278243,3.702956,0.314316,1.752893
18.930140,13.121789,5.435313,5.242667,1.027818,2.561926
4.723850,3.572333,1.708176,1.202250,0.108395,-0.376188
4.174142,3.414013,1.333169,3.229843,0.057963,1.012733
14.509138,10.254645,5.167500,4.903023,0.981222,0.393015
7.537541,5.411156,2.558524,3.415175,0.882002,0.558961
7.851806,5.847298,2.621586,2.956515,0.502001,0.461985
5.855324,4.283484,1.903629,3.760780,-0.303132,0.162991
10.948710,7.630025,2.859742,6.842257,0.736263,0.072154
9.511653,7.240298,3.074438,2.422960,0.740275,3.148432
8.908568,6.271109,2.837408,3.950642,1.079250,1.857603
21.374825,14.681594,6.237722,6.826679,1.627173,3.047084
15.022460,10.713192,3.847897,4.213037,0.233601,0.750992
30.366152,21.021521,8.092373,6.898195,1.983827,4.784756
9.425227,6.816535,2.713637,2.958345,0.306809,0.881457
14.372090,10.044912,4.268379,3.864765,0.784709,1.386187
5.760352,4.209308,3.016968,5.158326,0.518698,1.531077
8.327500,5.726125,2.938737,2.034389,0.909272,0.438689
6.433246,4.842914,2.142023,2.507024,0.820208,0.282046
5.530174,4.101810,1.962785,0.025079,0.657653,1.088462
15.970232,11.279535,6.492686,13.758120,0.855810,4.232889
8.093921,5.727363,2.458935,3.110118,0.777713,-0.003370
9.189099,6.667937,3.725312,6.200309,-0.086107,-0.698630
7.019441,4.698801,2.375569,3.201805,1.206353,0.823086
7.245916,5.322060,2.516087,3.648333,0.038527,1.382610
7.992302,5.853107,3.458528,10.137185,1.252491,-0.388409
11.075492,7.533123,3.696499,1.935465,0.774653,1.039647
10.509184,7.627881,2.637024,1.959160,1.138931,2.322381
13.353447,5.679709,8.251976,18.974865,2.366702,2.733299
10.645604,5.159450,6.805689,14.624178,1.726442,1.273225
17.051910,11.841730,4.007810,4.732419,0.725176,4.360484
12.257433,8.869091,3.211189,3.350057,0.538718,1.351551
5.783370,4.332762,4.122638,3.312956,0.818496,4.451281
5.375196,3.735201,1.890224,-0.368854,0.677733,0.946321
20.892824,15.037801,9.268289,19.999186,2.454234,2.367320
8.170414,5.485866,2.176537,3.459279,1.086991,2.736814
10.898845,7.888207,3.358157,4.371258,0.908989,4.454589
11.775465,8.846596,3.580713,4.384393,0.848008,1.460818
32.311146,21.479557,20.847059,26.239788,3.105769,12.170211
17.418703,12.486519,4.356656,2.920063,1.199214,1.799644
10.806478,7.705626,3.223884,6.842357,0.657425,1.668801
23.659473,16.980804,14.881978,19.798407,3.934638,19.749430
7.312919,5.257229,4.488599,2.306913,1.451410,3.459077
4.455068,3.382050,1.723152,0.075213,0.409568,1.152447
7.937150,5.755969,2.580767,2.064229,0.979079,1.743559
11.044024,7.534712,4.200370,7.313768,0.785546,1.760625
6.275787,4.240979,2.796646,5.665740,0.813637,2.239955
18.168394,12.118002,6.916930,8.630899,1.917172,15.381303
10.570710,6.863728,3.520047,4.886335,0.487047,3.774857
14.378172,9.839358,17.643518,17.018909,3.526495,18.758644
9.617577,7.257887,2.574095,2.025658,-0.091847,1.106412
6.086016,4.488727,2.013748,4.651772,0.005327,0.358946
28.602467,18.534576,19.665022,29.941845,4.842879,27.919382
38.569721,25.714502,21.861813,21.083700,3.911005,6.215004
11.100323,7.805096,15.500814,17.955103,2.901330,23.321945
10.797263,7.886535,4.622063,6.685792,0.683139,3.347578
7.377035,5.012663,2.563849,4.920208,0.925338,0.428638
16.415813,11.819563,7.613516,6.402997,0.983720,2.651016
10.140402,7.254032,3.580163,3.759982,-0.340745,-0.509992
5.422897,4.037570,1.337459,0.650525,0.368999,-0.358472
3.760649,3.114904,1.432571,1.480213,-0.062690,-0.206563
4.754950,3.622448,1.775379,-1.512893,-0.028363,1.441059
43.982628,18.379658,35.686649,47.112930,5.927899,14.443639
43.995628,19.941555,40.926579,58.973557,7.603522,16.335711
19.404093,12.717076,6.286359,8.094378,0.336977,2.957398
7.204290,5.257802,2.019450,3.080945,0.444208,0.345156
13.825481,9.884514,6.293991,7.978190,1.043103,15.263027
25.548162,16.422350,19.347525,26.035578,3.842205,8.487656
15.629737,11.114744,5.359553,6.526347,0.586051,1.811009
61.649696,31.847450,49.610180,86.835114,11.845213,13.276256
8.959805,6.219080,2.892395,3.758672,0.530146,0.239457
7.244804,4.842975,2.474885,3.339120,0.106396,1.532392
6.790832,4.674174,2.960780,0.352931,0.688341,1.100005
15.959412,11.070060,5.760271,7.629591,0.922158,1.510648
10.133268,7.437473,2.937661,2.123522,0.391367,5.570220
8.265996,5.621025,3.051535,6.572823,0.678771,0.980411
11.102913,8.069647,3.122824,4.348874,1.424252,1.102562
7.678123,5.858990,2.390836,3.856174,-0.226012,1.025761
10.036579,7.043362,2.499412,4.374893,0.177581,0.383914
6.085444,4.130511,2.591105,4.003192,0.433114,1.879227
14.494107,10.600541,3.816218,8.564573,1.272113,0.042221
14.074682,10.078522,4.132442,6.794287,1.043284,1.923187
10.773616,7.802113,3.123138,5.006147,-0.208574,1.447603
10.920005,7.753915,4.720303,6.253685,0.905575,-0.642808
16.607336,11.111223,4.422721,6.230782,1.619059,1.167518
13.545444,9.488960,3.268095,6.987477,1.370686,1.558019
11.356527,7.964767,3.013676,6.996536,0.834669,0.962368
4.418784,3.469031,1.776464,2.322222,0.401075,0.368574
9.805629,6.787783,6.621720,8.803407,1.319209,1.891299
5.042419,3.214603,2.174173,1.058562,-0.136259,2.247735
11.273047,7.997180,4.440750,5.745018,1.142608,2.237120
6.529640,4.594212,1.879429,0.982113,-0.233788,0.807051
20.625883,13.944510,5.605160,8.603331,1.147827,2.823398
11.830275,8.570399,2.786215,3.786641,0.715787,1.177673
9.026745,6.719467,2.682122,3.659771,0.661307,2.026892
11.618436,8.388391,2.539179,3.323995,0.778483,0.516305
13.893466,9.875668,4.376258,8.089370,-0.088735,1.034802
24.949400,17.871315,9.951600,14.098717,2.105974,9.520638
8.569872,5.893712,3.333081,6.066145,0.249013,1.289826
13.713907,9.443499,3.196136,4.719904,0.680970,-0.090449
16.044313,11.450112,4.032024,6.094374,1.125417,1.721070
11.125464,3.841698,4.239788,2.941488,1.277419,2.549446
55.204113,31.707737,26.631147,31.648468,4.619478,6.647256
4.069366,3.056171,1.239557,-0.845626,0.167518,1.644131
20.756447,14.765624,6.007312,7.054802,0.821368,2.013441
6.540672,4.755422,3.499812,8.000918,1.149897,1.620827
5.360926,4.209874,1.938273,3.780654,0.868839,1.788576
11.791862,8.325900,3.384356,2.355373,0.340470,2.339009
4.927298,3.689358,1.072409,2.596797,0.403237,-0.356448
12.988930,9.100519,3.913492,5.989967,0.430281,0.126610
11.029371,7.742612,3.244659,5.844345,-0.268366,2.560364
9.465837,6.931522,4.018778,3.283646,0.743496,0.203791
34.683102,23.739584,8.855601,13.381712,2.109830,2.186013
19.079699,12.244279,5.319585,6.939905,1.396312,1.458698
17.961679,12.411070,5.562081,7.437673,1.009200,2.086372
8.204334,5.959014,3.934985,8.479383,0.438085,1.036267
16.674623,11.906514,3.811870,4.607996,0.830708,2.161358
4.643975,3.514246,1.749100,1.066783,0.501288,0.784312
5.600112,3.971132,1.861542,-0.026707,0.808032,0.067384
12.504791,8.920956,3.745568,5.393998,0.503551,0.960534
5.881702,4.451042,2.179511,1.426237,0.394789,0.882644
6.591871,4.822669,2.152686,3.716692,0.973610,3.906243
25.401791,16.670334,6.747831,4.995270,0.499750,1.435653
20.286072,14.187631,5.606778,13.196115,1.265320,1.818315
10.442642,7.315219,3.389145,6.322027,0.421867,-0.559200
30.846941,21.329573,15.923328,23.594578,3.285020,6.238897
21.383703,14.825452,5.205301,7.497903,0.556017,1.780045
15.888601,11.389586,3.707597,9.245970,1.094023,1.229294
7.953185,5.272880,2.404535,4.924574,1.002784,0.573215
4.839962,3.462786,2.704237,3.426642,1.137517,5.512315
8.879664,6.491665,2.175135,2.361142,0.153155,1.198635
14.956223,10.723629,4.812119,6.977162,0.567046,0.212215
22.555969,15.980417,6.519116,9.327166,2.037808,2.766512
6.551274,4.935444,2.515286,1.480307,0.139948,1.748968
41.595455,28.744625,17.207737,25.894007,4.283392,25.153603
9.551960,6.776479,4.193728,4.482059,0.465760,1.462191
8.786826,5.994667,2.665292,3.153070,0.419246,1.139539
8.763721,6.378429,2.102085,3.716600,0.071050,0.533336
18.293976,12.553332,5.643238,8.518665,0.631715,1.765555
9.408813,6.535079,3.581633,5.660896,1.014193,1.426659
10.332876,7.661474,4.687643,2.937039,0.922326,8.867855
24.474012,17.474237,11.658577,15.315955,1.815525,9.253433
7.190333,5.557281,2.071864,1.506379,1.214534,0.037014
11.388659,4.821726,2.943846,4.472807,0.830112,1.312754
10.130346,7.036864,3.448341,4.297177,0.701039,1.194276
9.718756,7.041324,3.028637,2.515194,0.124331,0.798453
19.066084,13.428698,7.669314,13.120020,1.148309,2.087497
24.566317,14.277666,6.960587,9.908368,0.733963,1.765327
16.162401,11.191898,4.240311,2.972667,1.311664,1.099039
19.698021,14.091406,5.114976,4.918338,1.044305,3.108819
33.730904,22.003881,10.533881,14.294581,1.338662,4.756022
4.784634,3.635582,1.751794,4.307477,-0.151554,-0.151777
27.094559,18.253834,11.943825,21.112375,4.017996,4.624707
6.012920,4.345125,2.217763,3.465891,0.032373,0.048100
5.533216,3.801876,1.345317,2.589067,-0.493168,1.689972
7.153013,4.883484,3.786483,6.143496,0.267244,1.840795
13.451028,9.693475,3.514693,7.950831,0.813221,1.881089
6.789146,4.933389,2.439268,2.834907,0.667121,0.025095
4.872362,3.338549,1.178253,1.806381,0.572738,-0.660005
6.673461,5.008640,2.301835,4.370559,0.549683,0.144726
7.508750,5.218842,2.510405,1.216820,0.545380,1.136932
6.268263,4.957580,4.481243,4.177927,0.889835,0.686879
6.504457,4.915166,2.000454,3.930798,-0.580986,-0.352559
5.692293,3.977758,1.567276,1.199460,0.812621,1.467018
6.883828,5.135530,1.993694,2.543907,0.128303,0.746310
5.593070,3.705824,2.438309,3.786028,0.142139,1.454658
9.023765,6.622649,3.047987,3.395210,0.186476,-0.278809
5.279088,3.970122,1.865832,-1.038370,0.956940,0.277618
6.961994,4.860814,2.485749,2.732728,-0.485446,-0.077134
24.431923,17.223450,9.330709,11.910299,1.570067,4.672711
24.943682,16.451090,16.942905,26.518337,3.440139,3.437289
8.887372,6.475776,2.828532,3.868488,1.183437,1.260069
7.238946,5.200350,2.258589,0.799429,0.329255,-0.118806
15.018219,10.718225,4.938831,8.239394,0.468608,2.475666
6.962868,4.811052,2.560947,2.041817,0.826644,-0.003108
6.813359,4.589309,2.202715,4.813266,0.914804,0.586968
7.030283,4.972231,4.598913,9.453536,0.769615,1.968109
17.117405,12.031033,4.863606,10.947179,1.162077,0.851317
4.381153,3.212607,1.986442,2.365503,0.249233,0.647323
6.297462,4.593227,2.092508,2.012204,0.737092,4.494008
10.555698,7.735057,4.664454,7.829276,0.731984,2.069736
13.603406,9.070760,30.036968,55.884716,6.891352,8.015912
14.083713,9.770844,9.964428,15.570052,2.575778,1.382996
6.593328,5.064776,3.649168,3.678547,0.060323,0.115227
24.992815,17.244461,7.442378,11.121511,1.216408,3.910110
45.003803,18.853811,16.636366,22.504196,2.652752,8.620665
50.709835,23.730612,28.124504,46.328354,5.434069,11.931550
26.601332,9.765032,13.451780,23.147907,3.419928,11.498915
9.438430,6.800197,2.812495,5.367477,1.410178,2.146229
8.370952,6.099626,3.697050,3.473244,0.355355,0.323850
14.158176,10.152837,3.816852,4.801502,0.694752,1.864275
11.433188,8.234529,3.467960,4.181017,0.950079,2.603514
7.660095,5.506732,2.420903,2.523948,1.004165,0.254625
8.263553,6.410939,2.601870,2.187854,0.216354,2.117519
14.680703,10.521517,4.393407,8.272231,0.510957,0.285291
5.607927,3.843683,1.966179,2.991767,-0.047901,1.337245
6.157685,4.586415,2.561952,2.127871,0.219522,0.672372
8.897276,6.233721,3.176876,4.012939,1.188012,0.071920
9.256113,6.554251,3.367389,3.592770,0.214817,1.113939
8.469068,5.958652,2.869388,1.320339,0.098295,1.471278
9.205044,6.091746,2.740617,5.721673,-0.377134,0.940896
6.639183,4.917076,2.206104,2.401513,0.938046,3.392382
12.295754,8.579030,4.516042,7.519951,1.402105,1.533940
13.933575,10.119789,4.212413,4.407678,1.205834,1.446244
8.835583,6.578421,2.924687,2.122491,-0.109343,1.590879
11.389400,7.981136,5.193724,8.535659,0.830555,3.200526
10.352068,7.013838,3.228294,1.562053,0.643846,0.545469
5.211000,3.887901,3.332660,2.557881,1.348641,1.501997
9.928761,7.072725,3.646184,4.418354,0.288178,2.335604
11.345849,8.211957,2.999265,6.947885,1.105759,1.856554
13.537890,9.948699,6.422543,9.088393,1.496858,2.548196
6.789681,4.807202,2.403051,4.366113,0.709561,1.529787
49.884472,31.926588,13.111804,17.118351,2.728491,2.572418
30.459076,17.342546,30.319796,41.558018,6.470995,27.119001
7.608016,5.363475,2.594065,4.200262,0.396134,0.859373
8.168516,5.731410,4.462526,6.615701,0.598077,1.705411
10.287729,7.445651,2.436753,4.125912,0.939890,1.090271
14.809253,10.213964,6.815842,10.699946,2.045099,2.182607
14.567510,10.439890,4.013587,2.861586,0.846569,1.440437
22.015526,11.704801,8.058274,12.263152,1.363475,5.876868
10.815121,8.090905,4.508600,6.167484,0.595233,6.089629
11.459185,8.260825,8.977604,10.656045,1.297530,2.204566
8.296438,6.330462,4.375299,7.087046,0.455560,0.858457
4.364485,3.128727,1.907396,3.831017,0.269200,1.034352
7.260818,5.342357,2.363571,3.446760,0.252741,0.506169
9.264115,6.810320,2.897714,2.785498,0.214664,0.677644
10.890618,7.687808,3.811526,6.693369,1.191489,0.415519
9.278242,6.648117,2.571910,2.884228,0.004152,0.513547
8.288116,5.919922,2.649036,3.470405,0.715490,0.523690
7.842943,5.866834,3.136354,1.982290,1.148817,1.754807
22.384453,15.296918,6.101516,8.141169,1.253624,3.394549
15.571981,11.357563,4.639577,5.181491,1.187889,0.574903
5.507977,4.311327,2.442375,4.800924,1.343569,1.592371
10.622437,7.728598,8.738432,8.916696,1.578377,2.072011
4.354138,3.300551,2.851763,3.421938,0.402913,1.169883
14.025414,10.131935,6.763269,8.799340,0.692713,1.514770
6.409564,4.873225,2.885958,3.753649,-0.519268,2.041694
4.536540,3.110748,1.999317,1.981353,1.060579,0.687425
10.788022,7.427867,3.011209,0.550740,0.154437,2.318837
11.027577,8.126094,3.458153,8.075305,0.516459,0.833924
17.449041,12.710126,5.406880,6.722139,1.244940,1.676638
15.186354,10.889619,4.601758,5.045662,0.603502,3.814951
12.191476,8.987009,3.075906,7.097176,0.933435,-0.123975
7.791444,5.601799,2.019584,2.737375,0.607555,0.793666
6.785381,4.901917,1.914691,5.576423,0.258556,1.444114
7.550259,5.310961,2.930298,4.625540,0.759522,1.055830
12.478575,8.734654,3.916145,5.626099,0.756486,0.106380
9.818781,6.841887,3.406423,7.371388,-0.178196,2.095973
5.662124,4.176532,1.954379,3.030078,0.232789,1.088303
13.151232,9.212340,3.047373,8.333097,1.484364,1.335672
18.740532,13.488015,4.391592,8.582232,1.402145,0.144667
4.499519,3.121135,1.814438,1.800393,0.889458,0.262692
16.065250,11.063289,3.439542,7.404040,1.477932,2.368310
10.547906,7.136227,4.818463,7.092279,1.472626,2.808322
8.103659,6.069731,2.417185,-0.122906,0.923987,1.432954
51.209126,18.720142,17.728245,23.718485,3.011264,6.372067
64.866585,18.649992,22.136597,33.667793,4.204526,7.319960
6.612871,4.702460,1.848470,4.653836,0.003184,1.318717
5.081922,3.415277,1.851036,1.063468,1.369986,1.366002
10.524206,7.556956,3.228375,4.410099,0.863109,1.628301
12.847489,9.344358,4.492052,3.305388,0.966839,0.617528
11.036769,7.930499,3.402460,4.591419,0.860309,2.840081
8.994071,6.704236,3.031419,0.665140,0.153622,-0.380899
11.496923,8.365185,3.649753,3.229695,0.370498,1.323109
8.637981,6.181066,4.536815,5.591761,2.101842,0.020856
4.338076,3.095289,1.825583,5.336891,1.322572,0.249709
23.620377,16.029568,5.664259,9.120686,1.522016,1.735296
18.161112,12.747813,5.702721,7.005084,0.697784,1.732444
7.223135,5.321400,2.784980,5.105651,0.501361,0.635824
22.599188,15.697784,8.271103,8.242238,1.709174,2.828184
7.130348,4.939608,2.409860,3.086935,0.700791,0.007838
13.347959,9.657387,3.866658,2.248341,0.438172,0.425295
7.899168,5.516236,2.240971,4.448318,0.240978,1.544758
21.209209,15.216502,6.951164,8.764126,1.023244,1.285908
20.106476,14.317163,6.311741,12.543149,1.350478,1.332317
6.420460,5.072834,2.414345,5.412037,0.566583,1.056592
7.814833,5.709935,2.551684,4.235449,0.398722,1.261353
7.875807,5.841183,2.476176,5.044275,0.264705,0.140254
5.506220,3.967924,2.170732,2.727643,0.318373,0.200589
5.609167,4.154333,1.886255,1.126443,0.166159,1.328991
12.105964,9.122880,4.410771,7.214997,1.363096,2.618556
5.022901,3.395979,5.553133,6.330357,0.784971,7.673209
17.682699,12.855000,6.864165,9.307858,1.117652,3.275860
14.546962,10.076016,5.235483,4.757902,0.788763,2.560075
8.027350,5.906445,3.321448,3.105192,0.622819,2.617146
25.103664,15.900763,8.579105,9.797737,1.757314,1.215524
28.078892,16.074753,9.732638,10.338920,0.738320,0.235429
16.455042,11.404779,4.614820,6.820092,0.368507,1.424122
12.860497,8.911222,3.788247,7.920442,1.179020,0.194871
9.416837,6.925426,2.994782,1.972714,0.435389,0.839213
9.059009,6.833941,2.739670,5.571970,1.013493,0.225130
17.900803,12.704894,4.836308,9.848158,1.091624,2.457467
11.142172,8.278332,3.959236,2.881943,0.215220,0.807411
26.225368,18.141602,7.211442,10.532732,1.611153,2.464739
56.436165,33.975880,32.431320,47.817017,6.209904,5.803880
35.058491,19.145830,22.539167,34.281200,5.646055,9.965375
36.061424,19.182671,22.883669,36.266041,6.203623,9.919977
18.579123,13.203504,4.802049,4.294234,1.259296,3.924472
7.927513,5.427061,2.598867,0.309892,-0.226295,1.368192
11.171561,7.955702,2.924743,2.463802,0.465968,0.792859
12.727890,8.822847,3.303891,2.047551,0.650161,0.903690
6.424023,4.590937,1.948117,3.272612,0.376185,2.394042
16.254597,11.702481,4.765800,4.099729,0.974625,2.018964
7.426122,5.377762,1.605953,1.485872,0.055254,1.993017
11.909198,8.797432,3.700039,4.499121,0.813275,0.817396
6.322286,4.528694,2.233539,3.101294,-0.027021,3.370723
51.352104,29.666136,67.276360,88.711800,10.291306,30.986013
8.967755,6.258878,2.907352,3.047118,0.471469,-0.371207
4.818784,3.449465,1.871996,-1.382712,1.110834,0.850622
6.209638,4.412180,2.396334,1.404978,0.151080,0.017866
5.408951,3.897402,1.649623,-1.244199,0.932182,-0.526417
35.968224,12.901543,12.137477,11.317160,2.981060,5.259591
42.490257,20.493755,20.313683,25.146482,4.409023,10.495816
9.644897,6.604219,4.187425,7.322894,0.467072,2.233213
12.949446,8.959521,3.707443,4.770931,1.238540,1.356261
13.128782,9.585773,3.342127,6.610973,0.629044,3.245774
11.476037,8.328901,2.766673,2.046521,0.685259,1.918669
7.215001,4.965313,1.964734,1.096793,1.063977,0.114786
10.966866,7.928718,3.355757,1.771451,0.906889,0.842743
7.619144,5.288479,2.697584,1.495055,0.832827,3.743706
8.212711,5.954499,5.277337,3.525647,1.006765,3.700546
9.539776,6.595843,2.895356,2.533939,-0.082563,1.137536
11.197194,8.420712,3.125093,5.552761,0.867720,0.867286
9.666545,6.802988,3.781609,2.772619,0.409881,1.521437
10.909056,7.539093,3.409172,5.368374,0.689663,0.500362
16.083632,11.687963,3.546020,7.158557,1.391204,1.733550
13.227919,9.343669,7.541962,4.123425,1.531345,6.693853
22.531435,15.571170,9.544515,11.743635,0.749326,2.579937
21.981739,14.922516,5.549980,4.326343,1.201757,2.970625
4.650869,3.592351,1.768633,0.808357,0.175275,0.308088
8.651509,5.562055,2.627571,2.333398,0.344785,1.756758
14.445282,10.371528,3.631160,4.410754,0.238405,1.340150
6.101013,4.300040,2.812390,4.027564,0.384119,2.217973
17.462244,7.867116,4.794868,4.760650,0.221406,1.998564
11.171576,7.588746,3.773311,6.195013,0.297428,1.545295
5.321960,3.613333,2.392083,0.544932,-0.081864,1.387747
5.135217,3.486495,1.724047,2.026404,0.783782,2.692975
9.999699,6.898262,3.049876,5.754542,0.893823,2.011307
10.502902,7.605277,4.384879,6.286472,0.750244,1.510090
8.938122,6.373499,2.392451,1.120903,-0.027168,1.262770
22.271376,15.263935,20.134062,25.835804,4.228212,20.741344
9.453337,6.639095,2.883401,2.031426,1.035630,0.646520
9.830689,7.141045,2.886733,3.033233,-0.141407,1.902204
4.471235,3.184284,1.621392,0.974780,-0.115264,0.212489
11.922171,8.333815,3.563478,2.885903,1.518128,1.394304
13.418535,9.533769,3.172877,4.666081,0.156524,1.975145
5.004925,3.373075,1.968997,1.490966,-0.301520,1.098526
13.025482,9.085211,4.184302,3.405042,0.363494,1.017530
57.222691,24.961758,16.782339,26.424112,3.208780,3.496236
56.210182,25.025721,17.474062,28.481007,2.992344,4.290237
13.323554,9.087928,4.364344,7.791695,0.868328,1.174859
3.978281,3.170234,1.420271,5.707124,0.805448,0.273913
13.010851,9.272632,4.131728,5.906768,0.393844,0.463338
19.780874,10.181040,7.547005,8.207632,1.302507,2.791996
20.163284,12.588955,14.892731,19.582018,2.549824,4.934709
8.525856,6.221757,3.136685,0.935407,-0.022314,1.161600
10.791145,7.761862,2.653540,5.536582,0.816052,1.327660
11.085524,8.029739,5.185796,5.781679,0.487098,1.590907
10.450525,7.541905,2.914411,4.362582,0.423162,3.058559
4.384603,3.322102,1.506931,3.421115,0.568063,-0.311450
9.921589,7.003541,2.493600,3.761719,0.346583,1.602167
8.675953,6.517653,2.592921,5.921860,0.536702,1.146031
7.996694,5.450621,3.660385,8.584910,0.789142,1.382440
10.826951,7.547650,3.002113,-1.880189,0.118253,0.991378
7.276350,4.845337,2.107022,4.121502,0.238612,1.518248
14.384412,9.514445,5.368844,8.819757,0.835721,3.025269
5.853675,4.013397,1.976023,0.579313,0.709194,2.589849
11.777877,8.561463,3.957963,0.456589,0.189670,1.216159
11.192145,7.731180,3.291738,2.525265,0.780403,1.693382
18.379959,13.197094,4.363403,6.590233,0.697981,1.207663
11.763902,6.197253,5.703252,4.507033,0.305869,2.569277
38.984035,25.938469,34.946476,49.494026,7.010674,8.078896
4.935468,3.206433,1.754088,3.388891,0.709877,-0.195850
12.301690,8.828450,2.331912,2.647217,0.151319,1.039687
43.157314,26.957394,18.393011,26.297947,2.662548,4.332766
8.417844,6.250900,2.565451,0.897325,-0.263613,0.767115
11.675744,8.098584,3.268830,5.245139,0.640929,0.497879
23.373669,13.604712,6.088907,8.180164,0.820715,1.979926
9.108242,6.678852,3.410193,1.869694,0.299155,2.124115
8.019321,5.599897,2.221839,1.720419,-0.164055,3.683721
10.176067,7.441572,3.325846,1.233564,0.549287,1.371925
17.011728,12.008517,4.504483,5.789115,0.924767,3.653925
27.449293,14.448088,13.006681,20.252518,1.817305,6.930389
27.945559,14.436693,14.849130,26.728558,2.393665,7.129679
12.300109,8.875139,3.708622,6.007048,0.632478,7.572070
12.358826,9.005567,4.233135,2.534745,0.257121,0.852976
17.146147,11.342936,23.758148,25.434280,4.395255,5.457126
14.028100,10.120483,5.981798,5.888281,-0.290020,2.407999
5.835375,4.117473,2.505326,6.078630,0.710523,0.462305
6.696523,4.844378,2.547770,0.032148,-0.508699,1.194783
9.735767,7.253943,2.876272,2.252642,-0.150867,0.258788
11.681099,8.142551,5.497662,11.183055,0.925815,2.219690
5.860451,4.508734,2.284350,-0.014771,0.741852,1.281719
16.379383,12.050159,4.898629,2.452373,0.323283,2.872543
7.138212,5.122041,2.797874,1.779126,0.124983,-0.572575
8.128486,6.043908,2.663715,3.467932,0.012912,1.567101
13.396067,9.572497,3.401950,4.740335,0.801305,9.661080
16.310690,11.182481,8.544939,9.754162,0.750896,2.139689
5.883140,4.155654,3.456576,4.611530,0.996822,1.722829
10.060672,7.713359,2.925663,3.193640,0.516157,0.623522
4.560880,3.255093,2.029665,-1.755035,-0.547664,0.354628
4.399787,3.159063,1.784446,-1.237234,-0.027616,1.370653
11.622554,8.487721,5.471773,5.800356,0.103948,1.715999
10.218525,7.565885,3.262790,-0.704443,0.105566,2.193728
8.358185,5.928740,2.507969,1.126241,-0.011211,0.730772
4.587943,3.310672,1.594553,1.134233,-0.969703,0.613317
6.375540,4.536631,1.512224,0.622651,0.086084,0.355360
13.181052,9.279734,9.799210,7.896163,2.215558,6.432021
5.033256,3.732526,1.925817,3.104434,-0.718610,0.058676
9.445804,7.022550,2.971269,5.282754,0.481145,2.749478
30.906057,14.750853,15.545229,20.056190,3.251568,21.613586
30.231327,14.784106,16.653294,25.703377,3.725765,21.111509
16.866549,11.917050,6.036409,7.699064,0.712734,0.516884
5.158267,3.401259,2.258804,1.326057,0.143421,0.628620
13.964471,9.975182,4.554666,3.407800,0.522005,2.999497
5.932110,4.424269,2.228172,2.535107,0.169271,1.263537
4.470948,3.304634,1.646563,-0.049870,-0.328742,0.994265
13.884300,9.740760,4.117470,2.728457,0.618502,0.942397
5.084638,3.741309,1.846764,-0.271398,0.565887,0.473428
5.153941,3.788080,2.007072,2.324817,0.332238,0.500294
11.488150,6.475014,4.083353,1.599139,0.852777,1.598139
11.870796,8.781600,4.488185,4.523117,1.164762,1.096435
8.337664,6.028926,2.437471,1.359024,0.435440,1.434986
4.850487,3.696885,1.721339,1.698453,-0.857849,0.417820
3.938119,3.073395,1.612303,0.774011,-0.252949,0.448041
4.934061,3.613273,2.065437,1.095107,-0.792344,0.688596
24.812502,15.807099,6.810374,9.205181,2.147238,3.087592
6.880103,5.033313,2.245271,1.380535,0.049685,1.278283
10.244863,7.602513,5.075692,5.873007,0.155753,0.624763
12.834979,9.125736,4.137017,2.520712,0.272333,1.136206
32.059162,21.536131,9.715764,14.116186,1.870471,10.421214
11.384440,7.991907,3.934318,3.232358,0.352223,1.813220
15.775383,11.527667,7.383415,11.668866,0.815174,1.783513
12.543514,8.614701,3.548364,7.529763,0.549006,2.218128
9.795618,6.661974,3.145974,5.243534,0.235718,3.509863
14.348069,10.603284,5.210789,7.901850,1.081998,1.392670
7.336894,5.295063,3.618048,2.516024,1.082470,2.179969
7.469014,5.623137,1.891859,1.500003,0.436409,0.186659
4.520169,3.654275,1.895445,3.702308,-0.326907,0.350928
17.685795,13.017625,6.054396,8.644961,1.077001,2.706165
11.763965,8.226927,3.527503,7.389154,0.855455,2.372702
5.331735,3.924611,2.203278,3.751818,0.569424,-0.156826
4.615937,3.321723,1.753301,1.337392,-0.309904,0.748178
6.791072,4.925964,2.240782,4.763488,-0.217807,1.573082
34.439560,21.096125,17.713202,24.371548,3.060730,8.962310
72.222588,27.263718,43.411518,81.821312,8.468340,9.742097
60.806450,26.080198,46.820900,87.612854,9.077492,9.754518
26.493065,11.117093,20.108351,33.504208,3.811234,4.509952
16.183975,11.474107,4.120513,7.081987,1.282914,2.083848
31.657413,12.675854,11.706879,12.523346,2.262932,9.773332
28.533953,12.790894,10.255075,14.748158,2.599459,7.730978
6.944998,5.130241,2.947617,2.470631,0.211845,0.265452
9.368417,5.200510,3.326468,2.321467,1.185781,0.093979
6.150705,4.196506,2.526096,5.337036,0.315165,1.802106
11.396179,5.497279,4.279730,5.425755,0.976988,3.600290
12.056688,5.493811,4.676118,5.762966,1.620108,4.254468
10.574227,7.901929,5.479235,4.067672,1.816635,5.786382
29.188696,20.201275,10.013380,9.338641,1.921613,4.973438
12.884069,8.925002,3.737639,5.499930,0.625293,2.353169
8.405342,5.894334,3.112976,8.006114,0.356398,3.962328
6.136599,4.803977,3.577394,9.624575,1.379760,1.185573
5.952780,4.081403,1.635191,5.877800,0.616474,1.212784
17.121519,12.201254,7.023086,9.885447,1.287706,0.828231
11.775664,7.926285,3.300164,8.055362,1.804417,1.803781
6.367088,4.358612,2.096801,7.229816,1.965631,1.557107
59.105309,26.041388,63.919827,86.877106,10.441502,13.134158
33.914825,19.848944,65.958359,84.700325,12.209756,12.918499
13.849968,10.054292,4.162620,20.830320,2.412030,1.666195
95.706192,31.688038,74.410530,119.272896,17.307209,42.352604
107.582245,31.641527,114.701515,178.250626,26.548101,47.695309
63.042500,24.966242,90.396431,156.422592,22.179558,26.386389
59.137459,31.130138,82.423882,134.272827,20.179285,30.877701
39.920559,23.391815,76.473221,107.247032,15.466801,20.988916
12.390851,8.917390,2.905642,34.494732,4.718688,2.202714
16.794573,12.318427,7.640304,24.553371,5.342817,2.923134
34.493759,13.859171,30.131924,56.766781,9.749189,14.218898
47.587696,13.491388,31.043427,67.316948,11.245107,23.791456
34.957012,15.841825,19.075775,50.934818,8.428421,17.257156
48.941563,25.917070,39.162659,71.269997,11.398016,14.422090
53.254101,17.578962,37.238178,68.296532,9.520978,13.470634
88.421799,37.904671,58.988911,107.499985,15.701104,18.512205
70.195778,31.346317,34.380524,68.648468,10.018323,11.793391
105.319809,33.488613,98.856285,146.120392,19.842070,26.093336
92.484962,33.463131,133.894989,220.657196,27.377462,36.549179
138.732452,56.373180,173.870468,275.273987,38.610817,69.194176
110.977325,36.836403,90.870964,160.467926,20.599379,33.577042
110.901939,33.953522,125.509605,172.679413,23.720835,41.473587
147.159149,44.798122,174.200317,246.072388,34.668568,54.555485
94.713905,25.003889,60.313663,119.846901,17.251213,22.079445
57.121902,19.810829,35.655273,82.355186,11.749798,15.405969
64.304054,32.898930,67.140762,116.078445,14.869651,20.368578
29.440569,12.874504,63.141571,107.253815,16.474154,32.024590
47.005821,27.316738,98.359840,153.972702,17.876036,31.375687
20.659023,8.470875,8.647329,26.723896,3.900264,3.810507
19.983923,8.605715,8.718379,27.769932,3.853498,2.932454
34.605255,19.012402,13.498090,30.771725,5.649309,10.251145
85.494141,30.960037,178.804794,253.325485,39.768520,80.949005
136.546265,47.522999,223.244781,328.799500,44.485104,80.411476
61.102348,27.373648,35.215714,80.997726,12.843596,28.122133
76.477524,23.329365,61.212452,111.316788,17.755362,61.869949
83.213928,24.400095,86.616096,154.530045,23.581167,72.464798
70.689362,20.900297,45.370056,104.693924,12.193449,27.655289
68.745438,27.764132,80.115334,134.402817,21.870325,60.782719
75.696861,28.847311,110.880798,159.241425,24.095924,65.412849
106.909416,33.953671,150.531906,232.950943,31.372663,100.208282
136.675217,41.280407,105.916145,193.555710,28.781654,80.519203
115.421478,36.786343,167.830643,265.405334,42.220543,102.103859
178.989441,49.539398,262.187500,400.392212,61.679188,162.642487
169.926910,49.635635,244.400009,383.072449,57.522228,133.013474
134.070358,48.227028,157.247864,241.002335,33.886688,49.943924
116.205063,41.597763,151.214325,258.394379,32.402611,55.743767
74.490379,32.862919,119.908882,174.109924,24.455017,49.125759
190.297104,49.223434,501.986328,723.423584,101.391159,234.860229
193.512985,49.182487,438.741638,693.668274,91.851585,223.086487
176.608185,53.336586,233.792313,387.392395,54.159527,99.603180
123.043419,46.213375,124.002022,225.684418,35.663517,105.150589
123.595848,46.223324,124.990913,216.280212,35.600075,120.390991
85.412949,28.888075,85.026115,170.789841,27.852283,111.606728
116.592400,38.347370,96.411034,184.376587,27.454721,60.598713
62.572212,26.841328,76.015335,121.887054,17.456152,46.250137
96.253555,33.491459,116.927444,207.289490,29.405603,51.131874
137.049408,34.773693,153.046188,250.697113,35.727287,72.231735
121.314728,37.681393,105.409431,173.331802,25.390383,50.361919
44.900700,26.009176,80.249870,132.783401,23.591400,159.285568
4.618470,3.154444,1.464631,17.661011,2.845483,1.148346
10.920298,7.530419,5.771505,17.819616,2.778655,1.150367
7.005341,4.977448,2.036587,4.653535,0.399809,0.609226
8.616836,5.771826,6.755671,13.956285,2.608852,16.421307
7.645731,5.763103,2.503666,2.172804,0.715971,0.299527
11.807571,8.517076,4.175609,5.703145,1.400830,1.597147
13.003356,9.390517,4.973304,7.859725,1.063496,2.344792
7.428102,5.403746,2.447730,4.691005,0.626382,1.497208
19.579372,13.637885,4.361537,11.014560,1.840646,21.607830
51.401474,18.226679,20.644056,33.548962,4.058645,5.259308
50.547729,18.030819,22.317562,42.219769,4.543704,5.068284
8.431995,6.292882,2.616383,2.407970,0.864896,1.055780
9.199421,6.505405,7.153212,8.284971,0.457667,2.834563
6.395841,4.767040,3.746415,2.427693,0.138429,0.726872
9.993862,7.348580,3.147887,4.321116,0.558088,1.386375
11.583646,8.133804,3.503994,5.114369,0.832467,1.327109
4.672958,3.284025,2.115079,1.336119,-0.003964,1.427795
7.450028,3.378525,2.795373,6.399201,0.808460,1.554468
9.016736,5.601818,3.849138,5.331856,0.580256,2.266165
26.200285,18.378592,6.750399,7.862442,1.069588,1.981053
20.704283,11.467305,6.411250,9.745508,0.789448,3.795541
15.243140,8.385934,5.424342,6.289198,0.683768,2.054010
11.062593,7.680329,3.318090,-0.269436,0.263512,0.299582
5.265313,3.766915,1.855498,2.579452,0.104844,-0.092368
4.593188,3.463975,1.747392,-0.761359,0.444369,-0.061882
11.304469,8.158808,3.392251,3.896658,0.062684,1.445253
6.398533,4.567438,1.848215,1.566598,0.219084,0.582637
82.335846,34.295448,45.862061,60.240253,7.813676,8.802983
10.640947,7.274898,3.124063,3.405294,0.421265,0.732292
21.486021,14.595448,12.439812,19.867487,1.963420,4.956437
11.857910,8.485126,4.943543,6.625393,1.950816,2.765647
5.251403,3.442234,1.673487,4.581689,0.198088,1.969445
13.669146,9.899343,3.589427,9.651001,0.587803,1.270107
12.132832,8.855124,3.560389,6.058461,0.643175,0.231136
4.712660,3.328159,1.963971,3.295190,0.498115,1.688021
22.229254,15.136835,6.731227,8.363099,1.398231,3.046685
11.402118,7.712692,7.367497,4.241523,0.652695,1.461241
29.547579,18.910772,8.104966,11.059289,1.461603,3.655449
7.353648,5.269178,3.139335,1.531216,0.256106,0.412256
4.702159,3.651833,1.680677,3.083026,-0.318421,0.539530
11.160134,7.660249,3.990841,6.107371,1.635928,1.769207
14.668741,10.602001,4.725194,9.136578,1.726921,1.866139
7.626271,5.413851,2.235838,2.403644,1.211233,1.285983
4.418962,3.042263,1.744405,2.364761,0.207274,1.599727
8.303300,5.515262,5.671656,6.337442,1.952048,2.568474
15.468393,11.081793,5.087638,10.695999,1.288281,1.047363
7.016480,5.005076,2.452748,2.417261,0.414893,-0.205795
6.073967,4.327298,1.695447,1.204434,-0.252410,2.162675
21.559423,13.645871,5.377723,6.249925,1.539343,3.432267
18.020390,12.539815,3.402250,5.412743,0.690989,1.958400
14.612562,10.481127,4.135679,4.043133,1.144856,0.144461
17.954533,12.754263,5.006244,7.150925,0.879170,1.128471
10.877026,7.942244,3.766228,9.165290,0.118938,1.883989
5.008679,3.911580,1.740664,2.442312,0.903530,0.081268
13.785909,9.739725,4.320327,10.435189,1.874218,1.660630
22.862524,15.470757,11.736373,15.632172,2.124107,2.766588
11.706644,7.826587,10.210636,14.670295,3.017380,9.057034
17.037661,12.340327,6.086288,7.288239,0.547253,0.297935
12.992638,9.123453,3.966375,7.626810,0.702447,5.723477
6.378495,4.209688,1.859805,2.972158,-0.007827,-0.153103
39.964355,23.579855,19.782709,20.808630,4.248363,32.159615
7.933821,5.611948,2.775109,4.017430,0.969900,1.088563
5.850638,3.394680,1.742380,3.198035,0.611252,0.474949
5.163677,3.072525,1.693678,0.602955,0.584275,0.042054
10.606843,7.617532,2.800719,2.668193,1.281321,0.336723
8.453908,6.430595,2.467321,1.705330,0.414134,-0.054921
13.230563,9.136753,3.840853,6.719831,0.313587,4.807403
4.578614,3.323796,1.674873,2.326709,0.288382,0.245690
28.353586,18.157608,8.930647,12.066966,1.315571,4.280045
13.049808,8.987077,4.615400,8.005705,1.282756,3.208111
4.084297,2.986903,1.605322,-0.102003,0.431701,0.437985
4.641635,3.253787,3.150954,5.860568,0.015996,0.843895
5.341564,3.810517,2.448879,2.211799,0.743617,0.046947
10.313659,4.230359,4.566945,6.873724,0.035455,0.928710
10.271176,6.532832,3.447445,6.739184,0.166815,-0.009778
13.521580,9.602259,3.687881,7.934988,0.762547,1.061553
5.079915,3.398491,1.566155,2.109752,0.529371,-0.256183
17.337757,11.995036,4.569650,10.651121,1.165972,1.713717
11.658760,8.099646,3.238738,4.201746,0.408702,2.565845
8.010003,5.955822,3.718316,6.754545,0.836054,1.783908
12.162709,8.438681,3.350185,3.416070,1.118638,1.537654
10.523114,7.537183,3.161952,1.779455,1.144482,0.865074
31.199594,20.426432,16.591534,15.525650,2.652607,2.339491
6.709344,4.880754,2.456045,2.130081,0.525769,0.692116
10.567258,7.320632,2.852754,7.975330,2.392555,5.277674
10.937360,8.029172,2.915653,6.851753,0.456063,1.781179
7.384651,5.144950,2.455898,3.047576,0.150469,1.507221
10.783432,7.703374,3.430054,9.127436,0.328324,8.453170
10.647752,7.374284,4.063034,4.010480,0.569312,0.694477
47.534740,26.188877,57.375221,75.388527,10.925917,24.561132
8.497776,6.002990,2.673479,2.433439,0.718657,1.239925
24.577879,14.002935,7.297871,14.529567,0.556357,3.974513
14.835624,10.488299,6.261682,11.438769,2.244737,4.959882
14.158287,10.062164,4.036489,7.274195,0.924198,1.792687
22.579702,12.574307,7.269416,6.295052,0.397319,1.382244
15.480102,7.818926,5.076270,6.960332,0.406361,0.766843
6.791989,4.805559,2.698064,4.369058,0.132924,7.017970
12.168764,8.596001,2.386466,7.290608,0.100650,-0.162204
5.884611,4.428384,2.104044,2.874758,0.149372,0.629118
5.743122,4.217183,4.284163,6.475671,0.503020,2.134345
11.049783,8.133778,3.760710,4.218981,0.967318,1.157002
5.816193,4.137042,1.868631,0.876023,0.042781,0.861708
3.754457,3.017072,1.238103,1.363419,0.318526,-0.428878
16.645746,11.491058,4.000628,6.075432,0.843907,2.175878
9.798082,7.076431,2.965131,7.281090,0.705763,0.438804
7.998926,5.841863,1.866158,4.878678,0.541708,0.501895
6.408252,4.295058,2.618676,7.137892,1.156220,2.477023
10.754806,7.715709,4.499875,5.526052,0.880294,0.950727
7.090639,5.262828,2.340956,0.399302,0.187671,0.511789
13.216289,8.880104,4.350293,6.388470,0.613521,2.427613
7.278024,5.000338,2.263566,2.511046,0.190307,1.789724
3.867559,3.113696,1.700847,0.612108,0.180254,0.297105
6.164281,4.666595,1.769683,4.056379,0.514165,0.854775
3.923745,3.117074,1.235379,1.687951,0.280399,1.627804
4.039537,3.070981,1.531153,-0.255599,0.013846,0.667936
10.256357,7.289209,2.938979,7.374690,1.113568,-0.269758
4.823207,3.551687,1.946357,1.948825,0.372888,0.661720
6.148126,4.265008,2.148852,1.911735,0.428563,0.644331
11.465874,6.394759,3.965816,4.642240,0.944904,4.172347
11.199209,7.245353,3.867823,5.362535,0.396617,2.934389
17.092220,11.577375,4.795002,4.912016,0.867339,2.135206
6.117146,4.678227,2.177166,1.176901,0.018023,1.006077
9.231284,6.653932,3.965081,3.044741,0.437000,1.370544
43.569633,28.317455,13.335195,18.122746,1.975778,4.567788
16.434620,10.141353,4.152393,7.558530,1.077288,1.784110
6.317593,4.312667,2.072911,3.719691,0.584571,1.251084
40.296761,22.794737,30.050123,38.375507,7.930587,38.693226
8.436679,6.049664,2.778069,3.311734,1.120938,1.976429
10.830469,7.810983,3.423194,3.543832,1.267696,1.100421
22.197031,15.620388,11.255344,11.575981,1.261525,4.809824
12.278519,8.575334,4.619997,8.602780,0.423565,2.452665
11.857619,8.676237,4.488587,3.748597,0.384564,1.701076
34.330086,21.985495,16.960331,21.993116,2.778214,12.144563
10.502584,7.528294,3.151050,2.329965,0.647375,3.372138
12.573842,9.230659,2.820035,3.261673,0.374743,2.518260
6.188617,4.582469,2.373649,5.999141,0.017570,1.240594
6.997814,4.741601,2.123318,3.128102,-0.087685,6.944902
11.048735,7.527366,4.857445,6.317966,0.610388,1.291288
5.552759,4.016737,2.364847,2.006363,0.153013,1.239626
26.873856,18.806286,11.845902,15.807001,2.999963,7.350911
6.836952,4.934123,2.771933,1.164207,0.208162,0.507452
9.100116,6.352133,3.746356,7.455342,0.443291,0.511509
15.458359,11.364726,3.673533,5.396161,0.885886,0.840198
18.234612,12.598357,4.691194,5.297547,1.210602,0.391537
10.528344,7.443240,2.912395,1.213866,-0.020350,0.931065
14.840450,10.397388,3.974000,8.015774,1.391641,1.745385
12.465772,8.547682,3.150980,5.170868,0.838838,0.417054
7.691665,5.698888,3.811236,6.228813,0.622202,0.658930
9.182564,6.875845,2.691314,2.017683,0.377947,1.716188
10.837858,7.706751,4.809296,3.897291,0.920387,1.326545
5.894046,4.139683,2.080087,3.677455,-0.955208,1.185003
5.322768,3.506046,2.151143,-0.094678,0.549796,0.414799
12.993226,8.951620,3.911672,4.019661,1.311602,0.834776
29.082029,20.393681,7.218522,6.631775,0.901025,4.305190
13.098216,9.446355,3.362524,6.828633,1.281208,0.859033
13.290413,9.319436,3.786416,4.899648,0.064149,2.946069
4.486462,3.455574,2.012522,3.313118,-0.446373,0.838796
13.750110,10.102108,3.785551,3.140238,0.187159,1.829673
6.584345,5.035593,1.679468,3.807424,-0.117027,0.654695
6.532405,4.550995,2.710249,0.464863,0.257965,0.959548
20.961040,8.901991,9.356220,11.367593,1.970963,2.971915
37.348454,15.201939,17.945074,22.940697,2.438895,3.975057
28.988245,15.124434,14.718171,18.065998,1.604706,3.465319
4.936634,3.855592,2.289007,2.195421,0.692070,0.214916
17.637991,12.456235,5.641098,8.048546,1.703684,1.998698
16.320396,11.639053,7.272403,12.734026,0.950993,2.647808
19.201912,13.595865,7.287686,14.633245,1.401640,1.378931
21.316889,15.456218,7.011252,8.449525,2.186026,8.935835
11.719030,8.195146,3.448929,9.620057,0.083830,0.440489
15.212871,10.902623,4.509957,5.221475,0.688914,1.679404
13.868621,10.073233,6.995124,11.616984,1.301468,1.117380
6.467232,4.877395,2.361211,2.124103,0.946931,3.328898
21.485613,14.151564,11.931649,20.646196,2.500581,2.882986
6.576913,4.418520,2.069236,1.890484,0.880419,1.178056
9.759151,6.572358,3.051088,3.922130,0.664798,2.395483
28.532070,19.566425,11.651248,19.754442,2.818876,5.491380
47.063103,20.775764,78.812775,109.707016,14.247260,30.710411
39.912308,15.254635,53.714413,92.633003,10.302368,17.979879
13.859406,9.732669,4.638329,4.636032,1.245290,1.027933
9.826754,6.992552,5.444289,4.082855,0.905499,1.246548
11.453733,7.794322,3.432171,4.022823,0.548129,0.343579
17.738888,12.114608,5.246922,4.918866,0.834460,2.047107
5.499391,4.121581,1.984406,1.139896,0.441474,0.818587
9.677545,6.828171,3.036462,2.549435,1.035239,-0.467240
8.234986,5.874402,2.198112,3.847400,0.392868,1.427374
12.653113,8.877704,3.301990,3.386709,1.043509,2.050450
16.164858,10.908689,6.076345,4.862314,0.905536,2.399740
32.784103,17.182838,16.594193,24.382858,1.615694,4.355819
9.224412,6.795135,4.071327,10.508096,0.612821,3.666165
11.701440,8.490167,2.984198,1.670443,0.535124,2.833981
48.581638,19.656727,15.060272,29.740683,4.079837,5.314641
89.959152,36.424747,66.589188,83.346359,12.425123,25.701204
83.448586,38.677090,102.868439,143.304886,18.486284,32.555519
5.264076,4.189819,2.228480,5.776219,0.878810,0.472428
6.097462,4.326126,1.836595,5.352421,0.035086,-0.183484
5.334348,3.782722,1.732596,-2.801655,0.227564,1.687079
9.669243,6.882750,2.057699,5.941198,1.568125,2.993447
6.297807,4.491195,2.442935,4.452923,-0.667751,-0.019250
12.217698,8.523774,4.274393,8.534308,0.713213,0.832153
10.717448,7.801800,2.950596,5.209458,0.637652,2.330878
11.508771,8.263860,2.822060,5.753800,-0.034482,0.786111
5.301557,4.050707,2.197989,2.819616,-0.392298,0.822113
6.424552,4.478327,2.488803,5.659803,0.804386,1.092456
15.973560,11.507280,3.591498,5.986945,0.384338,0.927312
7.999872,5.620971,2.549513,4.658312,0.645714,0.752234
11.571072,8.568786,3.060348,8.071068,0.752618,0.717543
16.134506,11.168462,4.557947,3.795792,0.738198,2.233493
11.503405,8.421017,2.848133,4.906362,0.418623,1.254786
12.102878,8.631192,4.210304,6.413729,0.411823,4.906512
8.300791,5.835037,3.026180,0.230912,0.073423,-0.067183
14.974642,10.595765,4.396326,3.320132,0.245275,1.034430
15.906715,11.240546,5.403087,8.167785,0.637854,2.582153
4.937356,3.635656,2.049591,0.656369,-0.095538,0.738642
14.400383,9.965184,6.365519,7.313175,0.770786,5.065725
105.914009,36.768642,82.418289,113.902763,14.446603,24.801455
8.685817,6.283299,3.468801,1.646497,0.349393,2.717565
10.260436,7.243925,3.061938,3.706342,1.177848,2.037221
8.902028,6.371529,2.781298,7.334459,0.160291,0.730483
8.666093,5.901403,2.803217,-0.320576,0.804237,2.550615
13.977889,8.911556,4.629838,1.993207,0.698538,1.471231
11.613898,8.506856,3.229271,4.732500,0.397269,0.128582
7.528390,5.174610,1.978983,4.999013,0.549654,1.718527
4.996736,3.850178,1.230758,2.212896,1.031387,1.064251
6.530724,5.124400,1.902622,1.918615,0.478268,0.398919
12.963105,9.715164,3.224779,3.603176,0.479928,-0.150335
7.446484,5.281850,2.245774,2.947088,0.217270,0.688613
11.731616,8.536946,5.121500,7.841940,0.939554,3.162894
6.822468,4.681061,4.419541,4.345792,0.744728,1.469993
5.867815,4.216729,2.044050,-1.283015,0.899042,-0.077484
14.537619,10.323307,4.143184,8.441209,0.766593,0.812143
4.337328,3.355554,1.480150,1.686672,-0.054982,-0.268469
11.777150,8.415193,3.106728,4.165561,0.323662,1.820260
6.750652,4.859354,3.208155,3.801986,0.791949,0.718553
4.840419,3.200553,1.448503,0.013278,-0.318728,1.762300
8.510545,5.912248,2.388647,3.572544,0.251373,1.298501
7.293695,5.185031,1.618299,4.539228,-0.768091,1.505109
9.210309,6.741825,2.979692,4.604910,0.385711,0.226571
7.730730,5.303014,2.891003,2.745796,0.104912,-0.727748
11.112914,8.144986,3.177167,6.352402,-0.491265,0.669102
